ros_time_sec,fx,fy,fz,mx,my,mz,ee_x,ee_y,ee_z,ee_qx,ee_qy,ee_qz,ee_qw,tag_visible,tag_id,tag_qx,tag_qy,tag_qz,tag_qw,tag_x,tag_y,tag_z,fw_contact,ft_trigger
1768333689.354001,-0.01061,-0.00212,-0.04864,0.00160,0.00056,0.00010,0.51713,0.00082,0.22803,-0.00052,0.70683,0.00055,0.70738,1,3,0.99962,0.01042,0.00851,-0.02392,0.06050,0.08370,0.63056,0,0
1768333689.355999,0.00712,-0.00629,-0.01846,0.00177,-0.00056,-0.00096,0.51713,0.00082,0.22803,-0.00052,0.70683,0.00055,0.70738,1,3,0.99962,0.01042,0.00851,-0.02392,0.06050,0.08370,0.63056,0,0
1768333689.357994,-0.01285,0.01514,0.01930,-0.00016,0.00019,-0.00011,0.51713,0.00082,0.22803,-0.00052,0.70683,0.00055,0.70738,1,3,0.99962,0.01042,0.00851,-0.02392,0.06050,0.08370,0.63056,0,0
1768333689.360007,0.01667,0.00669,-0.00349,-0.00026,0.00060,-0.00016,0.51713,0.00082,0.22803,-0.00052,0.70683,0.00055,0.70738,1,3,0.99962,0.01042,0.00851,-0.02392,0.06050,0.08370,0.63056,0,0
1768333689.362004,-0.00607,-0.00463,-0.02620,0.00179,0.00087,-0.00083,0.51713,0.00082,0.22803,-0.00052,0.70683,0.00055,0.70738,1,3,0.99962,0.01042,0.00851,-0.02392,0.06050,0.08370,0.63056,0,0
1768333689.364015,0.01723,-0.00738,0.01223,-0.00043,-0.00041,-0.00014,0.51713,0.00082,0.22803,-0.00052,0.70683,0.00055,0.70738,1,3,0.99962,0.01042,0.00851,-0.02392,0.06050,0.08370,0.63056,0,0
1768333689.365995,0.00327,0.00039,0.01220,0.00054,-0.00024,0.00028,0.51713,0.00082,0.22803,-0.00052,0.70683,0.00055,0.70738,1,3,0.99962,0.01042,0.00851,-0.02392,0.06050,0.08370,0.63056,0,0
1768333689.368010,0.01512,-0.01211,-0.01050,0.00148,0.00000,-0.00002,0.51713,0.00082,0.22803,-0.00052,0.70683,0.00055,0.70738,1,3,0.99962,0.01042,0.00851,-0.02392,0.06050,0.08370,0.63056,0,0
1768333689.369995,-0.00490,0.00987,-0.01080,-0.00000,0.00023,0.00040,0.51713,0.00082,0.22803,-0.00052,0.70683,0.00055,0.70738,1,3,0.99960,0.01032,0.00962,-0.02454,0.06048,0.08369,0.63043,0,0
1768333689.371990,0.01289,0.00079,-0.02581,-0.00011,-0.00125,-0.00016,0.51713,0.00082,0.22803,-0.00052,0.70683,0.00055,0.70738,1,3,0.99960,0.01032,0.00962,-0.02454,0.06048,0.08369,0.63043,0,0
1768333689.374009,0.01313,-0.00976,0.01226,-0.00046,-0.00036,-0.00027,0.51713,0.00082,0.22803,-0.00052,0.70683,0.00055,0.70738,1,3,0.99960,0.01032,0.00962,-0.02454,0.06048,0.08369,0.63043,0,0
1768333689.375991,-0.00453,-0.00027,0.00438,-0.00013,0.00073,-0.00013,0.51713,0.00082,0.22803,-0.00052,0.70683,0.00055,0.70738,1,3,0.99960,0.01032,0.00962,-0.02454,0.06048,0.08369,0.63043,0,0
1768333689.378001,0.00432,0.00007,-0.01092,-0.00012,0.00011,-0.00055,0.51713,0.00082,0.22803,-0.00052,0.70683,0.00055,0.70738,1,3,0.99960,0.01032,0.00962,-0.02454,0.06048,0.08369,0.63043,0,0
1768333689.380003,-0.00062,0.01715,-0.00360,0.00009,0.00042,-0.00001,0.51713,0.00082,0.22803,-0.00052,0.70683,0.00055,0.70738,1,3,0.99960,0.01032,0.00962,-0.02454,0.06048,0.08369,0.63043,0,0
1768333689.381999,-0.01457,-0.01385,-0.01831,0.00211,0.00047,-0.00094,0.51713,0.00082,0.22803,-0.00052,0.70683,0.00055,0.70738,1,3,0.99960,0.01032,0.00962,-0.02454,0.06048,0.08369,0.63043,0,0
1768333689.383993,0.00237,-0.01431,-0.04064,0.00145,-0.00009,0.00024,0.51713,0.00082,0.22803,-0.00052,0.70683,0.00055,0.70738,1,3,0.99960,0.01032,0.00962,-0.02454,0.06048,0.08369,0.63043,0,0
1768333689.385999,0.01980,-0.01279,0.04309,-0.00311,-0.00094,0.00043,0.51713,0.00082,0.22803,-0.00052,0.70683,0.00055,0.70738,1,3,0.99960,0.01032,0.00962,-0.02454,0.06048,0.08369,0.63043,0,0
1768333689.388014,-0.00052,0.00816,-0.01086,0.00041,-0.00059,-0.00014,0.51713,0.00082,0.22803,-0.00052,0.70683,0.00055,0.70738,1,3,0.99960,0.01032,0.00962,-0.02454,0.06048,0.08369,0.63043,0,0
1768333689.390041,0.00942,0.00184,-0.01097,-0.00119,0.00043,-0.00042,0.51713,0.00082,0.22803,-0.00052,0.70683,0.00055,0.70738,1,3,0.99960,0.01032,0.00962,-0.02454,0.06048,0.08369,0.63043,0,0
1768333689.392047,-0.00657,-0.00971,-0.01071,0.00194,0.00102,-0.00027,0.51713,0.00082,0.22803,-0.00052,0.70683,0.00055,0.70738,1,3,0.99960,0.01032,0.00962,-0.02454,0.06048,0.08369,0.63043,0,0
1768333689.394034,0.00788,-0.00700,0.01223,0.00045,-0.00030,-0.00013,0.51713,0.00082,0.22803,-0.00052,0.70683,0.00055,0.70738,1,3,0.99960,0.01032,0.00962,-0.02454,0.06048,0.08369,0.63043,0,0
1768333689.396039,0.01694,-0.00323,0.00449,-0.00060,0.00048,0.00012,0.51713,0.00082,0.22803,-0.00052,0.70683,0.00055,0.70738,1,3,0.99960,0.01032,0.00962,-0.02454,0.06048,0.08369,0.63043,0,0
1768333689.398008,0.00197,0.01743,0.01201,-0.00231,-0.00100,0.00042,0.51713,0.00082,0.22803,-0.00052,0.70683,0.00055,0.70738,1,3,0.99960,0.01032,0.00962,-0.02454,0.06048,0.08369,0.63043,0,0
1768333689.400014,0.00040,-0.00327,0.03490,-0.00103,0.00093,0.00016,0.51713,0.00082,0.22803,-0.00052,0.70683,0.00055,0.70738,1,3,0.99960,0.01032,0.00962,-0.02454,0.06048,0.08369,0.63043,0,0
1768333689.402010,0.00005,-0.01714,0.00502,-0.00033,-0.00006,0.00015,0.51713,0.00082,0.22803,-0.00052,0.70683,0.00055,0.70738,1,3,0.99960,0.01032,0.00962,-0.02454,0.06048,0.08369,0.63043,0,0
1768333689.404010,0.00365,0.00869,0.00420,-0.00045,0.00140,0.00040,0.51713,0.00082,0.22803,-0.00052,0.70683,0.00055,0.70738,1,3,0.99960,0.01032,0.00962,-0.02454,0.06048,0.08369,0.63043,0,0
1768333689.406028,-0.00064,-0.00135,-0.02599,0.00095,-0.00071,-0.00069,0.51713,0.00082,0.22803,-0.00052,0.70683,0.00055,0.70738,1,3,0.99960,0.01032,0.00962,-0.02454,0.06048,0.08369,0.63043,0,0
1768333689.408023,-0.00498,0.02464,-0.00378,0.00018,0.00047,-0.00001,0.51713,0.00082,0.22803,-0.00052,0.70683,0.00055,0.70738,1,3,0.99961,0.01032,0.00942,-0.02416,0.06049,0.08371,0.63062,0,0
1768333689.410028,-0.00101,-0.00109,-0.02580,0.00118,-0.00108,-0.00028,0.51713,0.00082,0.22803,-0.00052,0.70683,0.00055,0.70738,1,3,0.99961,0.01032,0.00942,-0.02416,0.06049,0.08371,0.63062,0,0
1768333689.412014,-0.01828,-0.01673,-0.01019,0.00099,0.00041,0.00015,0.51713,0.00082,0.22803,-0.00052,0.70683,0.00055,0.70738,1,3,0.99961,0.01032,0.00942,-0.02416,0.06049,0.08371,0.63062,0,0
1768333689.414036,-0.00320,-0.00306,-0.01849,0.00224,0.00187,0.00012,0.51713,0.00082,0.22803,-0.00052,0.70683,0.00055,0.70738,1,3,0.99961,0.01032,0.00942,-0.02416,0.06049,0.08371,0.63062,0,0
1768333689.416024,-0.00131,0.00722,-0.00311,0.00040,0.00045,0.00067,0.51713,0.00082,0.22803,-0.00052,0.70683,0.00055,0.70738,1,3,0.99961,0.01032,0.00942,-0.02416,0.06049,0.08371,0.63062,0,0
1768333689.418037,-0.00692,-0.00379,-0.04856,0.00245,-0.00024,-0.00003,0.51713,0.00082,0.22803,-0.00052,0.70683,0.00055,0.70738,1,3,0.99961,0.01032,0.00942,-0.02416,0.06049,0.08371,0.63062,0,0
1768333689.420041,-0.00875,0.00260,-0.01075,-0.00009,0.00028,0.00000,0.51713,0.00082,0.22803,-0.00052,0.70683,0.00055,0.70738,1,3,0.99961,0.01032,0.00942,-0.02416,0.06049,0.08371,0.63062,0,0
1768333689.422040,0.01178,0.01463,0.02692,0.00028,0.00015,0.00027,0.51713,0.00082,0.22803,-0.00052,0.70683,0.00055,0.70738,1,3,0.99961,0.01032,0.00942,-0.02416,0.06049,0.08371,0.63062,0,0
1768333689.424032,-0.01053,-0.01173,-0.02580,0.00192,0.00056,-0.00041,0.51713,0.00082,0.22803,-0.00052,0.70683,0.00055,0.70738,1,3,0.99961,0.01032,0.00942,-0.02416,0.06049,0.08371,0.63062,0,0
1768333689.426050,0.01276,-0.00082,0.01190,-0.00057,0.00078,-0.00014,0.51713,0.00082,0.22803,-0.00052,0.70683,0.00055,0.70738,1,3,0.99961,0.01032,0.00942,-0.02416,0.06049,0.08371,0.63062,0,0
1768333689.428031,0.01063,-0.01258,0.03548,-0.00246,-0.00070,0.00043,0.51713,0.00082,0.22803,-0.00052,0.70683,0.00055,0.70738,1,3,0.99961,0.01032,0.00942,-0.02416,0.06049,0.08371,0.63062,0,0
1768333689.430058,0.00799,-0.00245,-0.00302,0.00007,-0.00005,0.00013,0.51713,0.00082,0.22803,-0.00052,0.70683,0.00055,0.70738,1,3,0.99961,0.01032,0.00942,-0.02416,0.06049,0.08371,0.63062,0,0
1768333689.432040,-0.00925,0.00740,-0.01063,-0.00003,0.00029,0.00067,0.51713,0.00082,0.22803,-0.00052,0.70683,0.00055,0.70738,1,3,0.99961,0.01032,0.00942,-0.02416,0.06049,0.08371,0.63062,0,0
1768333689.434096,-0.00647,-0.00234,0.03554,-0.00255,-0.00088,0.00099,0.51713,0.00082,0.22803,-0.00052,0.70683,0.00055,0.70738,1,3,0.99961,0.01032,0.00942,-0.02416,0.06049,0.08371,0.63062,0,0
1768333689.436035,0.00591,-0.00974,0.05069,-0.00198,-0.00090,0.00058,0.51713,0.00082,0.22803,-0.00052,0.70683,0.00055,0.70738,1,3,0.99961,0.01032,0.00942,-0.02416,0.06049,0.08371,0.63062,0,0
1768333689.438057,0.01894,-0.00684,0.02781,-0.00195,-0.00182,0.00029,0.51713,0.00082,0.22803,-0.00052,0.70683,0.00055,0.70738,1,3,0.99961,0.01032,0.00942,-0.02416,0.06049,0.08371,0.63062,0,0
1768333689.440059,-0.00816,0.00295,0.01195,-0.00031,-0.00012,-0.00038,0.51713,0.00082,0.22803,-0.00052,0.70683,0.00055,0.70738,1,3,0.99961,0.01032,0.00942,-0.02416,0.06049,0.08371,0.63062,0,0
1768333689.442080,0.00811,-0.00277,0.01973,-0.00015,0.00033,0.00014,0.51713,0.00082,0.22803,-0.00052,0.70683,0.00055,0.70738,1,3,0.99961,0.01032,0.00942,-0.02416,0.06049,0.08371,0.63062,0,0
1768333689.444063,0.02197,-0.00036,0.01220,-0.00122,-0.00047,0.00026,0.51713,0.00082,0.22803,-0.00052,0.70683,0.00055,0.70738,1,3,0.99961,0.01032,0.00942,-0.02416,0.06049,0.08371,0.63062,0,0
1768333689.446075,0.00601,0.00967,0.01990,-0.00241,-0.00078,0.00082,0.51713,0.00082,0.22803,-0.00052,0.70683,0.00055,0.70738,1,3,0.99962,0.01035,0.00883,-0.02414,0.06048,0.08369,0.63051,0,0
1768333689.448042,0.00278,0.02468,0.00358,0.00105,0.00062,-0.00041,0.51713,0.00082,0.22803,-0.00052,0.70683,0.00055,0.70738,1,3,0.99962,0.01035,0.00883,-0.02414,0.06048,0.08369,0.63051,0,0
1768333689.450047,-0.00275,0.00040,0.02017,-0.00186,-0.00105,0.00070,0.51713,0.00082,0.22803,-0.00052,0.70683,0.00055,0.70738,1,3,0.99962,0.01035,0.00883,-0.02414,0.06048,0.08369,0.63051,0,0
1768333689.452060,0.00773,-0.01739,-0.01787,0.00032,0.00022,0.00012,0.51713,0.00082,0.22803,-0.00052,0.70683,0.00055,0.70738,1,3,0.99962,0.01035,0.00883,-0.02414,0.06048,0.08369,0.63051,0,0
1768333689.454075,-0.01328,-0.01947,0.02779,0.00030,0.00047,0.00004,0.51713,0.00082,0.22803,-0.00052,0.70683,0.00055,0.70738,1,3,0.99962,0.01035,0.00883,-0.02414,0.06048,0.08369,0.63051,0,0
1768333689.456056,-0.00480,0.02447,-0.01138,-0.00004,0.00059,-0.00001,0.51713,0.00082,0.22803,-0.00052,0.70683,0.00055,0.70738,1,3,0.99962,0.01035,0.00883,-0.02414,0.06048,0.08369,0.63051,0,0
1768333689.458063,-0.00508,0.00523,0.02702,0.00060,0.00035,-0.00024,0.51713,0.00082,0.22803,-0.00052,0.70683,0.00055,0.70738,1,3,0.99962,0.01035,0.00883,-0.02414,0.06048,0.08369,0.63051,0,0
1768333689.460059,-0.00532,0.02569,-0.00364,0.00085,-0.00067,-0.00000,0.51713,0.00082,0.22803,-0.00052,0.70683,0.00055,0.70738,1,3,0.99962,0.01035,0.00883,-0.02414,0.06048,0.08369,0.63051,0,0
1768333689.462088,-0.01086,-0.02195,-0.04829,0.00201,0.00096,-0.00016,0.51713,0.00082,0.22803,-0.00052,0.70683,0.00055,0.70738,1,3,0.99962,0.01035,0.00883,-0.02414,0.06048,0.08369,0.63051,0,0
1768333689.464052,-0.00486,0.00433,-0.02590,-0.00029,0.00087,0.00052,0.51713,0.00082,0.22803,-0.00052,0.70683,0.00055,0.70738,1,3,0.99962,0.01035,0.00883,-0.02414,0.06048,0.08369,0.63051,0,0
1768333689.466088,0.00478,0.01473,0.01186,-0.00103,-0.00027,0.00027,0.51713,0.00082,0.22803,-0.00052,0.70683,0.00055,0.70738,1,3,0.99962,0.01035,0.00883,-0.02414,0.06048,0.08369,0.63051,0,0
1768333689.468071,0.01128,0.00281,0.03507,-0.00271,-0.00149,0.00003,0.51713,0.00082,0.22803,-0.00052,0.70683,0.00055,0.70738,1,3,0.99962,0.01035,0.00883,-0.02414,0.06048,0.08369,0.63051,0,0
1768333689.470091,-0.01283,-0.01478,-0.00241,-0.00052,0.00022,0.00069,0.51713,0.00082,0.22803,-0.00052,0.70683,0.00055,0.70738,1,3,0.99962,0.01035,0.00883,-0.02414,0.06048,0.08369,0.63051,0,0
1768333689.472075,-0.01906,-0.03673,-0.04011,0.00162,0.00095,0.00026,0.51713,0.00082,0.22803,-0.00052,0.70683,0.00055,0.70738,1,3,0.99962,0.01035,0.00883,-0.02414,0.06048,0.08369,0.63051,0,0
1768333689.474076,0.00431,0.01485,-0.04149,-0.00038,-0.00014,-0.00017,0.51714,0.00082,0.22803,-0.00052,0.70683,0.00055,0.70738,1,3,0.99962,0.01035,0.00883,-0.02414,0.06048,0.08369,0.63051,0,0
1768333689.476072,0.03695,-0.00059,-0.06394,0.00053,-0.00014,0.00018,0.51714,0.00082,0.22803,-0.00052,0.70683,0.00055,0.70738,1,3,0.99962,0.01035,0.00883,-0.02414,0.06048,0.08369,0.63051,0,0
1768333689.478070,0.00140,-0.02418,-0.06330,0.00243,0.00031,0.00009,0.51714,0.00082,0.22803,-0.00052,0.70683,0.00055,0.70738,1,3,0.99964,0.01045,0.00846,-0.02305,0.06051,0.08372,0.63075,0,0
1768333689.480062,-0.01702,-0.00178,-0.07880,-0.00015,-0.00037,0.00009,0.51714,0.00082,0.22803,-0.00052,0.70683,0.00055,0.70738,1,3,0.99964,0.01045,0.00846,-0.02305,0.06051,0.08372,0.63075,0,0
1768333689.482116,-0.02697,-0.04345,-0.03167,-0.00262,-0.00135,0.00070,0.51715,0.00082,0.22803,-0.00052,0.70683,0.00054,0.70739,1,3,0.99964,0.01045,0.00846,-0.02305,0.06051,0.08372,0.63075,0,0
1768333689.484079,0.02069,-0.06927,-0.06231,0.00057,0.00011,-0.00032,0.51717,0.00082,0.22804,-0.00052,0.70682,0.00055,0.70740,1,3,0.99964,0.01045,0.00846,-0.02305,0.06051,0.08372,0.63075,0,0
1768333689.486103,0.01441,-0.02451,-0.00245,-0.00151,-0.00087,-0.00027,0.51717,0.00082,0.22804,-0.00052,0.70682,0.00055,0.70740,1,3,0.99964,0.01045,0.00846,-0.02305,0.06051,0.08372,0.63075,0,0
1768333689.488076,0.02115,-0.01911,-0.07087,0.00009,-0.00133,-0.00007,0.51719,0.00082,0.22805,-0.00052,0.70681,0.00055,0.70741,1,3,0.99964,0.01045,0.00846,-0.02305,0.06051,0.08372,0.63075,0,0
1768333689.490079,-0.01412,0.00576,-0.01850,0.00126,0.00008,-0.00027,0.51719,0.00082,0.22805,-0.00052,0.70681,0.00055,0.70741,1,3,0.99964,0.01045,0.00846,-0.02305,0.06051,0.08372,0.63075,0,0
1768333689.492115,-0.01737,0.08298,0.00278,0.00001,-0.00146,0.00027,0.51721,0.00082,0.22806,-0.00052,0.70679,0.00055,0.70742,1,3,0.99964,0.01045,0.00846,-0.02305,0.06051,0.08372,0.63075,0,0
1768333689.494091,-0.00129,0.09106,-0.00536,0.00011,0.00038,0.00037,0.51721,0.00082,0.22806,-0.00052,0.70679,0.00055,0.70742,1,3,0.99964,0.01045,0.00846,-0.02305,0.06051,0.08372,0.63075,0,0
1768333689.496169,0.01953,0.02378,-0.10254,0.00061,0.00069,0.00029,0.51723,0.00082,0.22805,-0.00052,0.70679,0.00055,0.70743,1,3,0.99964,0.01045,0.00846,-0.02305,0.06051,0.08372,0.63075,0,0
1768333689.498099,0.03205,-0.17126,-0.08253,0.00174,0.00121,0.00022,0.51723,0.00082,0.22805,-0.00052,0.70679,0.00055,0.70743,1,3,0.99964,0.01045,0.00846,-0.02305,0.06051,0.08372,0.63075,0,0
1768333689.500103,-0.00547,-0.19755,-0.05120,0.00142,0.00117,0.00042,0.51723,0.00082,0.22805,-0.00052,0.70679,0.00055,0.70743,1,3,0.99964,0.01045,0.00846,-0.02305,0.06051,0.08372,0.63075,0,0
1768333689.502078,-0.02097,-0.00366,-0.03329,0.00005,-0.00072,-0.00040,0.51728,0.00082,0.22808,-0.00052,0.70676,0.00055,0.70746,1,3,0.99964,0.01045,0.00846,-0.02305,0.06051,0.08372,0.63075,0,0
1768333689.504088,0.02111,0.16734,-0.06794,-0.00137,-0.00084,0.00042,0.51728,0.00082,0.22808,-0.00052,0.70676,0.00055,0.70746,1,3,0.99964,0.01045,0.00846,-0.02305,0.06051,0.08372,0.63075,0,0
1768333689.506111,-0.00910,0.04708,-0.01966,0.00023,0.00037,-0.00042,0.51732,0.00082,0.22810,-0.00052,0.70672,0.00055,0.70749,1,3,0.99964,0.01045,0.00846,-0.02305,0.06051,0.08372,0.63075,0,0
1768333689.508080,-0.00541,-0.09302,0.00690,0.00137,0.00006,0.00004,0.51732,0.00082,0.22810,-0.00052,0.70672,0.00055,0.70749,1,3,0.99964,0.01045,0.00846,-0.02305,0.06051,0.08372,0.63075,0,0
1768333689.510105,-0.02771,-0.06977,-0.01653,0.00274,-0.00008,-0.00037,0.51736,0.00082,0.22812,-0.00052,0.70670,0.00055,0.70751,1,3,0.99964,0.01045,0.00846,-0.02305,0.06051,0.08372,0.63075,0,0
1768333689.512085,0.01438,0.07167,0.00997,0.00184,0.00032,-0.00030,0.51736,0.00082,0.22812,-0.00052,0.70670,0.00055,0.70751,1,3,0.99965,0.01017,0.00709,-0.02349,0.06053,0.08374,0.63088,0,0
1768333689.514088,0.03100,0.14736,0.02362,-0.00248,-0.00095,0.00022,0.51740,0.00082,0.22814,-0.00052,0.70667,0.00055,0.70754,1,3,0.99965,0.01017,0.00709,-0.02349,0.06053,0.08374,0.63088,0,0
1768333689.516134,0.01987,0.05823,0.04082,0.00015,0.00090,0.00026,0.51740,0.00082,0.22814,-0.00052,0.70667,0.00055,0.70754,1,3,0.99965,0.01017,0.00709,-0.02349,0.06053,0.08374,0.63088,0,0
1768333689.518111,-0.01856,-0.02614,0.02060,0.00131,-0.00008,0.00045,0.51744,0.00082,0.22816,-0.00052,0.70664,0.00055,0.70757,1,3,0.99965,0.01017,0.00709,-0.02349,0.06053,0.08374,0.63088,0,0
1768333689.520136,-0.00426,-0.06344,0.02901,0.00020,-0.00036,0.00005,0.51748,0.00082,0.22819,-0.00052,0.70661,0.00055,0.70760,1,3,0.99965,0.01017,0.00709,-0.02349,0.06053,0.08374,0.63088,0,0
1768333689.522155,-0.00150,0.04457,0.04170,-0.00308,-0.00111,0.00030,0.51748,0.00082,0.22819,-0.00052,0.70661,0.00055,0.70760,1,3,0.99965,0.01017,0.00709,-0.02349,0.06053,0.08374,0.63088,0,0
1768333689.524129,0.01354,0.06445,-0.04271,-0.00109,-0.00106,-0.00033,0.51752,0.00082,0.22820,-0.00052,0.70659,0.00055,0.70762,1,3,0.99965,0.01017,0.00709,-0.02349,0.06053,0.08374,0.63088,0,0
1768333689.526111,-0.03036,0.08450,0.01022,-0.00019,0.00010,0.00042,0.51752,0.00082,0.22820,-0.00052,0.70659,0.00055,0.70762,1,3,0.99965,0.01017,0.00709,-0.02349,0.06053,0.08374,0.63088,0,0
1768333689.528099,0.00665,0.03267,-0.01155,0.00137,-0.00031,-0.00003,0.51756,0.00082,0.22822,-0.00052,0.70657,0.00055,0.70764,1,3,0.99965,0.01017,0.00709,-0.02349,0.06053,0.08374,0.63088,0,0
1768333689.530121,0.03324,-0.01807,0.00479,0.00010,0.00030,0.00011,0.51756,0.00082,0.22822,-0.00052,0.70657,0.00055,0.70764,1,3,0.99965,0.01017,0.00709,-0.02349,0.06053,0.08374,0.63088,0,0
1768333689.532134,0.05428,-0.05696,-0.00960,-0.00037,0.00186,0.00049,0.51760,0.00082,0.22824,-0.00052,0.70654,0.00055,0.70767,1,3,0.99965,0.01017,0.00709,-0.02349,0.06053,0.08374,0.63088,0,0
1768333689.534143,-0.01524,-0.03698,0.09683,-0.00188,0.00013,0.00038,0.51760,0.00082,0.22824,-0.00052,0.70654,0.00055,0.70767,1,3,0.99965,0.01017,0.00709,-0.02349,0.06053,0.08374,0.63088,0,0
1768333689.536111,-0.03370,0.04378,-0.01136,-0.00025,-0.00136,0.00015,0.51760,0.00082,0.22824,-0.00052,0.70654,0.00055,0.70767,1,3,0.99965,0.01017,0.00709,-0.02349,0.06053,0.08374,0.63088,0,0
1768333689.538101,0.01623,0.02661,-0.01147,-0.00002,0.00034,0.00010,0.51764,0.00082,0.22825,-0.00052,0.70652,0.00055,0.70769,1,3,0.99965,0.01017,0.00709,-0.02349,0.06053,0.08374,0.63088,0,0
1768333689.540140,0.01392,-0.02632,-0.07847,0.00284,-0.00035,-0.00007,0.51764,0.00082,0.22825,-0.00052,0.70652,0.00055,0.70769,1,3,0.99965,0.01017,0.00709,-0.02349,0.06053,0.08374,0.63088,0,0
1768333689.542118,0.02949,-0.04063,-0.02522,-0.00018,0.00086,-0.00031,0.51768,0.00082,0.22827,-0.00052,0.70651,0.00055,0.70771,1,3,0.99965,0.01017,0.00709,-0.02349,0.06053,0.08374,0.63088,0,0
1768333689.544130,-0.00988,-0.06670,-0.02418,0.00104,0.00099,0.00028,0.51768,0.00082,0.22827,-0.00052,0.70651,0.00055,0.70771,1,3,0.99962,0.01029,0.00881,-0.02389,0.06048,0.08370,0.63052,0,0
1768333689.546161,-0.00260,-0.00455,-0.01833,-0.00127,-0.00044,-0.00081,0.51772,0.00082,0.22828,-0.00052,0.70649,0.00055,0.70772,1,3,0.99962,0.01029,0.00881,-0.02389,0.06048,0.08370,0.63052,0,0
1768333689.548140,-0.02658,-0.04037,-0.07780,0.00135,-0.00061,-0.00002,0.51772,0.00082,0.22828,-0.00052,0.70649,0.00055,0.70772,1,3,0.99962,0.01029,0.00881,-0.02389,0.06048,0.08370,0.63052,0,0
1768333689.550130,-0.00111,0.00781,-0.03356,0.00063,-0.00019,0.00024,0.51776,0.00082,0.22829,-0.00052,0.70647,0.00055,0.70774,1,3,0.99962,0.01029,0.00881,-0.02389,0.06048,0.08370,0.63052,0,0
1768333689.552135,0.02084,-0.00506,0.05030,-0.00018,-0.00032,0.00043,0.51781,0.00082,0.22830,-0.00052,0.70646,0.00055,0.70776,1,3,0.99962,0.01029,0.00881,-0.02389,0.06048,0.08370,0.63052,0,0
1768333689.554121,0.02342,-0.00840,0.00448,0.00109,0.00117,0.00025,0.51781,0.00082,0.22830,-0.00052,0.70646,0.00055,0.70776,1,3,0.99962,0.01029,0.00881,-0.02389,0.06048,0.08370,0.63052,0,0
1768333689.556165,0.03632,-0.00588,0.02727,0.00090,0.00063,0.00039,0.51785,0.00082,0.22832,-0.00052,0.70644,0.00055,0.70778,1,3,0.99962,0.01029,0.00881,-0.02389,0.06048,0.08370,0.63052,0,0
1768333689.558139,-0.00926,0.01246,0.00421,0.00025,0.00040,0.00014,0.51785,0.00082,0.22832,-0.00052,0.70644,0.00055,0.70778,1,3,0.99962,0.01029,0.00881,-0.02389,0.06048,0.08370,0.63052,0,0
1768333689.560134,-0.01746,0.02246,0.00425,-0.00029,0.00012,0.00069,0.51789,0.00082,0.22833,-0.00052,0.70642,0.00055,0.70779,1,3,0.99962,0.01029,0.00881,-0.02389,0.06048,0.08370,0.63052,0,0
1768333689.562116,-0.01284,0.03995,0.03395,-0.00029,-0.00009,0.00003,0.51789,0.00082,0.22833,-0.00052,0.70642,0.00055,0.70779,1,3,0.99962,0.01029,0.00881,-0.02389,0.06048,0.08370,0.63052,0,0
1768333689.564129,0.03336,0.03988,0.03348,-0.00073,0.00164,0.00011,0.51789,0.00082,0.22833,-0.00052,0.70642,0.00055,0.70779,1,3,0.99962,0.01029,0.00881,-0.02389,0.06048,0.08370,0.63052,0,0
1768333689.566124,0.05319,0.04273,-0.00455,0.00062,0.00090,0.00020,0.51794,0.00082,0.22835,-0.00052,0.70640,0.00055,0.70782,1,3,0.99962,0.01029,0.00881,-0.02389,0.06048,0.08370,0.63052,0,0
1768333689.568123,0.00200,0.05919,-0.01224,0.00125,0.00049,0.00024,0.51794,0.00082,0.22835,-0.00052,0.70640,0.00055,0.70782,1,3,0.99962,0.01029,0.00881,-0.02389,0.06048,0.08370,0.63052,0,0
1768333689.570130,-0.02192,0.03531,0.02673,0.00009,-0.00022,0.00057,0.51798,0.00082,0.22836,-0.00052,0.70638,0.00055,0.70783,1,3,0.99962,0.01029,0.00881,-0.02389,0.06048,0.08370,0.63052,0,0
1768333689.572116,-0.02495,0.07791,-0.00475,-0.00071,-0.00124,0.00001,0.51798,0.00082,0.22836,-0.00052,0.70638,0.00055,0.70783,1,3,0.99962,0.01029,0.00881,-0.02389,0.06048,0.08370,0.63052,0,0
1768333689.574167,-0.00605,0.06334,-0.03511,0.00043,0.00135,0.00049,0.51802,0.00082,0.22837,-0.00052,0.70637,0.00055,0.70784,1,3,0.99962,0.01029,0.00881,-0.02389,0.06048,0.08370,0.63052,0,0
1768333689.576151,-0.00028,0.12958,-0.05211,-0.00117,0.00109,0.00005,0.51802,0.00082,0.22837,-0.00052,0.70637,0.00055,0.70784,1,3,0.99962,0.01029,0.00881,-0.02389,0.06048,0.08370,0.63052,0,0
1768333689.578152,-0.00488,0.10861,-0.00582,-0.00033,0.00002,0.00010,0.51806,0.00082,0.22837,-0.00052,0.70637,0.00055,0.70784,1,3,0.99964,0.01046,0.00795,-0.02347,0.06049,0.08370,0.63059,0,0
1768333689.580174,-0.02937,-0.00400,0.01982,-0.00017,0.00002,-0.00036,0.51806,0.00082,0.22837,-0.00052,0.70637,0.00055,0.70784,1,3,0.99964,0.01046,0.00795,-0.02347,0.06049,0.08370,0.63059,0,0
1768333689.582165,0.05972,-0.16142,0.01596,-0.00011,-0.00004,0.00000,0.51810,0.00082,0.22835,-0.00052,0.70640,0.00055,0.70781,1,3,0.99964,0.01046,0.00795,-0.02347,0.06049,0.08370,0.63059,0,0
1768333689.584139,0.03327,-0.25487,0.01821,0.00138,0.00112,-0.00022,0.51815,0.00082,0.22832,-0.00052,0.70644,0.00055,0.70777,1,3,0.99964,0.01046,0.00795,-0.02347,0.06049,0.08370,0.63059,0,0
1768333689.586143,0.03391,-0.09688,0.02175,0.00024,0.00047,-0.00053,0.51815,0.00082,0.22832,-0.00052,0.70644,0.00055,0.70777,1,3,0.99964,0.01046,0.00795,-0.02347,0.06049,0.08370,0.63059,0,0
1768333689.588154,0.00335,0.04406,0.04116,0.00020,0.00073,-0.00012,0.51819,0.00082,0.22831,-0.00052,0.70646,0.00055,0.70775,1,3,0.99964,0.01046,0.00795,-0.02347,0.06049,0.08370,0.63059,0,0
1768333689.590170,0.00035,0.17396,-0.03801,-0.00195,0.00079,0.00005,0.51819,0.00082,0.22831,-0.00052,0.70646,0.00055,0.70775,1,3,0.99964,0.01046,0.00795,-0.02347,0.06049,0.08370,0.63059,0,0
1768333689.592143,0.02027,0.15727,-0.03006,-0.00040,0.00006,-0.00009,0.51823,0.00082,0.22830,-0.00052,0.70647,0.00055,0.70775,1,3,0.99964,0.01046,0.00795,-0.02347,0.06049,0.08370,0.63059,0,0
1768333689.594161,0.01208,0.04455,-0.02692,-0.00002,-0.00051,0.00023,0.51823,0.00082,0.22830,-0.00052,0.70647,0.00055,0.70775,1,3,0.99964,0.01046,0.00795,-0.02347,0.06049,0.08370,0.63059,0,0
1768333689.596148,0.02824,-0.00615,0.01985,0.00025,0.00086,0.00079,0.51827,0.00082,0.22829,-0.00052,0.70648,0.00055,0.70773,1,3,0.99964,0.01046,0.00795,-0.02347,0.06049,0.08370,0.63059,0,0
1768333689.598164,0.01601,-0.06766,0.02884,0.00037,0.00131,0.00029,0.51827,0.00082,0.22829,-0.00052,0.70648,0.00055,0.70773,1,3,0.99964,0.01046,0.00795,-0.02347,0.06049,0.08370,0.63059,0,0
1768333689.600166,0.02112,-0.03533,0.02041,-0.00033,0.00058,0.00001,0.51827,0.00082,0.22829,-0.00052,0.70648,0.00055,0.70773,1,3,0.99964,0.01046,0.00795,-0.02347,0.06049,0.08370,0.63059,0,0
1768333689.602178,0.01717,-0.04238,0.01327,-0.00063,0.00001,0.00041,0.51832,0.00082,0.22828,-0.00052,0.70649,0.00055,0.70772,1,3,0.99964,0.01046,0.00795,-0.02347,0.06049,0.08370,0.63059,0,0
1768333689.604159,-0.03199,-0.01380,-0.01796,0.00211,0.00070,-0.00012,0.51832,0.00082,0.22828,-0.00052,0.70649,0.00055,0.70772,1,3,0.99964,0.01046,0.00795,-0.02347,0.06049,0.08370,0.63059,0,0
1768333689.606174,-0.01321,0.07857,0.01025,-0.00070,0.00066,0.00054,0.51836,0.00082,0.22828,-0.00052,0.70651,0.00055,0.70771,1,3,0.99964,0.01046,0.00795,-0.02347,0.06049,0.08370,0.63059,0,0
1768333689.608161,-0.02294,0.08012,-0.03570,0.00150,-0.00000,-0.00070,0.51836,0.00082,0.22828,-0.00052,0.70651,0.00055,0.70771,1,3,0.99964,0.01046,0.00795,-0.02347,0.06049,0.08370,0.63059,0,0
1768333689.610162,-0.01481,0.05407,-0.03484,0.00097,0.00108,0.00037,0.51840,0.00082,0.22827,-0.00052,0.70651,0.00055,0.70770,1,3,0.99964,0.01046,0.00795,-0.02347,0.06049,0.08370,0.63059,0,0
1768333689.612202,0.00377,-0.00023,0.04251,-0.00012,0.00038,0.00030,0.51840,0.00082,0.22827,-0.00052,0.70651,0.00055,0.70770,1,3,0.99962,0.01036,0.00910,-0.02375,0.06048,0.08369,0.63054,0,0
1768333689.614172,-0.01770,-0.06052,0.03663,0.00089,-0.00033,0.00020,0.51844,0.00082,0.22826,-0.00052,0.70653,0.00055,0.70769,1,3,0.99962,0.01036,0.00910,-0.02375,0.06048,0.08369,0.63054,0,0
1768333689.616179,0.04127,-0.01812,0.01252,0.00032,0.00008,0.00051,0.51844,0.00082,0.22826,-0.00052,0.70653,0.00055,0.70769,1,3,0.99962,0.01036,0.00910,-0.02375,0.06048,0.08369,0.63054,0,0
1768333689.618180,0.01487,-0.02709,-0.01758,0.00152,0.00015,0.00038,0.51849,0.00082,0.22825,-0.00052,0.70654,0.00055,0.70767,1,3,0.99962,0.01036,0.00910,-0.02375,0.06048,0.08369,0.63054,0,0
1768333689.620223,0.03347,0.01583,-0.01105,-0.00080,0.00053,0.00076,0.51853,0.00082,0.22824,-0.00052,0.70655,0.00055,0.70766,1,3,0.99962,0.01036,0.00910,-0.02375,0.06048,0.08369,0.63054,0,0
1768333689.622166,-0.00064,0.01708,-0.04917,0.00009,0.00042,-0.00004,0.51853,0.00082,0.22824,-0.00052,0.70655,0.00055,0.70766,1,3,0.99962,0.01036,0.00910,-0.02375,0.06048,0.08369,0.63054,0,0
1768333689.624161,-0.00827,0.00815,0.00457,-0.00046,-0.00074,0.00028,0.51857,0.00082,0.22823,-0.00052,0.70657,0.00055,0.70765,1,3,0.99962,0.01036,0.00910,-0.02375,0.06048,0.08369,0.63054,0,0
1768333689.626186,0.00455,0.00067,0.01197,-0.00011,-0.00065,-0.00053,0.51857,0.00082,0.22823,-0.00052,0.70657,0.00055,0.70765,1,3,0.99962,0.01036,0.00910,-0.02375,0.06048,0.08369,0.63054,0,0
1768333689.628190,0.00586,-0.02903,0.02836,-0.00156,-0.00127,0.00030,0.51861,0.00082,0.22822,-0.00052,0.70658,0.00055,0.70764,1,3,0.99962,0.01036,0.00910,-0.02375,0.06048,0.08369,0.63054,0,0
1768333689.630190,-0.00447,-0.00588,0.02761,-0.00085,0.00113,0.00084,0.51861,0.00082,0.22822,-0.00052,0.70658,0.00055,0.70764,1,3,0.99962,0.01036,0.00910,-0.02375,0.06048,0.08369,0.63054,0,0
1768333689.632209,0.00339,-0.05452,0.00583,0.00053,0.00069,0.00015,0.51861,0.00082,0.22822,-0.00052,0.70658,0.00055,0.70764,1,3,0.99962,0.01036,0.00910,-0.02375,0.06048,0.08369,0.63054,0,0
1768333689.634184,-0.01412,-0.02896,-0.04055,0.00149,0.00049,-0.00055,0.51865,0.00082,0.22821,-0.00052,0.70659,0.00055,0.70762,1,3,0.99962,0.01036,0.00910,-0.02375,0.06048,0.08369,0.63054,0,0
1768333689.636204,-0.02161,0.01567,-0.01082,0.00007,-0.00033,0.00028,0.51865,0.00082,0.22821,-0.00052,0.70659,0.00055,0.70762,1,3,0.99962,0.01036,0.00910,-0.02375,0.06048,0.08369,0.63054,0,0
1768333689.638179,-0.00127,-0.01183,0.01257,0.00083,-0.00018,0.00042,0.51865,0.00082,0.22821,-0.00052,0.70659,0.00055,0.70762,1,3,0.99962,0.01036,0.00910,-0.02375,0.06048,0.08369,0.63054,0,0
1768333689.640183,-0.03403,0.01887,0.01174,0.00032,-0.00058,-0.00036,0.51869,0.00082,0.22820,-0.00052,0.70660,0.00055,0.70761,1,3,0.99962,0.01036,0.00910,-0.02375,0.06048,0.08369,0.63054,0,0
1768333689.642191,0.02477,0.01189,0.01152,0.00024,0.00024,-0.00029,0.51874,0.00082,0.22820,-0.00052,0.70661,0.00055,0.70760,1,3,0.99959,0.01036,0.01071,-0.02455,0.06047,0.08367,0.63035,0,0
1768333689.644190,0.02139,-0.00970,-0.01072,-0.00002,-0.00047,-0.00070,0.51874,0.00082,0.22820,-0.00052,0.70661,0.00055,0.70760,1,3,0.99959,0.01036,0.01071,-0.02455,0.06047,0.08367,0.63035,0,0
1768333689.646192,0.00147,-0.01833,0.03538,0.00272,-0.00059,0.00003,0.51878,0.00082,0.22819,-0.00052,0.70662,0.00055,0.70759,1,3,0.99959,0.01036,0.01071,-0.02455,0.06047,0.08367,0.63035,0,0
1768333689.648194,0.01129,-0.00952,0.00474,0.00108,-0.00021,0.00013,0.51878,0.00082,0.22819,-0.00052,0.70662,0.00055,0.70759,1,3,0.99959,0.01036,0.01071,-0.02455,0.06047,0.08367,0.63035,0,0
1768333689.650204,-0.00116,0.01268,0.01940,0.00069,0.00005,0.00015,0.51882,0.00082,0.22818,-0.00052,0.70663,0.00055,0.70758,1,3,0.99959,0.01036,0.01071,-0.02455,0.06047,0.08367,0.63035,0,0
1768333689.652198,0.02561,0.02196,-0.02637,-0.00073,-0.00065,0.00022,0.51886,0.00082,0.22817,-0.00052,0.70664,0.00055,0.70757,1,3,0.99959,0.01036,0.01071,-0.02455,0.06047,0.08367,0.63035,0,0
1768333689.654194,0.01163,-0.01555,0.00478,0.00035,0.00094,0.00026,0.51886,0.00082,0.22817,-0.00052,0.70664,0.00055,0.70757,1,3,0.99959,0.01036,0.01071,-0.02455,0.06047,0.08367,0.63035,0,0
1768333689.656198,-0.00850,0.02742,-0.01127,-0.00044,-0.00012,0.00013,0.51890,0.00082,0.22817,-0.00052,0.70665,0.00055,0.70756,1,3,0.99959,0.01036,0.01071,-0.02455,0.06047,0.08367,0.63035,0,0
1768333689.658195,-0.01172,-0.00941,0.04312,-0.00133,-0.00056,0.00059,0.51890,0.00082,0.22817,-0.00052,0.70665,0.00055,0.70756,1,3,0.99959,0.01036,0.01071,-0.02455,0.06047,0.08367,0.63035,0,0
1768333689.660183,-0.02525,-0.00097,-0.04086,0.00008,-0.00092,-0.00027,0.51895,0.00082,0.22816,-0.00052,0.70666,0.00055,0.70755,1,3,0.99959,0.01036,0.01071,-0.02455,0.06047,0.08367,0.63035,0,0
1768333689.662219,0.00393,-0.01899,-0.00251,0.00030,-0.00075,0.00000,0.51895,0.00082,0.22816,-0.00052,0.70666,0.00055,0.70755,1,3,0.99959,0.01036,0.01071,-0.02455,0.06047,0.08367,0.63035,0,0
1768333689.664214,0.02385,-0.00865,-0.03332,0.00043,0.00105,0.00062,0.51895,0.00082,0.22816,-0.00052,0.70666,0.00055,0.70755,1,3,0.99959,0.01036,0.01071,-0.02455,0.06047,0.08367,0.63035,0,0
1768333689.666214,-0.00570,-0.01003,-0.05626,0.00107,0.00101,-0.00031,0.51899,0.00082,0.22815,-0.00052,0.70667,0.00055,0.70754,1,3,0.99959,0.01036,0.01071,-0.02455,0.06047,0.08367,0.63035,0,0
1768333689.668214,-0.01266,0.00999,0.01188,-0.00044,0.00032,0.00002,0.51899,0.00082,0.22815,-0.00052,0.70667,0.00055,0.70754,1,3,0.99959,0.01036,0.01071,-0.02455,0.06047,0.08367,0.63035,0,0
1768333689.670225,-0.00866,-0.01213,0.00502,-0.00027,0.00004,0.00042,0.51899,0.00082,0.22815,-0.00052,0.70667,0.00055,0.70754,1,3,0.99959,0.01036,0.01071,-0.02455,0.06047,0.08367,0.63035,0,0
1768333689.672215,-0.01047,-0.00159,-0.03372,0.00204,0.00029,-0.00069,0.51903,0.00082,0.22814,-0.00052,0.70668,0.00055,0.70753,1,3,0.99959,0.01036,0.01071,-0.02455,0.06047,0.08367,0.63035,0,0
1768333689.674212,-0.01437,-0.04264,-0.02465,0.00198,-0.00089,-0.00013,0.51903,0.00082,0.22814,-0.00052,0.70668,0.00055,0.70753,1,3,0.99959,0.01036,0.01071,-0.02455,0.06047,0.08367,0.63035,0,0
1768333689.676213,0.01741,0.00604,-0.01113,-0.00114,0.00110,-0.00016,0.51907,0.00082,0.22813,-0.00052,0.70670,0.00055,0.70752,1,3,0.99959,0.01036,0.01071,-0.02455,0.06047,0.08367,0.63035,0,0
1768333689.678216,0.02181,-0.00157,0.03514,-0.00188,0.00069,0.00109,0.51911,0.00082,0.22812,-0.00052,0.70670,0.00055,0.70751,1,3,0.99959,0.01036,0.01071,-0.02455,0.06047,0.08367,0.63035,0,0
1768333689.680267,0.00748,0.02227,-0.00361,0.00037,-0.00006,0.00025,0.51911,0.00082,0.22812,-0.00052,0.70670,0.00055,0.70751,1,3,0.99959,0.01029,0.00856,-0.02514,0.06050,0.08369,0.63049,0,0
1768333689.682221,0.00453,0.01962,0.01183,-0.00097,-0.00027,0.00054,0.51915,0.00082,0.22812,-0.00052,0.70671,0.00055,0.70750,1,3,0.99959,0.01029,0.00856,-0.02514,0.06050,0.08369,0.63049,0,0
1768333689.684230,-0.00045,0.00344,-0.00322,0.00058,-0.00072,-0.00040,0.51915,0.00082,0.22812,-0.00052,0.70671,0.00055,0.70750,1,3,0.99959,0.01029,0.00856,-0.02514,0.06050,0.08369,0.63049,0,0
1768333689.686237,0.00272,0.02156,-0.01133,0.00189,-0.00141,-0.00069,0.51915,0.00082,0.22812,-0.00052,0.70671,0.00055,0.70750,1,3,0.99959,0.01029,0.00856,-0.02514,0.06050,0.08369,0.63049,0,0
1768333689.688236,0.00119,0.05465,-0.01965,0.00207,0.00025,0.00037,0.51923,0.00082,0.22811,-0.00052,0.70672,0.00055,0.70749,1,3,0.99959,0.01029,0.00856,-0.02514,0.06050,0.08369,0.63049,0,0
1768333689.690215,0.00216,-0.01477,-0.00294,0.00167,0.00079,-0.00014,0.51923,0.00082,0.22811,-0.00052,0.70672,0.00055,0.70749,1,3,0.99959,0.01029,0.00856,-0.02514,0.06050,0.08369,0.63049,0,0
1768333689.692240,-0.00501,-0.01447,0.01240,0.00058,0.00024,-0.00012,0.51928,0.00082,0.22811,-0.00052,0.70673,0.00055,0.70748,1,3,0.99959,0.01029,0.00856,-0.02514,0.06050,0.08369,0.63049,0,0
1768333689.694205,0.01502,0.01668,-0.01120,0.00096,0.00075,0.00037,0.51928,0.00082,0.22811,-0.00052,0.70673,0.00055,0.70748,1,3,0.99959,0.01029,0.00856,-0.02514,0.06050,0.08369,0.63049,0,0
1768333689.696234,-0.01620,0.06373,-0.00445,-0.00044,-0.00210,-0.00040,0.51932,0.00082,0.22811,-0.00052,0.70673,0.00055,0.70748,1,3,0.99959,0.01029,0.00856,-0.02514,0.06050,0.08369,0.63049,0,0
1768333689.698230,-0.01789,0.05327,0.00312,0.00096,-0.00068,-0.00053,0.51932,0.00082,0.22811,-0.00052,0.70673,0.00055,0.70748,1,3,0.99959,0.01029,0.00856,-0.02514,0.06050,0.08369,0.63049,0,0
1768333689.700286,0.01069,-0.00002,-0.05612,0.00119,0.00006,0.00062,0.51936,0.00082,0.22810,-0.00052,0.70674,0.00055,0.70747,1,3,0.99959,0.01029,0.00856,-0.02514,0.06050,0.08369,0.63049,0,0
1768333689.702232,0.01099,-0.05989,-0.01709,0.00134,0.00136,-0.00015,0.51936,0.00082,0.22810,-0.00052,0.70674,0.00055,0.70747,1,3,0.99959,0.01029,0.00856,-0.02514,0.06050,0.08369,0.63049,0,0
1768333689.704310,0.00304,-0.00013,0.00432,0.00075,0.00064,-0.00014,0.51936,0.00082,0.22810,-0.00052,0.70674,0.00055,0.70747,1,3,0.99959,0.01029,0.00856,-0.02514,0.06050,0.08369,0.63049,0,0
1768333689.706228,0.04126,-0.00827,-0.02565,0.00022,-0.00005,0.00062,0.51936,0.00082,0.22810,-0.00052,0.70674,0.00055,0.70747,1,3,0.99959,0.01029,0.00856,-0.02514,0.06050,0.08369,0.63049,0,0
1768333689.708239,-0.00547,0.01284,0.02716,-0.00281,-0.00117,-0.00024,0.51940,0.00082,0.22809,-0.00052,0.70675,0.00055,0.70746,1,3,0.99959,0.01029,0.00856,-0.02514,0.06050,0.08369,0.63049,0,0
1768333689.710245,0.00358,-0.03005,-0.01718,-0.00026,0.00030,0.00107,0.51940,0.00082,0.22809,-0.00052,0.70675,0.00055,0.70746,1,3,0.99959,0.01029,0.00856,-0.02514,0.06050,0.08369,0.63049,0,0
1768333689.712243,-0.00071,0.00629,0.01939,-0.00026,0.00158,0.00028,0.51944,0.00082,0.22809,-0.00052,0.70676,0.00055,0.70746,1,3,0.99959,0.01029,0.00856,-0.02514,0.06050,0.08369,0.63049,0,0
1768333689.714231,0.00453,0.01962,0.01183,-0.00097,-0.00027,0.00054,0.51944,0.00082,0.22809,-0.00052,0.70676,0.00055,0.70746,1,3,0.99959,0.01029,0.00856,-0.02514,0.06050,0.08369,0.63049,0,0
1768333689.716260,0.03677,-0.01038,-0.05598,0.00063,-0.00025,0.00046,0.51948,0.00082,0.22809,-0.00052,0.70676,0.00055,0.70745,1,3,0.99959,0.01008,0.00979,-0.02497,0.06047,0.08367,0.63029,0,0
1768333689.718230,0.00244,-0.04882,-0.04747,0.00169,0.00006,-0.00003,0.51948,0.00082,0.22809,-0.00052,0.70676,0.00055,0.70745,1,3,0.99959,0.01008,0.00979,-0.02497,0.06047,0.08367,0.63029,0,0
1768333689.720237,-0.00403,0.00894,0.02708,-0.00110,0.00111,0.00043,0.51952,0.00082,0.22808,-0.00052,0.70677,0.00055,0.70745,1,3,0.99959,0.01008,0.00979,-0.02497,0.06047,0.08367,0.63029,0,0
1768333689.722232,0.01074,-0.01529,0.00476,0.00122,0.00095,0.00026,0.51952,0.00082,0.22808,-0.00052,0.70677,0.00055,0.70745,1,3,0.99959,0.01008,0.00979,-0.02497,0.06047,0.08367,0.63029,0,0
1768333689.724272,0.01257,0.00060,-0.00309,0.00011,-0.00087,-0.00015,0.51956,0.00082,0.22808,-0.00052,0.70677,0.00055,0.70744,1,3,0.99959,0.01008,0.00979,-0.02497,0.06047,0.08367,0.63029,0,0
1768333689.726248,0.01510,-0.01209,-0.04105,0.00170,0.00012,-0.00045,0.51956,0.00082,0.22808,-0.00052,0.70677,0.00055,0.70744,1,3,0.99959,0.01008,0.00979,-0.02497,0.06047,0.08367,0.63029,0,0
1768333689.728268,-0.02103,0.01101,-0.01073,-0.00021,-0.00072,0.00001,0.51960,0.00082,0.22807,-0.00052,0.70678,0.00055,0.70743,1,3,0.99959,0.01008,0.00979,-0.02497,0.06047,0.08367,0.63029,0,0
1768333689.730250,0.01911,-0.00187,0.05006,-0.00167,-0.00146,-0.00064,0.51965,0.00083,0.22807,-0.00052,0.70678,0.00055,0.70743,1,3,0.99959,0.01008,0.00979,-0.02497,0.06047,0.08367,0.63029,0,0
1768333689.732257,-0.01240,0.00004,-0.00293,-0.00078,0.00020,0.00028,0.51965,0.00083,0.22807,-0.00052,0.70678,0.00055,0.70743,1,3,0.99959,0.01008,0.00979,-0.02497,0.06047,0.08367,0.63029,0,0
1768333689.734262,0.00601,0.00539,0.04967,0.00082,0.00289,0.00069,0.51969,0.00083,0.22807,-0.00052,0.70679,0.00055,0.70743,1,3,0.99959,0.01008,0.00979,-0.02497,0.06047,0.08367,0.63029,0,0
1768333689.736264,0.02558,0.01264,0.00428,-0.00040,-0.00116,0.00011,0.51969,0.00083,0.22807,-0.00052,0.70679,0.00055,0.70743,1,3,0.99959,0.01008,0.00979,-0.02497,0.06047,0.08367,0.63029,0,0
1768333689.738248,0.00788,0.00296,0.01187,0.00057,-0.00031,-0.00040,0.51969,0.00083,0.22807,-0.00052,0.70679,0.00055,0.70743,1,3,0.99959,0.01008,0.00979,-0.02497,0.06047,0.08367,0.63029,0,0
1768333689.740263,-0.00412,0.03478,0.00391,-0.00079,-0.00043,0.00054,0.51973,0.00083,0.22806,-0.00052,0.70679,0.00055,0.70742,1,3,0.99959,0.01008,0.00979,-0.02497,0.06047,0.08367,0.63029,0,0
1768333689.742272,-0.00484,-0.01540,0.02764,-0.00009,0.00113,0.00030,0.51973,0.00083,0.22806,-0.00052,0.70679,0.00055,0.70742,1,3,0.99959,0.01008,0.00979,-0.02497,0.06047,0.08367,0.63029,0,0
1768333689.744247,0.01476,-0.00818,-0.03347,0.00131,0.00115,0.00023,0.51977,0.00083,0.22806,-0.00052,0.70680,0.00055,0.70742,1,3,0.99959,0.01008,0.00979,-0.02497,0.06047,0.08367,0.63029,0,0
1768333689.746254,0.01303,-0.03555,0.00523,-0.00077,0.00093,0.00000,0.51977,0.00083,0.22806,-0.00052,0.70680,0.00055,0.70742,1,3,0.99959,0.01008,0.00979,-0.02497,0.06047,0.08367,0.63029,0,0
1768333689.748277,-0.00908,0.02719,0.00384,-0.00001,0.00039,0.00014,0.51981,0.00083,0.22806,-0.00052,0.70680,0.00055,0.70741,1,3,0.99964,0.01034,0.00732,-0.02349,0.06051,0.08372,0.63075,0,0
1768333689.750311,0.02440,0.01211,-0.01108,0.00047,-0.00013,0.00010,0.51981,0.00083,0.22806,-0.00052,0.70680,0.00055,0.70741,1,3,0.99964,0.01034,0.00732,-0.02349,0.06051,0.08372,0.63075,0,0
1768333689.752267,-0.01747,0.01259,-0.01093,0.00003,0.00038,0.00014,0.51986,0.00083,0.22806,-0.00052,0.70680,0.00055,0.70741,1,3,0.99964,0.01034,0.00732,-0.02349,0.06051,0.08372,0.63075,0,0
1768333689.754283,0.01521,0.02144,-0.01122,0.00058,0.00075,0.00064,0.51990,0.00083,0.22805,-0.00052,0.70681,0.00055,0.70740,1,3,0.99964,0.01034,0.00732,-0.02349,0.06051,0.08372,0.63075,0,0
1768333689.756284,-0.01727,-0.02240,-0.02505,-0.00039,0.00067,0.00068,0.51990,0.00083,0.22805,-0.00052,0.70681,0.00055,0.70740,1,3,0.99964,0.01034,0.00732,-0.02349,0.06051,0.08372,0.63075,0,0
1768333689.758284,-0.03007,0.02089,0.02683,0.00035,-0.00012,-0.00022,0.51993,0.00083,0.22805,-0.00052,0.70681,0.00055,0.70740,1,3,0.99964,0.01034,0.00732,-0.02349,0.06051,0.08372,0.63075,0,0
1768333689.760272,0.00989,-0.00433,0.01209,0.00245,0.00006,-0.00000,0.51993,0.00083,0.22805,-0.00052,0.70681,0.00055,0.70740,1,3,0.99964,0.01034,0.00732,-0.02349,0.06051,0.08372,0.63075,0,0
1768333689.762282,0.01904,-0.01947,-0.01033,0.00183,-0.00004,-0.00002,0.51998,0.00083,0.22804,-0.00052,0.70682,0.00055,0.70739,1,3,0.99964,0.01034,0.00732,-0.02349,0.06051,0.08372,0.63075,0,0
1768333689.764281,-0.00130,-0.03657,-0.04040,0.00140,0.00034,-0.00056,0.51998,0.00083,0.22804,-0.00052,0.70682,0.00055,0.70739,1,3,0.99964,0.01034,0.00732,-0.02349,0.06051,0.08372,0.63075,0,0
1768333689.766268,-0.02759,-0.02198,-0.04031,0.00136,0.00105,0.00067,0.52002,0.00083,0.22804,-0.00052,0.70682,0.00055,0.70739,1,3,0.99964,0.01034,0.00732,-0.02349,0.06051,0.08372,0.63075,0,0
1768333689.768268,-0.01336,0.02999,0.03409,0.00024,0.00031,-0.00010,0.52002,0.00083,0.22804,-0.00052,0.70682,0.00055,0.70739,1,3,0.99964,0.01034,0.00732,-0.02349,0.06051,0.08372,0.63075,0,0
1768333689.770264,0.01111,0.06374,0.01051,0.00044,0.00038,0.00052,0.52002,0.00083,0.22804,-0.00052,0.70682,0.00055,0.70739,1,3,0.99964,0.01034,0.00732,-0.02349,0.06051,0.08372,0.63075,0,0
1768333689.772288,0.03121,0.03769,-0.04219,0.00230,-0.00087,-0.00021,0.52006,0.00083,0.22804,-0.00052,0.70682,0.00055,0.70739,1,3,0.99964,0.01034,0.00732,-0.02349,0.06051,0.08372,0.63075,0,0
1768333689.774270,0.04433,0.03384,0.01855,0.00139,0.00025,0.00009,0.52006,0.00083,0.22804,-0.00052,0.70682,0.00055,0.70739,1,3,0.99964,0.01034,0.00732,-0.02349,0.06051,0.08372,0.63075,0,0
1768333689.776275,0.01557,0.01825,-0.06443,0.00141,-0.00105,-0.00047,0.52010,0.00083,0.22804,-0.00052,0.70683,0.00055,0.70739,1,3,0.99964,0.01034,0.00732,-0.02349,0.06051,0.08372,0.63075,0,0
1768333689.778269,-0.01037,-0.01275,-0.02558,0.00103,0.00133,0.00039,0.52010,0.00083,0.22804,-0.00052,0.70683,0.00055,0.70739,1,3,0.99964,0.01034,0.00732,-0.02349,0.06051,0.08372,0.63075,0,0
1768333689.780288,-0.00398,0.01407,-0.00344,-0.00104,0.00085,0.00027,0.52014,0.00083,0.22804,-0.00052,0.70683,0.00055,0.70738,1,3,0.99963,0.01034,0.00746,-0.02402,0.06049,0.08371,0.63061,0,0
1768333689.782284,-0.00323,-0.01865,0.03562,-0.00078,-0.00130,0.00004,0.52014,0.00083,0.22804,-0.00052,0.70683,0.00055,0.70738,1,3,0.99963,0.01034,0.00746,-0.02402,0.06049,0.08371,0.63061,0,0
1768333689.784304,-0.01789,0.00360,-0.01841,0.00101,-0.00025,-0.00040,0.52018,0.00083,0.22803,-0.00052,0.70683,0.00055,0.70738,1,3,0.99963,0.01034,0.00746,-0.02402,0.06049,0.08371,0.63061,0,0
1768333689.786295,0.02020,0.02496,0.02679,0.00040,-0.00072,0.00040,0.52018,0.00083,0.22803,-0.00052,0.70683,0.00055,0.70738,1,3,0.99963,0.01034,0.00746,-0.02402,0.06049,0.08371,0.63061,0,0
1768333689.788304,0.01606,0.01763,-0.03412,0.00075,-0.00042,-0.00045,0.52022,0.00083,0.22803,-0.00052,0.70683,0.00055,0.70738,1,3,0.99963,0.01034,0.00746,-0.02402,0.06049,0.08371,0.63061,0,0
1768333689.790339,-0.01754,0.01731,-0.01856,-0.00013,0.00051,0.00040,0.52026,0.00083,0.22803,-0.00052,0.70683,0.00055,0.70738,1,3,0.99963,0.01034,0.00746,-0.02402,0.06049,0.08371,0.63061,0,0
1768333689.792300,-0.01547,0.02885,-0.02682,0.00154,0.00212,0.00025,0.52026,0.00083,0.22803,-0.00052,0.70683,0.00055,0.70738,1,3,0.99963,0.01034,0.00746,-0.02402,0.06049,0.08371,0.63061,0,0
1768333689.794299,-0.01219,-0.00922,0.00478,-0.00045,-0.00031,-0.00025,0.52030,0.00083,0.22803,-0.00052,0.70684,0.00055,0.70738,1,3,0.99963,0.01034,0.00746,-0.02402,0.06049,0.08371,0.63061,0,0
1768333689.796301,0.01221,-0.00034,0.01193,0.00009,0.00040,-0.00014,0.52030,0.00083,0.22803,-0.00052,0.70684,0.00055,0.70738,1,3,0.99963,0.01034,0.00746,-0.02402,0.06049,0.08371,0.63061,0,0
1768333689.798292,0.01575,-0.02228,-0.00271,0.00092,0.00025,-0.00015,0.52035,0.00083,0.22803,-0.00052,0.70684,0.00055,0.70737,1,3,0.99963,0.01034,0.00746,-0.02402,0.06049,0.08371,0.63061,0,0
1768333689.800324,0.00386,0.02914,0.01136,-0.00042,0.00049,0.00027,0.52035,0.00083,0.22803,-0.00052,0.70684,0.00055,0.70737,1,3,0.99963,0.01034,0.00746,-0.02402,0.06049,0.08371,0.63061,0,0
1768333689.802296,-0.01362,-0.00474,0.02720,0.00069,0.00084,-0.00037,0.52035,0.00083,0.22803,-0.00052,0.70684,0.00055,0.70737,1,3,0.99963,0.01034,0.00746,-0.02402,0.06049,0.08371,0.63061,0,0
1768333689.804313,0.00631,-0.02219,-0.06351,0.00179,0.00063,-0.00019,0.52039,0.00083,0.22803,-0.00052,0.70684,0.00055,0.70737,1,3,0.99963,0.01034,0.00746,-0.02402,0.06049,0.08371,0.63061,0,0
1768333689.806302,0.00797,-0.01683,0.01279,0.00011,-0.00066,0.00055,0.52039,0.00083,0.22803,-0.00052,0.70684,0.00055,0.70737,1,3,0.99963,0.01034,0.00746,-0.02402,0.06049,0.08371,0.63061,0,0
1768333689.808289,-0.01267,0.02485,-0.00368,-0.00048,0.00018,0.00000,0.52043,0.00083,0.22803,-0.00052,0.70684,0.00055,0.70737,1,3,0.99963,0.01034,0.00746,-0.02402,0.06049,0.08371,0.63061,0,0
1768333689.810296,-0.02346,0.03331,0.02683,-0.00190,-0.00135,0.00004,0.52043,0.00083,0.22803,-0.00052,0.70684,0.00055,0.70737,1,3,0.99963,0.01034,0.00746,-0.02402,0.06049,0.08371,0.63061,0,0
1768333689.812305,-0.00373,0.05383,-0.00450,-0.00122,0.00043,-0.00001,0.52047,0.00083,0.22802,-0.00052,0.70685,0.00055,0.70736,1,3,0.99959,0.01032,0.01035,-0.02445,0.06047,0.08367,0.63036,0,0
1768333689.814297,0.01464,-0.00983,0.01201,0.00064,0.00306,0.00066,0.52047,0.00083,0.22802,-0.00052,0.70685,0.00055,0.70736,1,3,0.99959,0.01032,0.01035,-0.02445,0.06047,0.08367,0.63036,0,0
1768333689.816306,0.01584,-0.03693,0.02807,0.00096,0.00014,-0.00012,0.52051,0.00083,0.22802,-0.00052,0.70685,0.00055,0.70736,1,3,0.99959,0.01032,0.01035,-0.02445,0.06047,0.08367,0.63036,0,0
1768333689.818313,-0.01920,-0.03836,0.02109,-0.00168,-0.00121,0.00019,0.52051,0.00083,0.22802,-0.00052,0.70685,0.00055,0.70736,1,3,0.99959,0.01032,0.01035,-0.02445,0.06047,0.08367,0.63036,0,0
1768333689.820333,0.01013,-0.02431,-0.04794,0.00199,-0.00004,0.00050,0.52055,0.00083,0.22802,-0.00052,0.70685,0.00055,0.70736,1,3,0.99959,0.01032,0.01035,-0.02445,0.06047,0.08367,0.63036,0,0
1768333689.822327,0.00793,0.03576,0.00344,-0.00056,0.00132,0.00025,0.52059,0.00083,0.22802,-0.00052,0.70685,0.00055,0.70736,1,3,0.99959,0.01032,0.01035,-0.02445,0.06047,0.08367,0.63036,0,0
1768333689.824330,-0.01781,-0.00737,-0.01079,0.00066,0.00115,-0.00053,0.52059,0.00083,0.22802,-0.00052,0.70685,0.00055,0.70736,1,3,0.99959,0.01032,0.01035,-0.02445,0.06047,0.08367,0.63036,0,0
1768333689.826316,0.00356,-0.01996,-0.01028,0.00029,0.00053,-0.00001,0.52063,0.00083,0.22802,-0.00052,0.70686,0.00055,0.70736,1,3,0.99959,0.01032,0.01035,-0.02445,0.06047,0.08367,0.63036,0,0
1768333689.828346,-0.00202,-0.02361,0.02812,-0.00172,-0.00156,-0.00023,0.52063,0.00083,0.22802,-0.00052,0.70686,0.00055,0.70736,1,3,0.99959,0.01032,0.01035,-0.02445,0.06047,0.08367,0.63036,0,0
1768333689.830323,0.02026,0.00898,-0.01876,0.00021,0.00081,-0.00004,0.52067,0.00083,0.22801,-0.00052,0.70686,0.00055,0.70735,1,3,0.99959,0.01032,0.01035,-0.02445,0.06047,0.08367,0.63036,0,0
1768333689.832312,0.01570,0.03077,0.01874,0.00004,0.00136,0.00039,0.52067,0.00083,0.22801,-0.00052,0.70686,0.00055,0.70735,1,3,0.99959,0.01032,0.01035,-0.02445,0.06047,0.08367,0.63036,0,0
1768333689.834320,-0.00485,-0.02050,-0.00999,-0.00037,0.00102,0.00081,0.52067,0.00083,0.22801,-0.00052,0.70686,0.00055,0.70735,1,3,0.99959,0.01032,0.01035,-0.02445,0.06047,0.08367,0.63036,0,0
1768333689.836311,-0.00697,-0.03871,-0.03250,0.00247,0.00029,0.00012,0.52071,0.00083,0.22801,-0.00052,0.70686,0.00055,0.70735,1,3,0.99959,0.01032,0.01035,-0.02445,0.06047,0.08367,0.63036,0,0
1768333689.838325,-0.00132,0.00863,0.00434,0.00129,-0.00084,-0.00013,0.52071,0.00083,0.22801,-0.00052,0.70686,0.00055,0.70735,1,3,0.99959,0.01032,0.01035,-0.02445,0.06047,0.08367,0.63036,0,0
1768333689.840318,0.02172,0.02525,0.01140,-0.00047,-0.00126,-0.00042,0.52075,0.00083,0.22801,-0.00052,0.70687,0.00055,0.70735,1,3,0.99959,0.01032,0.01035,-0.02445,0.06047,0.08367,0.63036,0,0
1768333689.842316,0.00895,0.01607,-0.00369,-0.00124,0.00107,-0.00002,0.52075,0.00083,0.22801,-0.00052,0.70687,0.00055,0.70735,1,3,0.99959,0.01032,0.01035,-0.02445,0.06047,0.08367,0.63036,0,0
1768333689.844332,-0.00772,-0.01416,0.03515,-0.00182,0.00219,0.00044,0.52079,0.00083,0.22800,-0.00052,0.70687,0.00055,0.70734,1,3,0.99959,0.01032,0.01035,-0.02445,0.06047,0.08367,0.63036,0,0
1768333689.846359,0.01236,-0.01990,-0.00248,-0.00014,-0.00008,0.00040,0.52079,0.00083,0.22800,-0.00052,0.70687,0.00055,0.70734,1,3,0.99964,0.01029,0.00799,-0.02354,0.06052,0.08372,0.63075,0,0
1768333689.848351,0.01661,-0.04683,0.00571,0.00019,-0.00024,0.00014,0.52083,0.00083,0.22800,-0.00052,0.70687,0.00055,0.70734,1,3,0.99964,0.01029,0.00799,-0.02354,0.06052,0.08372,0.63075,0,0
1768333689.850350,-0.00127,-0.00064,0.02018,0.00118,-0.00183,0.00056,0.52083,0.00083,0.22800,-0.00052,0.70687,0.00055,0.70734,1,3,0.99964,0.01029,0.00799,-0.02354,0.06052,0.08372,0.63075,0,0
1768333689.852342,0.02158,0.05818,-0.01222,-0.00138,0.00025,0.00022,0.52083,0.00083,0.22800,-0.00052,0.70687,0.00055,0.70734,1,3,0.99964,0.01029,0.00799,-0.02354,0.06052,0.08372,0.63075,0,0
1768333689.854346,-0.01135,0.07097,0.01782,0.00139,0.00165,0.00054,0.52091,0.00083,0.22801,-0.00052,0.70687,0.00055,0.70734,1,3,0.99964,0.01029,0.00799,-0.02354,0.06052,0.08372,0.63075,0,0
1768333689.856368,0.03415,0.02005,0.03427,-0.00162,0.00128,0.00066,0.52091,0.00083,0.22801,-0.00052,0.70687,0.00055,0.70734,1,3,0.99964,0.01029,0.00799,-0.02354,0.06052,0.08372,0.63075,0,0
1768333689.858366,0.01660,0.05116,0.00298,-0.00037,0.00044,-0.00016,0.52095,0.00083,0.22800,-0.00052,0.70687,0.00055,0.70734,1,3,0.99964,0.01029,0.00799,-0.02354,0.06052,0.08372,0.63075,0,0
1768333689.860337,0.01065,-0.03275,-0.00211,0.00232,-0.00158,0.00000,0.52095,0.00083,0.22800,-0.00052,0.70687,0.00055,0.70734,1,3,0.99964,0.01029,0.00799,-0.02354,0.06052,0.08372,0.63075,0,0
1768333689.862345,-0.00088,0.00842,-0.01066,0.00064,-0.00096,0.00026,0.52100,0.00083,0.22801,-0.00052,0.70687,0.00055,0.70735,1,3,0.99964,0.01029,0.00799,-0.02354,0.06052,0.08372,0.63075,0,0
1768333689.864339,0.00371,-0.00957,0.01982,0.00042,0.00000,-0.00025,0.52100,0.00083,0.22801,-0.00052,0.70687,0.00055,0.70735,1,3,0.99964,0.01029,0.00799,-0.02354,0.06052,0.08372,0.63075,0,0
1768333689.866357,-0.00360,0.08186,0.00247,-0.00241,0.00181,0.00079,0.52100,0.00083,0.22801,-0.00052,0.70687,0.00055,0.70735,1,3,0.99964,0.01029,0.00799,-0.02354,0.06052,0.08372,0.63075,0,0
1768333689.868361,0.00223,0.05351,-0.01216,0.00075,0.00125,0.00037,0.52104,0.00083,0.22800,-0.00052,0.70687,0.00055,0.70734,1,3,0.99964,0.01029,0.00799,-0.02354,0.06052,0.08372,0.63075,0,0
1768333689.870371,-0.00802,0.00821,-0.01836,-0.00046,-0.00075,-0.00014,0.52104,0.00083,0.22800,-0.00052,0.70687,0.00055,0.70734,1,3,0.99964,0.01029,0.00799,-0.02354,0.06052,0.08372,0.63075,0,0
1768333689.872373,0.01162,-0.04896,0.00571,0.00103,-0.00018,0.00001,0.52108,0.00083,0.22800,-0.00052,0.70687,0.00055,0.70734,1,3,0.99964,0.01029,0.00799,-0.02354,0.06052,0.08372,0.63075,0,0
1768333689.874357,0.01256,-0.00442,-0.02570,0.00004,-0.00086,-0.00003,0.52108,0.00083,0.22800,-0.00052,0.70687,0.00055,0.70734,1,3,0.99964,0.01029,0.00799,-0.02354,0.06052,0.08372,0.63075,0,0
1768333689.876357,-0.00813,0.02218,-0.01128,-0.00073,0.00025,-0.00014,0.52112,0.00083,0.22800,-0.00052,0.70687,0.00055,0.70734,1,3,0.99964,0.01029,0.00799,-0.02354,0.06052,0.08372,0.63075,0,0
1768333689.878388,-0.01891,-0.01268,-0.01074,0.00147,0.00193,-0.00040,0.52112,0.00083,0.22800,-0.00052,0.70687,0.00055,0.70734,1,3,0.99962,0.01022,0.00778,-0.02441,0.06050,0.08369,0.63050,0,0
1768333689.880358,-0.01175,0.04522,0.01112,-0.00110,-0.00087,-0.00012,0.52116,0.00083,0.22800,-0.00052,0.70687,0.00055,0.70734,1,3,0.99962,0.01022,0.00778,-0.02441,0.06050,0.08369,0.63050,0,0
1768333689.882366,0.03370,-0.00753,-0.01063,0.00001,-0.00061,-0.00017,0.52120,0.00083,0.22800,-0.00052,0.70688,0.00055,0.70734,1,3,0.99962,0.01022,0.00778,-0.02441,0.06050,0.08369,0.63050,0,0
1768333689.884366,0.01803,-0.03130,-0.00240,-0.00050,-0.00130,-0.00068,0.52120,0.00083,0.22800,-0.00052,0.70688,0.00055,0.70734,1,3,0.99962,0.01022,0.00778,-0.02441,0.06050,0.08369,0.63050,0,0
1768333689.886364,0.02137,0.02493,-0.05702,-0.00026,-0.00087,-0.00047,0.52124,0.00083,0.22800,-0.00052,0.70687,0.00055,0.70734,1,3,0.99962,0.01022,0.00778,-0.02441,0.06050,0.08369,0.63050,0,0
1768333689.888429,-0.01172,-0.00325,-0.01816,0.00181,0.00198,0.00093,0.52124,0.00083,0.22800,-0.00052,0.70687,0.00055,0.70734,1,3,0.99962,0.01022,0.00778,-0.02441,0.06050,0.08369,0.63050,0,0
1768333689.890358,0.01652,0.05587,-0.00465,-0.00053,0.00057,0.00010,0.52128,0.00083,0.22800,-0.00052,0.70688,0.00055,0.70734,1,3,0.99962,0.01022,0.00778,-0.02441,0.06050,0.08369,0.63050,0,0
1768333689.892354,0.00758,-0.01289,-0.04073,0.00016,0.00061,0.00037,0.52128,0.00083,0.22800,-0.00052,0.70688,0.00055,0.70734,1,3,0.99962,0.01022,0.00778,-0.02441,0.06050,0.08369,0.63050,0,0
1768333689.894382,0.01179,-0.02300,0.00518,0.00135,-0.00173,-0.00026,0.52132,0.00083,0.22800,-0.00052,0.70688,0.00055,0.70734,1,3,0.99962,0.01022,0.00778,-0.02441,0.06050,0.08369,0.63050,0,0
1768333689.896377,-0.01684,-0.01117,0.01261,-0.00004,-0.00076,0.00003,0.52132,0.00083,0.22800,-0.00052,0.70688,0.00055,0.70734,1,3,0.99962,0.01022,0.00778,-0.02441,0.06050,0.08369,0.63050,0,0
1768333689.898466,-0.00945,-0.00308,0.03520,-0.00016,0.00106,0.00098,0.52132,0.00083,0.22800,-0.00052,0.70688,0.00055,0.70734,1,3,0.99962,0.01022,0.00778,-0.02441,0.06050,0.08369,0.63050,0,0
1768333689.900401,0.01201,0.03248,0.04145,-0.00082,0.00216,0.00054,0.52136,0.00083,0.22800,-0.00052,0.70688,0.00055,0.70733,1,3,0.99962,0.01022,0.00778,-0.02441,0.06050,0.08369,0.63050,0,0
1768333689.902369,0.01972,-0.00174,0.00422,0.00030,0.00197,0.00025,0.52136,0.00083,0.22800,-0.00052,0.70688,0.00055,0.70733,1,3,0.99962,0.01022,0.00778,-0.02441,0.06050,0.08369,0.63050,0,0
1768333689.904377,0.00920,-0.00244,-0.01070,-0.00081,-0.00032,-0.00028,0.52140,0.00083,0.22800,-0.00052,0.70688,0.00055,0.70733,1,3,0.99962,0.01022,0.00778,-0.02441,0.06050,0.08369,0.63050,0,0
1768333689.906379,-0.01589,-0.01980,0.01288,-0.00014,-0.00229,-0.00050,0.52140,0.00083,0.22800,-0.00052,0.70688,0.00055,0.70733,1,3,0.99962,0.01022,0.00778,-0.02441,0.06050,0.08369,0.63050,0,0
1768333689.908375,0.00362,0.02496,-0.00391,0.00040,-0.00002,-0.00042,0.52144,0.00083,0.22800,-0.00052,0.70688,0.00055,0.70733,1,3,0.99962,0.01022,0.00778,-0.02441,0.06050,0.08369,0.63050,0,0
1768333689.910376,-0.01243,0.01422,0.01937,-0.00104,0.00095,0.00029,0.52144,0.00083,0.22800,-0.00052,0.70688,0.00055,0.70733,1,3,0.99962,0.01022,0.00778,-0.02441,0.06050,0.08369,0.63050,0,0
1768333689.912378,0.00230,0.00909,-0.02640,0.00108,0.00154,-0.00003,0.52148,0.00083,0.22800,-0.00052,0.70688,0.00055,0.70734,1,3,0.99962,0.01022,0.00778,-0.02441,0.06050,0.08369,0.63050,0,0
1768333689.914481,0.01209,-0.01080,0.02015,-0.00047,0.00068,0.00095,0.52148,0.00083,0.22800,-0.00052,0.70688,0.00055,0.70734,1,3,0.99962,0.01021,0.00851,-0.02394,0.06049,0.08369,0.63055,0,0
1768333689.916513,0.01460,-0.00435,0.05836,-0.00214,-0.00189,0.00085,0.52152,0.00083,0.22800,-0.00052,0.70688,0.00055,0.70733,1,3,0.99962,0.01021,0.00851,-0.02394,0.06049,0.08369,0.63055,0,0
1768333689.918388,-0.00516,-0.02224,0.02828,0.00136,-0.00228,0.00018,0.52152,0.00083,0.22800,-0.00052,0.70688,0.00055,0.70733,1,3,0.99962,0.01021,0.00851,-0.02394,0.06049,0.08369,0.63055,0,0
1768333689.920405,0.01955,-0.00219,-0.00275,-0.00255,-0.00171,0.00013,0.52156,0.00083,0.22800,-0.00052,0.70688,0.00055,0.70733,1,3,0.99962,0.01021,0.00851,-0.02394,0.06049,0.08369,0.63055,0,0
1768333689.922383,-0.03931,-0.01887,-0.01011,0.00096,0.00066,0.00004,0.52160,0.00083,0.22799,-0.00052,0.70689,0.00055,0.70733,1,3,0.99962,0.01021,0.00851,-0.02394,0.06049,0.08369,0.63055,0,0
1768333689.924409,-0.01299,0.02825,-0.01913,-0.00087,0.00196,0.00026,0.52160,0.00083,0.22799,-0.00052,0.70689,0.00055,0.70733,1,3,0.99962,0.01021,0.00851,-0.02394,0.06049,0.08369,0.63055,0,0
1768333689.926496,0.00722,-0.00509,0.04279,-0.00302,-0.00080,0.00004,0.52164,0.00083,0.22799,-0.00052,0.70689,0.00055,0.70733,1,3,0.99962,0.01021,0.00851,-0.02394,0.06049,0.08369,0.63055,0,0
1768333689.928421,0.03603,0.00035,-0.01089,0.00185,-0.00064,-0.00018,0.52164,0.00083,0.22799,-0.00052,0.70689,0.00055,0.70733,1,3,0.99962,0.01021,0.00851,-0.02394,0.06049,0.08369,0.63055,0,0
1768333689.930410,-0.00722,0.01823,0.04246,-0.00143,-0.00140,0.00045,0.52168,0.00083,0.22799,-0.00052,0.70689,0.00055,0.70733,1,3,0.99962,0.01021,0.00851,-0.02394,0.06049,0.08369,0.63055,0,0
1768333689.932520,-0.00801,-0.00172,0.00478,-0.00058,-0.00074,0.00015,0.52168,0.00083,0.22799,-0.00052,0.70689,0.00055,0.70733,1,3,0.99962,0.01021,0.00851,-0.02394,0.06049,0.08369,0.63055,0,0
1768333689.934409,0.01932,0.01892,0.00395,0.00077,0.00082,0.00051,0.52172,0.00083,0.22799,-0.00052,0.70689,0.00055,0.70733,1,3,0.99962,0.01021,0.00851,-0.02394,0.06049,0.08369,0.63055,0,0
1768333689.936404,0.00943,-0.01048,-0.04129,0.00259,0.00172,-0.00032,0.52172,0.00083,0.22799,-0.00052,0.70689,0.00055,0.70733,1,3,0.99962,0.01021,0.00851,-0.02394,0.06049,0.08369,0.63055,0,0
1768333689.938397,0.02112,0.05401,0.04103,-0.00056,-0.00025,-0.00000,0.52172,0.00083,0.22799,-0.00052,0.70689,0.00055,0.70733,1,3,0.99962,0.01021,0.00851,-0.02394,0.06049,0.08369,0.63055,0,0
1768333689.940400,-0.00947,0.00891,-0.04115,0.00108,-0.00111,-0.00016,0.52176,0.00083,0.22799,-0.00052,0.70689,0.00055,0.70732,1,3,0.99962,0.01021,0.00851,-0.02394,0.06049,0.08369,0.63055,0,0
1768333689.942410,0.00474,-0.00444,0.02733,-0.00039,-0.00052,-0.00038,0.52176,0.00083,0.22799,-0.00052,0.70689,0.00055,0.70732,1,3,0.99962,0.01021,0.00851,-0.02394,0.06049,0.08369,0.63055,0,0
1768333689.944397,-0.00641,-0.00334,0.01224,-0.00257,0.00064,0.00016,0.52180,0.00083,0.22799,-0.00052,0.70689,0.00055,0.70732,1,3,0.99962,0.01021,0.00851,-0.02394,0.06049,0.08369,0.63055,0,0
1768333689.946410,0.02340,0.01634,-0.02645,0.00095,0.00090,0.00035,0.52180,0.00083,0.22799,-0.00052,0.70689,0.00055,0.70732,1,3,0.99962,0.01021,0.00851,-0.02394,0.06049,0.08369,0.63055,0,0
1768333689.948403,0.00707,0.05170,0.01059,0.00072,0.00042,-0.00015,0.52184,0.00083,0.22799,-0.00052,0.70689,0.00055,0.70732,1,3,0.99962,0.01021,0.00851,-0.02394,0.06049,0.08369,0.63055,0,0
1768333689.950421,-0.02139,0.02608,-0.01832,-0.00024,-0.00135,0.00081,0.52184,0.00083,0.22799,-0.00052,0.70689,0.00055,0.70732,1,3,0.99965,0.01039,0.00711,-0.02313,0.06051,0.08372,0.63075,0,0
1768333689.952401,0.01129,-0.00952,0.00474,0.00108,-0.00021,0.00013,0.52184,0.00083,0.22799,-0.00052,0.70689,0.00055,0.70732,1,3,0.99965,0.01039,0.00711,-0.02313,0.06051,0.08372,0.63075,0,0
1768333689.954406,0.00486,0.00005,0.01986,-0.00099,-0.00039,0.00028,0.52188,0.00083,0.22799,-0.00052,0.70689,0.00055,0.70732,1,3,0.99965,0.01039,0.00711,-0.02313,0.06051,0.08372,0.63075,0,0
1768333689.956427,-0.00657,-0.03958,-0.04020,0.00180,0.00118,0.00012,0.52188,0.00083,0.22799,-0.00052,0.70689,0.00055,0.70732,1,3,0.99965,0.01039,0.00711,-0.02313,0.06051,0.08372,0.63075,0,0
1768333689.958440,0.00741,0.01090,-0.00366,0.00001,0.00185,0.00012,0.52192,0.00083,0.22799,-0.00052,0.70689,0.00055,0.70732,1,3,0.99965,0.01039,0.00711,-0.02313,0.06051,0.08372,0.63075,0,0
1768333689.960431,-0.02086,0.02586,-0.00385,-0.00003,-0.00050,-0.00079,0.52196,0.00083,0.22799,-0.00052,0.70689,0.00055,0.70732,1,3,0.99965,0.01039,0.00711,-0.02313,0.06051,0.08372,0.63075,0,0
1768333689.962443,-0.00495,0.04024,-0.01162,0.00037,-0.00056,-0.00001,0.52196,0.00083,0.22799,-0.00052,0.70689,0.00055,0.70732,1,3,0.99965,0.01039,0.00711,-0.02313,0.06051,0.08372,0.63075,0,0
1768333689.964563,0.02140,0.01005,-0.01092,-0.00043,-0.00085,-0.00003,0.52200,0.00083,0.22799,-0.00052,0.70689,0.00055,0.70732,1,3,0.99965,0.01039,0.00711,-0.02313,0.06051,0.08372,0.63075,0,0
1768333689.966427,0.00627,-0.03987,0.02101,-0.00235,-0.00037,0.00057,0.52204,0.00083,0.22799,-0.00052,0.70690,0.00055,0.70732,1,3,0.99965,0.01039,0.00711,-0.02313,0.06051,0.08372,0.63075,0,0
1768333689.968421,0.01079,-0.02000,-0.01816,0.00160,0.00094,-0.00043,0.52204,0.00083,0.22799,-0.00052,0.70690,0.00055,0.70732,1,3,0.99965,0.01039,0.00711,-0.02313,0.06051,0.08372,0.63075,0,0
1768333689.970431,0.00778,0.02660,-0.01869,-0.00045,0.00020,0.00091,0.52208,0.00083,0.22799,-0.00052,0.70689,0.00055,0.70732,1,3,0.99965,0.01039,0.00711,-0.02313,0.06051,0.08372,0.63075,0,0
1768333689.972431,0.01788,0.05258,-0.00429,-0.00101,-0.00174,-0.00016,0.52208,0.00083,0.22799,-0.00052,0.70689,0.00055,0.70732,1,3,0.99965,0.01039,0.00711,-0.02313,0.06051,0.08372,0.63075,0,0
1768333689.974417,0.00605,0.04726,-0.03479,0.00176,0.00006,-0.00005,0.52208,0.00083,0.22799,-0.00052,0.70689,0.00055,0.70732,1,3,0.99965,0.01039,0.00711,-0.02313,0.06051,0.08372,0.63075,0,0
1768333689.976418,0.00388,-0.00058,0.04247,-0.00035,0.00076,0.00030,0.52208,0.00083,0.22799,-0.00052,0.70689,0.00055,0.70732,1,3,0.99965,0.01039,0.00711,-0.02313,0.06051,0.08372,0.63075,0,0
1768333689.978419,-0.03530,-0.03589,0.02066,0.00141,0.00050,-0.00007,0.52212,0.00083,0.22799,-0.00052,0.70689,0.00055,0.70732,1,3,0.99965,0.01039,0.00711,-0.02313,0.06051,0.08372,0.63075,0,0
1768333689.980414,0.01580,-0.01299,-0.00281,0.00038,0.00063,0.00039,0.52212,0.00083,0.22799,-0.00052,0.70689,0.00055,0.70732,1,3,0.99965,0.01039,0.00711,-0.02313,0.06051,0.08372,0.63075,0,0
1768333689.982419,0.00877,0.01633,0.01893,-0.00080,0.00106,-0.00040,0.52217,0.00083,0.22799,-0.00052,0.70690,0.00055,0.70732,1,3,0.99965,0.01039,0.00711,-0.02313,0.06051,0.08372,0.63075,0,0
1768333689.984447,0.01568,0.03202,-0.00385,0.00049,-0.00016,0.00038,0.52217,0.00083,0.22799,-0.00052,0.70690,0.00055,0.70732,1,3,0.99965,0.01039,0.00711,-0.02313,0.06051,0.08372,0.63075,0,0
1768333689.986439,-0.01513,-0.00439,-0.01806,0.00179,0.00049,0.00040,0.52221,0.00083,0.22799,-0.00052,0.70690,0.00055,0.70732,1,3,0.99965,0.01039,0.00711,-0.02313,0.06051,0.08372,0.63075,0,0
1768333689.988437,-0.00942,0.00841,-0.01084,0.00085,-0.00048,-0.00013,0.52221,0.00083,0.22799,-0.00052,0.70690,0.00055,0.70732,1,3,0.99965,0.01039,0.00711,-0.02313,0.06051,0.08372,0.63075,0,0
1768333689.990470,-0.01424,-0.01461,-0.01768,0.00079,0.00050,0.00068,0.52225,0.00083,0.22799,-0.00052,0.70690,0.00055,0.70732,1,3,0.99965,0.01039,0.00711,-0.02313,0.06051,0.08372,0.63075,0,0
1768333689.992437,0.00187,-0.03919,-0.01718,0.00181,0.00032,0.00053,0.52225,0.00083,0.22799,-0.00052,0.70690,0.00055,0.70732,1,3,0.99963,0.01047,0.00865,-0.02367,0.06049,0.08371,0.63064,0,0
1768333689.994478,0.01247,-0.01890,0.01269,0.00031,-0.00110,0.00001,0.52229,0.00083,0.22799,-0.00052,0.70690,0.00055,0.70732,1,3,0.99963,0.01047,0.00865,-0.02367,0.06049,0.08371,0.63064,0,0
1768333689.996452,-0.01508,0.00572,-0.04877,0.00191,0.00023,0.00011,0.52229,0.00083,0.22799,-0.00052,0.70690,0.00055,0.70732,1,3,0.99963,0.01047,0.00865,-0.02367,0.06049,0.08371,0.63064,0,0
1768333689.998474,-0.00461,0.02433,0.00380,-0.00026,0.00072,0.00000,0.52233,0.00083,0.22799,-0.00052,0.70690,0.00055,0.70731,1,3,0.99963,0.01047,0.00865,-0.02367,0.06049,0.08371,0.63064,0,0
1768333690.000465,0.00408,0.00984,0.00441,-0.00044,-0.00013,0.00040,0.52237,0.00083,0.22798,-0.00052,0.70690,0.00055,0.70731,1,3,0.99963,0.01047,0.00865,-0.02367,0.06049,0.08371,0.63064,0,0
1768333690.002445,0.03301,0.01238,-0.00344,0.00047,-0.00074,0.00010,0.52237,0.00083,0.22798,-0.00052,0.70690,0.00055,0.70731,1,3,0.99963,0.01047,0.00865,-0.02367,0.06049,0.08371,0.63064,0,0
1768333690.004446,0.00186,-0.02926,-0.04033,0.00193,0.00031,0.00024,0.52241,0.00083,0.22798,-0.00052,0.70691,0.00055,0.70731,1,3,0.99963,0.01047,0.00865,-0.02367,0.06049,0.08371,0.63064,0,0
1768333690.006463,-0.02193,-0.00439,0.00485,0.00026,0.00019,0.00043,0.52245,0.00083,0.22798,-0.00052,0.70691,0.00055,0.70731,1,3,0.99963,0.01047,0.00865,-0.02367,0.06049,0.08371,0.63064,0,0
1768333690.008439,-0.00658,-0.04158,0.05151,-0.00194,-0.00072,0.00047,0.52245,0.00083,0.22798,-0.00052,0.70691,0.00055,0.70731,1,3,0.99963,0.01047,0.00865,-0.02367,0.06049,0.08371,0.63064,0,0
1768333690.010529,0.00326,-0.01943,-0.00263,0.00074,0.00002,0.00000,0.52245,0.00083,0.22798,-0.00052,0.70691,0.00055,0.70731,1,3,0.99963,0.01047,0.00865,-0.02367,0.06049,0.08371,0.63064,0,0
1768333690.012508,0.01331,0.03344,0.00337,-0.00124,0.00087,-0.00029,0.52249,0.00083,0.22798,-0.00052,0.70691,0.00055,0.70731,1,3,0.99963,0.01047,0.00865,-0.02367,0.06049,0.08371,0.63064,0,0
1768333690.014455,-0.01423,-0.00087,0.02716,0.00052,0.00200,0.00030,0.52249,0.00083,0.22798,-0.00052,0.70691,0.00055,0.70731,1,3,0.99963,0.01047,0.00865,-0.02367,0.06049,0.08371,0.63064,0,0
1768333690.016477,0.00385,0.04400,-0.00420,-0.00046,0.00035,0.00025,0.52249,0.00083,0.22798,-0.00052,0.70691,0.00055,0.70731,1,3,0.99963,0.01047,0.00865,-0.02367,0.06049,0.08371,0.63064,0,0
1768333690.018452,-0.00277,-0.00186,-0.02605,0.00248,0.00046,-0.00029,0.52253,0.00083,0.22798,-0.00052,0.70690,0.00055,0.70731,1,3,0.99963,0.01047,0.00865,-0.02367,0.06049,0.08371,0.63064,0,0
1768333690.020454,-0.00446,0.02464,-0.00356,-0.00048,0.00009,0.00040,0.52253,0.00083,0.22798,-0.00052,0.70690,0.00055,0.70731,1,3,0.99963,0.01047,0.00865,-0.02367,0.06049,0.08371,0.63064,0,0
1768333690.022477,-0.01290,-0.00496,0.02758,-0.00040,0.00046,0.00044,0.52257,0.00083,0.22798,-0.00052,0.70690,0.00055,0.70731,1,3,0.99963,0.01047,0.00865,-0.02367,0.06049,0.08371,0.63064,0,0
1768333690.024505,-0.00484,0.00941,0.04228,-0.00022,0.00086,0.00044,0.52257,0.00083,0.22798,-0.00052,0.70690,0.00055,0.70731,1,3,0.99963,0.01047,0.00865,-0.02367,0.06049,0.08371,0.63064,0,0
1768333690.026501,0.03143,-0.03320,-0.01021,0.00166,0.00135,0.00010,0.52261,0.00083,0.22798,-0.00052,0.70691,0.00055,0.70731,1,3,0.99963,0.01047,0.00865,-0.02367,0.06049,0.08371,0.63064,0,0
1768333690.028515,0.02982,0.01918,0.00378,-0.00054,-0.00008,-0.00030,0.52261,0.00083,0.22798,-0.00052,0.70691,0.00055,0.70731,1,3,0.99963,0.01047,0.00865,-0.02367,0.06049,0.08371,0.63064,0,0
1768333690.030470,0.00376,0.02952,0.03419,-0.00020,0.00011,0.00029,0.52265,0.00083,0.22798,-0.00052,0.70691,0.00055,0.70730,1,3,0.99963,0.01047,0.00865,-0.02367,0.06049,0.08371,0.63064,0,0
1768333690.032475,-0.03061,0.03972,-0.01133,-0.00008,0.00052,0.00082,0.52265,0.00083,0.22798,-0.00052,0.70691,0.00055,0.70730,1,3,0.99958,0.01015,0.00987,-0.02516,0.06047,0.08366,0.63026,0,0
1768333690.034472,-0.01990,0.03481,0.01162,-0.00188,-0.00037,0.00056,0.52270,0.00083,0.22798,-0.00052,0.70691,0.00055,0.70730,1,3,0.99958,0.01015,0.00987,-0.02516,0.06047,0.08366,0.63026,0,0
1768333690.036620,0.00711,-0.01709,-0.01028,0.00098,0.00010,0.00012,0.52273,0.00083,0.22798,-0.00052,0.70691,0.00055,0.70730,1,3,0.99958,0.01015,0.00987,-0.02516,0.06047,0.08366,0.63026,0,0
1768333690.038469,0.02013,-0.04480,-0.01702,0.00043,0.00011,0.00065,0.52273,0.00083,0.22798,-0.00052,0.70691,0.00055,0.70730,1,3,0.99958,0.01015,0.00987,-0.02516,0.06047,0.08366,0.63026,0,0
1768333690.040498,-0.00403,-0.02864,-0.00242,0.00019,-0.00065,-0.00052,0.52277,0.00083,0.22797,-0.00052,0.70692,0.00055,0.70730,1,3,0.99958,0.01015,0.00987,-0.02516,0.06047,0.08366,0.63026,0,0
1768333690.042505,-0.02339,0.00632,-0.02606,0.00214,-0.00006,-0.00027,0.52277,0.00083,0.22797,-0.00052,0.70692,0.00055,0.70730,1,3,0.99958,0.01015,0.00987,-0.02516,0.06047,0.08366,0.63026,0,0
1768333690.044479,0.00597,0.00889,-0.01060,-0.00263,0.00011,0.00080,0.52282,0.00083,0.22797,-0.00052,0.70692,0.00055,0.70730,1,3,0.99958,0.01015,0.00987,-0.02516,0.06047,0.08366,0.63026,0,0
1768333690.046473,-0.01418,0.01051,-0.00335,0.00110,0.00021,0.00001,0.52282,0.00083,0.22797,-0.00052,0.70692,0.00055,0.70730,1,3,0.99958,0.01015,0.00987,-0.02516,0.06047,0.08366,0.63026,0,0
1768333690.048494,0.02552,0.03110,0.04149,-0.00083,0.00047,-0.00000,0.52286,0.00083,0.22797,-0.00052,0.70692,0.00055,0.70729,1,3,0.99958,0.01015,0.00987,-0.02516,0.06047,0.08366,0.63026,0,0
1768333690.050480,-0.00656,0.01093,-0.02650,0.00241,0.00011,-0.00083,0.52286,0.00083,0.22797,-0.00052,0.70692,0.00055,0.70729,1,3,0.99958,0.01015,0.00987,-0.02516,0.06047,0.08366,0.63026,0,0
1768333690.052481,-0.00359,0.01090,-0.00331,-0.00043,-0.00107,-0.00040,0.52290,0.00083,0.22797,-0.00052,0.70692,0.00055,0.70729,1,3,0.99958,0.01015,0.00987,-0.02516,0.06047,0.08366,0.63026,0,0
1768333690.054509,0.01063,0.05312,-0.01964,0.00053,0.00128,0.00076,0.52290,0.00083,0.22797,-0.00052,0.70692,0.00055,0.70729,1,3,0.99958,0.01015,0.00987,-0.02516,0.06047,0.08366,0.63026,0,0
1768333690.056496,0.01964,0.01159,0.02728,-0.00325,-0.00070,0.00055,0.52290,0.00083,0.22797,-0.00052,0.70692,0.00055,0.70729,1,3,0.99958,0.01015,0.00987,-0.02516,0.06047,0.08366,0.63026,0,0
1768333690.058494,-0.00086,0.00718,0.01192,0.00018,0.00056,0.00028,0.52294,0.00083,0.22797,-0.00052,0.70692,0.00055,0.70729,1,3,0.99958,0.01015,0.00987,-0.02516,0.06047,0.08366,0.63026,0,0
1768333690.060571,-0.00996,-0.01643,-0.04850,0.00164,0.00017,-0.00070,0.52294,0.00083,0.22797,-0.00052,0.70692,0.00055,0.70729,1,3,0.99958,0.01015,0.00987,-0.02516,0.06047,0.08366,0.63026,0,0
1768333690.062545,-0.00263,-0.02971,0.02844,-0.00201,-0.00040,0.00071,0.52298,0.00083,0.22797,-0.00052,0.70692,0.00055,0.70729,1,3,0.99958,0.01015,0.00987,-0.02516,0.06047,0.08366,0.63026,0,0
1768333690.064503,-0.00087,0.03187,-0.01124,-0.00017,0.00017,0.00079,0.52298,0.00083,0.22797,-0.00052,0.70692,0.00055,0.70729,1,3,0.99958,0.01015,0.00987,-0.02516,0.06047,0.08366,0.63026,0,0
1768333690.066498,-0.02143,0.01469,0.01218,-0.00082,0.00044,0.00111,0.52302,0.00083,0.22797,-0.00052,0.70692,0.00055,0.70729,1,3,0.99958,0.01015,0.00987,-0.02516,0.06047,0.08366,0.63026,0,0
1768333690.068497,0.00381,0.02964,-0.01894,-0.00020,-0.00014,0.00024,0.52302,0.00083,0.22797,-0.00052,0.70692,0.00055,0.70729,1,3,0.99960,0.01037,0.00820,-0.02481,0.06049,0.08368,0.63046,0,0
1768333690.070475,0.02759,-0.02208,0.02071,-0.00235,-0.00178,0.00068,0.52306,0.00083,0.22797,-0.00052,0.70692,0.00055,0.70730,1,3,0.99960,0.01037,0.00820,-0.02481,0.06049,0.08368,0.63046,0,0
1768333690.072519,0.01082,-0.00520,0.00461,0.00113,0.00056,0.00040,0.52306,0.00083,0.22797,-0.00052,0.70692,0.00055,0.70730,1,3,0.99960,0.01037,0.00820,-0.02481,0.06049,0.08368,0.63046,0,0
1768333690.074512,0.01237,0.02971,0.02681,-0.00041,-0.00063,0.00068,0.52306,0.00083,0.22797,-0.00052,0.70692,0.00055,0.70730,1,3,0.99960,0.01037,0.00820,-0.02481,0.06049,0.08368,0.63046,0,0
1768333690.076512,-0.01571,-0.00708,0.05794,-0.00130,-0.00002,-0.00007,0.52314,0.00083,0.22797,-0.00052,0.70692,0.00055,0.70730,1,3,0.99960,0.01037,0.00820,-0.02481,0.06049,0.08368,0.63046,0,0
1768333690.078490,-0.00035,0.02221,0.02663,-0.00007,0.00028,-0.00012,0.52314,0.00083,0.22797,-0.00052,0.70692,0.00055,0.70730,1,3,0.99960,0.01037,0.00820,-0.02481,0.06049,0.08368,0.63046,0,0
1768333690.080690,0.01142,0.00579,-0.01091,0.00126,-0.00073,-0.00029,0.52318,0.00083,0.22797,-0.00052,0.70691,0.00055,0.70730,1,3,0.99960,0.01037,0.00820,-0.02481,0.06049,0.08368,0.63046,0,0
1768333690.082515,0.01910,-0.00434,-0.01842,0.00201,-0.00031,-0.00044,0.52318,0.00083,0.22797,-0.00052,0.70691,0.00055,0.70730,1,3,0.99960,0.01037,0.00820,-0.02481,0.06049,0.08368,0.63046,0,0
1768333690.084509,0.01330,-0.00005,-0.01073,-0.00078,-0.00037,-0.00015,0.52322,0.00083,0.22798,-0.00052,0.70691,0.00055,0.70730,1,3,0.99960,0.01037,0.00820,-0.02481,0.06049,0.08368,0.63046,0,0
1768333690.086504,0.01613,0.00720,0.01933,0.00040,0.00022,-0.00014,0.52322,0.00083,0.22798,-0.00052,0.70691,0.00055,0.70730,1,3,0.99960,0.01037,0.00820,-0.02481,0.06049,0.08368,0.63046,0,0
1768333690.088544,-0.02108,0.02448,0.02665,-0.00070,0.00091,0.00003,0.52326,0.00083,0.22798,-0.00052,0.70691,0.00055,0.70730,1,3,0.99960,0.01037,0.00820,-0.02481,0.06049,0.08368,0.63046,0,0
1768333690.090572,-0.02180,0.03449,-0.00413,0.00008,0.00104,-0.00026,0.52326,0.00083,0.22798,-0.00052,0.70691,0.00055,0.70730,1,3,0.99960,0.01037,0.00820,-0.02481,0.06049,0.08368,0.63046,0,0
1768333690.092509,0.03031,0.04321,-0.01186,-0.00156,0.00016,0.00022,0.52326,0.00083,0.22798,-0.00052,0.70691,0.00055,0.70730,1,3,0.99960,0.01037,0.00820,-0.02481,0.06049,0.08368,0.63046,0,0
1768333690.094530,-0.00135,0.00664,0.01922,0.00061,0.00158,-0.00012,0.52330,0.00083,0.22798,-0.00052,0.70691,0.00055,0.70730,1,3,0.99960,0.01037,0.00820,-0.02481,0.06049,0.08368,0.63046,0,0
1768333690.096499,0.00390,0.00009,0.00460,-0.00012,-0.00012,0.00027,0.52330,0.00083,0.22798,-0.00052,0.70691,0.00055,0.70730,1,3,0.99960,0.01037,0.00820,-0.02481,0.06049,0.08368,0.63046,0,0
1768333690.098496,-0.01352,-0.02381,-0.01752,0.00068,-0.00027,0.00014,0.52334,0.00083,0.22798,-0.00052,0.70691,0.00055,0.70730,1,3,0.99960,0.01037,0.00820,-0.02481,0.06049,0.08368,0.63046,0,0
1768333690.100514,-0.00447,-0.04427,0.02871,-0.00022,0.00002,0.00072,0.52334,0.00083,0.22798,-0.00052,0.70691,0.00055,0.70730,1,3,0.99960,0.01037,0.00820,-0.02481,0.06049,0.08368,0.63046,0,0
1768333690.102498,0.00359,0.00348,0.01970,-0.00073,0.00154,0.00095,0.52338,0.00083,0.22798,-0.00052,0.70691,0.00055,0.70730,1,3,0.99960,0.01037,0.00820,-0.02481,0.06049,0.08368,0.63046,0,0
1768333690.104541,0.03762,0.02841,-0.02677,-0.00043,0.00034,0.00020,0.52338,0.00083,0.22798,-0.00052,0.70691,0.00055,0.70730,1,3,0.99961,0.01024,0.00819,-0.02448,0.06051,0.08371,0.63063,0,0
1768333690.106518,0.01131,0.02466,-0.01903,0.00083,0.00015,-0.00003,0.52342,0.00083,0.22797,-0.00052,0.70692,0.00055,0.70730,1,3,0.99961,0.01024,0.00819,-0.02448,0.06051,0.08371,0.63063,0,0
1768333690.108546,0.00470,0.00959,-0.01095,-0.00088,0.00011,-0.00001,0.52342,0.00083,0.22797,-0.00052,0.70692,0.00055,0.70730,1,3,0.99961,0.01024,0.00819,-0.02448,0.06051,0.08371,0.63063,0,0
1768333690.110512,-0.01098,-0.02650,-0.03305,0.00240,0.00070,-0.00042,0.52346,0.00083,0.22798,-0.00052,0.70691,0.00055,0.70730,1,3,0.99961,0.01024,0.00819,-0.02448,0.06051,0.08371,0.63063,0,0
1768333690.112515,-0.00867,-0.01706,-0.00257,-0.00011,0.00017,0.00015,0.52350,0.00083,0.22798,-0.00052,0.70691,0.00055,0.70730,1,3,0.99961,0.01024,0.00819,-0.02448,0.06051,0.08371,0.63063,0,0
1768333690.114555,0.00020,0.00683,0.01936,-0.00069,0.00080,-0.00012,0.52350,0.00083,0.22798,-0.00052,0.70691,0.00055,0.70730,1,3,0.99961,0.01024,0.00819,-0.02448,0.06051,0.08371,0.63063,0,0
1768333690.116530,0.02950,-0.02578,-0.01022,-0.00043,0.00060,0.00010,0.52354,0.00083,0.22798,-0.00052,0.70691,0.00055,0.70730,1,3,0.99961,0.01024,0.00819,-0.02448,0.06051,0.08371,0.63063,0,0
1768333690.118543,0.00797,-0.00823,-0.00278,-0.00044,0.00073,0.00067,0.52354,0.00083,0.22798,-0.00052,0.70691,0.00055,0.70730,1,3,0.99961,0.01024,0.00819,-0.02448,0.06051,0.08371,0.63063,0,0
1768333690.120524,0.00914,0.00725,0.01204,-0.00112,-0.00032,0.00027,0.52359,0.00083,0.22798,-0.00052,0.70691,0.00055,0.70730,1,3,0.99961,0.01024,0.00819,-0.02448,0.06051,0.08371,0.63063,0,0
1768333690.122535,-0.02165,0.04118,0.02635,0.00059,-0.00100,-0.00037,0.52359,0.00083,0.22798,-0.00052,0.70691,0.00055,0.70730,1,3,0.99961,0.01024,0.00819,-0.02448,0.06051,0.08371,0.63063,0,0
1768333690.124527,0.00806,0.05600,-0.00463,-0.00053,0.00067,0.00011,0.52359,0.00083,0.22798,-0.00052,0.70691,0.00055,0.70730,1,3,0.99961,0.01024,0.00819,-0.02448,0.06051,0.08371,0.63063,0,0
1768333690.126530,-0.01352,0.01594,-0.00340,0.00073,-0.00057,-0.00013,0.52363,0.00083,0.22798,-0.00052,0.70691,0.00055,0.70730,1,3,0.99961,0.01024,0.00819,-0.02448,0.06051,0.08371,0.63063,0,0
1768333690.128541,0.01567,-0.01123,0.00469,0.00149,-0.00103,-0.00041,0.52363,0.00083,0.22798,-0.00052,0.70691,0.00055,0.70730,1,3,0.99961,0.01024,0.00819,-0.02448,0.06051,0.08371,0.63063,0,0
1768333690.130523,0.02128,-0.00071,-0.00346,-0.00035,0.00054,-0.00056,0.52367,0.00083,0.22798,-0.00052,0.70691,0.00055,0.70731,1,3,0.99961,0.01024,0.00819,-0.02448,0.06051,0.08371,0.63063,0,0
1768333690.132542,0.03191,0.01071,-0.01879,0.00067,0.00144,0.00048,0.52367,0.00083,0.22798,-0.00052,0.70691,0.00055,0.70731,1,3,0.99963,0.01040,0.00890,-0.02348,0.06049,0.08370,0.63056,0,0
1768333690.134534,0.00683,0.02548,0.00366,0.00019,0.00211,0.00052,0.52371,0.00083,0.22798,-0.00052,0.70691,0.00055,0.70731,1,3,0.99963,0.01040,0.00890,-0.02348,0.06049,0.08370,0.63056,0,0
1768333690.136530,-0.00698,0.02585,-0.00374,0.00238,-0.00027,-0.00001,0.52371,0.00083,0.22798,-0.00052,0.70691,0.00055,0.70731,1,3,0.99963,0.01040,0.00890,-0.02348,0.06049,0.08370,0.63056,0,0
1768333690.138531,0.01531,0.00755,-0.00328,0.00106,-0.00014,0.00025,0.52375,0.00083,0.22798,-0.00052,0.70690,0.00055,0.70731,1,3,0.99963,0.01040,0.00890,-0.02348,0.06049,0.08370,0.63056,0,0
1768333690.140557,0.01564,-0.00214,-0.01063,0.00095,-0.00039,0.00011,0.52379,0.00083,0.22799,-0.00052,0.70690,0.00055,0.70731,1,3,0.99963,0.01040,0.00890,-0.02348,0.06049,0.08370,0.63056,0,0
1768333690.142553,-0.00388,0.03846,-0.03442,-0.00140,0.00096,0.00037,0.52379,0.00083,0.22799,-0.00052,0.70690,0.00055,0.70731,1,3,0.99963,0.01040,0.00890,-0.02348,0.06049,0.08370,0.63056,0,0
1768333690.144578,-0.01728,0.02743,0.02651,-0.00001,0.00048,-0.00024,0.52383,0.00083,0.22799,-0.00052,0.70690,0.00055,0.70731,1,3,0.99963,0.01040,0.00890,-0.02348,0.06049,0.08370,0.63056,0,0
1768333690.146547,-0.00818,0.02276,-0.02657,-0.00028,-0.00026,-0.00055,0.52383,0.00083,0.22799,-0.00052,0.70690,0.00055,0.70731,1,3,0.99963,0.01040,0.00890,-0.02348,0.06049,0.08370,0.63056,0,0
1768333690.148549,0.03211,-0.00229,-0.03349,0.00138,-0.00059,0.00008,0.52387,0.00083,0.22799,-0.00052,0.70690,0.00055,0.70732,1,3,0.99963,0.01040,0.00890,-0.02348,0.06049,0.08370,0.63056,0,0
1768333690.150554,0.02053,-0.00461,0.01238,0.00026,-0.00083,0.00040,0.52387,0.00083,0.22799,-0.00052,0.70690,0.00055,0.70732,1,3,0.99963,0.01040,0.00890,-0.02348,0.06049,0.08370,0.63056,0,0
1768333690.152557,0.01606,-0.00298,0.00446,0.00028,0.00049,0.00012,0.52391,0.00083,0.22799,-0.00052,0.70690,0.00055,0.70732,1,3,0.99963,0.01040,0.00890,-0.02348,0.06049,0.08370,0.63056,0,0
1768333690.154572,-0.00951,0.03718,0.01901,0.00011,0.00014,0.00069,0.52391,0.00083,0.22799,-0.00052,0.70690,0.00055,0.70732,1,3,0.99963,0.01040,0.00890,-0.02348,0.06049,0.08370,0.63056,0,0
1768333690.156555,0.00606,0.01914,0.04984,-0.00251,-0.00016,0.00057,0.52391,0.00083,0.22799,-0.00052,0.70690,0.00055,0.70732,1,3,0.99963,0.01040,0.00890,-0.02348,0.06049,0.08370,0.63056,0,0
1768333690.158553,0.00400,0.02950,-0.00376,-0.00042,-0.00002,0.00026,0.52395,0.00083,0.22799,-0.00052,0.70690,0.00055,0.70732,1,3,0.99963,0.01040,0.00890,-0.02348,0.06049,0.08370,0.63056,0,0
1768333690.160555,0.02432,-0.00790,-0.01834,0.00066,0.00039,-0.00017,0.52395,0.00083,0.22799,-0.00052,0.70690,0.00055,0.70732,1,3,0.99963,0.01040,0.00890,-0.02348,0.06049,0.08370,0.63056,0,0
1768333690.162554,0.00237,-0.00423,-0.00319,0.00179,0.00002,-0.00041,0.52399,0.00083,0.22799,-0.00052,0.70689,0.00055,0.70732,1,3,0.99963,0.01040,0.00890,-0.02348,0.06049,0.08370,0.63056,0,0
1768333690.164540,0.00854,0.03172,-0.02657,-0.00083,-0.00007,0.00037,0.52399,0.00083,0.22799,-0.00052,0.70689,0.00055,0.70732,1,3,0.99963,0.01040,0.00890,-0.02348,0.06049,0.08370,0.63056,0,0
1768333690.166549,-0.01058,0.00778,-0.01067,0.00128,0.00031,0.00067,0.52403,0.00083,0.22799,-0.00052,0.70689,0.00055,0.70732,1,3,0.99962,0.01034,0.00851,-0.02409,0.06048,0.08369,0.63053,0,0
1768333690.168585,-0.01259,0.02017,0.02675,-0.00032,0.00005,-0.00024,0.52403,0.00083,0.22799,-0.00052,0.70689,0.00055,0.70732,1,3,0.99962,0.01034,0.00851,-0.02409,0.06048,0.08369,0.63053,0,0
1768333690.170605,0.01662,-0.02701,0.02053,-0.00001,-0.00051,0.00041,0.52403,0.00083,0.22799,-0.00052,0.70689,0.00055,0.70732,1,3,0.99962,0.01034,0.00851,-0.02409,0.06048,0.08369,0.63053,0,0
1768333690.172584,0.02834,-0.00564,-0.01858,0.00090,0.00072,-0.00045,0.52407,0.00083,0.22799,-0.00052,0.70689,0.00055,0.70732,1,3,0.99962,0.01034,0.00851,-0.02409,0.06048,0.08369,0.63053,0,0
1768333690.174572,0.00450,-0.02071,0.02005,-0.00081,0.00115,0.00002,0.52411,0.00083,0.22800,-0.00052,0.70689,0.00055,0.70733,1,3,0.99962,0.01034,0.00851,-0.02409,0.06048,0.08369,0.63053,0,0
1768333690.176608,-0.01303,-0.00459,-0.00293,0.00004,0.00021,0.00001,0.52415,0.00083,0.22800,-0.00052,0.70689,0.00055,0.70732,1,3,0.99962,0.01034,0.00851,-0.02409,0.06048,0.08369,0.63053,0,0
1768333690.178569,-0.03022,0.02528,-0.03384,-0.00004,0.00015,0.00040,0.52415,0.00083,0.22800,-0.00052,0.70689,0.00055,0.70732,1,3,0.99962,0.01034,0.00851,-0.02409,0.06048,0.08369,0.63053,0,0
1768333690.180578,-0.00944,0.01255,-0.00320,0.00025,0.00016,0.00054,0.52419,0.00083,0.22800,-0.00052,0.70689,0.00055,0.70733,1,3,0.99962,0.01034,0.00851,-0.02409,0.06048,0.08369,0.63053,0,0
1768333690.182579,0.01645,0.00739,-0.00340,0.00019,-0.00016,-0.00015,0.52419,0.00083,0.22800,-0.00052,0.70689,0.00055,0.70733,1,3,0.99962,0.01034,0.00851,-0.02409,0.06048,0.08369,0.63053,0,0
1768333690.184579,0.01915,0.00994,-0.01870,0.00153,0.00006,-0.00004,0.52424,0.00083,0.22800,-0.00052,0.70688,0.00055,0.70733,1,3,0.99962,0.01034,0.00851,-0.02409,0.06048,0.08369,0.63053,0,0
1768333690.186585,-0.01392,-0.01425,-0.01037,0.00102,0.00035,-0.00013,0.52424,0.00083,0.22800,-0.00052,0.70688,0.00055,0.70733,1,3,0.99962,0.01034,0.00851,-0.02409,0.06048,0.08369,0.63053,0,0
1768333690.188578,-0.00677,-0.01532,-0.00287,0.00166,0.00167,0.00027,0.52428,0.00083,0.22800,-0.00052,0.70688,0.00055,0.70733,1,3,0.99962,0.01034,0.00851,-0.02409,0.06048,0.08369,0.63053,0,0
1768333690.190572,-0.00035,-0.00775,-0.01788,-0.00043,0.00032,0.00066,0.52428,0.00083,0.22800,-0.00052,0.70688,0.00055,0.70733,1,3,0.99962,0.01034,0.00851,-0.02409,0.06048,0.08369,0.63053,0,0
1768333690.192588,0.00941,-0.01993,-0.01789,0.00248,0.00097,0.00038,0.52428,0.00083,0.22800,-0.00052,0.70688,0.00055,0.70733,1,3,0.99962,0.01034,0.00851,-0.02409,0.06048,0.08369,0.63053,0,0
1768333690.194563,-0.01694,0.00280,0.01969,-0.00031,0.00025,0.00003,0.52428,0.00083,0.22800,-0.00052,0.70688,0.00055,0.70733,1,3,0.99962,0.01034,0.00851,-0.02409,0.06048,0.08369,0.63053,0,0
1768333690.196582,-0.00175,0.00245,0.01208,0.00100,0.00058,0.00041,0.52432,0.00083,0.22800,-0.00052,0.70689,0.00055,0.70733,1,3,0.99962,0.01034,0.00851,-0.02409,0.06048,0.08369,0.63053,0,0
1768333690.198565,-0.01486,0.02154,0.03468,-0.00292,0.00034,0.00071,0.52432,0.00083,0.22800,-0.00052,0.70689,0.00055,0.70733,1,3,0.99962,0.01034,0.00851,-0.02409,0.06048,0.08369,0.63053,0,0
1768333690.200592,-0.01428,0.00461,-0.00332,0.00081,0.00136,0.00014,0.52436,0.00083,0.22800,-0.00052,0.70688,0.00055,0.70733,1,3,0.99962,0.01034,0.00851,-0.02409,0.06048,0.08369,0.63053,0,0
1768333690.202569,0.01298,-0.00033,-0.00302,-0.00078,-0.00010,0.00026,0.52440,0.00083,0.22800,-0.00052,0.70688,0.00055,0.70733,1,3,0.99962,0.01034,0.00851,-0.02409,0.06048,0.08369,0.63053,0,0
1768333690.204596,0.00854,-0.00655,0.01235,0.00002,-0.00107,-0.00013,0.52440,0.00083,0.22800,-0.00052,0.70688,0.00055,0.70733,1,3,0.99963,0.01028,0.00756,-0.02409,0.06050,0.08372,0.63071,0,0
1768333690.206575,0.00407,0.02985,0.01872,0.00002,-0.00004,-0.00053,0.52444,0.00083,0.22800,-0.00052,0.70688,0.00055,0.70733,1,3,0.99963,0.01028,0.00756,-0.02409,0.06050,0.08372,0.63071,0,0
1768333690.208600,-0.01864,-0.02137,0.00520,0.00137,0.00017,0.00030,0.52444,0.00083,0.22800,-0.00052,0.70688,0.00055,0.70733,1,3,0.99963,0.01028,0.00756,-0.02409,0.06050,0.08372,0.63071,0,0
1768333690.210578,-0.02657,0.02303,-0.01143,0.00103,0.00047,-0.00053,0.52448,0.00083,0.22800,-0.00052,0.70688,0.00055,0.70733,1,3,0.99963,0.01028,0.00756,-0.02409,0.06050,0.08372,0.63071,0,0
1768333690.212607,0.00986,-0.01758,0.05061,-0.00164,-0.00019,0.00018,0.52452,0.00083,0.22800,-0.00052,0.70689,0.00055,0.70732,1,3,0.99963,0.01028,0.00756,-0.02409,0.06050,0.08372,0.63071,0,0
1768333690.214596,0.00746,0.02640,0.00403,-0.00024,0.00058,0.00093,0.52452,0.00083,0.22800,-0.00052,0.70689,0.00055,0.70732,1,3,0.99963,0.01028,0.00756,-0.02409,0.06050,0.08372,0.63071,0,0
1768333690.216615,0.02792,0.01997,-0.04181,0.00143,-0.00043,-0.00034,0.52456,0.00083,0.22800,-0.00052,0.70689,0.00055,0.70733,1,3,0.99963,0.01028,0.00756,-0.02409,0.06050,0.08372,0.63071,0,0
1768333690.218616,0.01062,0.01355,0.04256,-0.00192,-0.00238,0.00017,0.52456,0.00083,0.22800,-0.00052,0.70689,0.00055,0.70733,1,3,0.99963,0.01028,0.00756,-0.02409,0.06050,0.08372,0.63071,0,0
1768333690.220634,-0.00554,0.01512,-0.02618,0.00072,0.00011,0.00025,0.52460,0.00083,0.22800,-0.00052,0.70689,0.00055,0.70732,1,3,0.99963,0.01028,0.00756,-0.02409,0.06050,0.08372,0.63071,0,0
1768333690.222597,-0.01873,-0.00664,-0.01056,0.00154,0.00040,-0.00012,0.52460,0.00083,0.22800,-0.00052,0.70689,0.00055,0.70732,1,3,0.99963,0.01028,0.00756,-0.02409,0.06050,0.08372,0.63071,0,0
1768333690.224599,0.02346,0.02567,-0.00376,0.00041,0.00128,0.00090,0.52460,0.00083,0.22800,-0.00052,0.70689,0.00055,0.70732,1,3,0.99963,0.01028,0.00756,-0.02409,0.06050,0.08372,0.63071,0,0
1768333690.226583,0.01933,-0.04108,0.01327,-0.00171,-0.00194,-0.00039,0.52460,0.00083,0.22800,-0.00052,0.70689,0.00055,0.70732,1,3,0.99963,0.01028,0.00756,-0.02409,0.06050,0.08372,0.63071,0,0
1768333690.228629,0.01352,0.02530,-0.01876,-0.00091,-0.00140,-0.00003,0.52464,0.00083,0.22800,-0.00052,0.70689,0.00055,0.70733,1,3,0.99963,0.01028,0.00756,-0.02409,0.06050,0.08372,0.63071,0,0
1768333690.230582,-0.01529,-0.01963,-0.04073,0.00204,0.00126,-0.00002,0.52468,0.00083,0.22800,-0.00052,0.70689,0.00055,0.70733,1,3,0.99963,0.01028,0.00756,-0.02409,0.06050,0.08372,0.63071,0,0
1768333690.232611,-0.02524,-0.00793,0.02754,-0.00087,0.00138,0.00032,0.52468,0.00083,0.22800,-0.00052,0.70689,0.00055,0.70733,1,3,0.99963,0.01028,0.00756,-0.02409,0.06050,0.08372,0.63071,0,0
1768333690.234582,0.01781,0.02056,0.04200,-0.00205,0.00096,0.00068,0.52472,0.00083,0.22800,-0.00052,0.70689,0.00055,0.70733,1,3,0.99963,0.01028,0.00756,-0.02409,0.06050,0.08372,0.63071,0,0
1768333690.236628,0.01424,0.00296,-0.01831,0.00210,-0.00025,0.00037,0.52472,0.00083,0.22800,-0.00052,0.70689,0.00055,0.70733,1,3,0.99965,0.01026,0.00702,-0.02328,0.06052,0.08373,0.63080,0,0
1768333690.238590,0.00809,0.04819,0.01089,0.00046,-0.00149,-0.00041,0.52476,0.00083,0.22800,-0.00052,0.70689,0.00055,0.70733,1,3,0.99965,0.01026,0.00702,-0.02328,0.06052,0.08373,0.63080,0,0
1768333690.240668,0.01602,0.01738,0.01177,0.00031,-0.00041,0.00039,0.52480,0.00083,0.22800,-0.00052,0.70688,0.00055,0.70733,1,3,0.99965,0.01026,0.00702,-0.02328,0.06052,0.08373,0.63080,0,0
1768333690.242623,0.00464,0.01816,0.04163,-0.00121,0.00187,-0.00025,0.52480,0.00083,0.22800,-0.00052,0.70688,0.00055,0.70733,1,3,0.99965,0.01026,0.00702,-0.02328,0.06052,0.08373,0.63080,0,0
1768333690.244655,0.02612,0.00108,-0.01890,-0.00098,0.00112,-0.00085,0.52484,0.00083,0.22800,-0.00052,0.70688,0.00055,0.70733,1,3,0.99965,0.01026,0.00702,-0.02328,0.06052,0.08373,0.63080,0,0
1768333690.246633,-0.00969,-0.00742,-0.01011,0.00023,0.00031,0.00108,0.52484,0.00083,0.22800,-0.00052,0.70688,0.00055,0.70733,1,3,0.99965,0.01026,0.00702,-0.02328,0.06052,0.08373,0.63080,0,0
1768333690.248615,-0.02108,0.04508,-0.01192,-0.00023,0.00000,-0.00054,0.52488,0.00083,0.22800,-0.00052,0.70688,0.00055,0.70733,1,3,0.99965,0.01026,0.00702,-0.02328,0.06052,0.08373,0.63080,0,0
1768333690.250624,-0.02299,0.03153,-0.01891,0.00179,-0.00097,-0.00013,0.52488,0.00083,0.22800,-0.00052,0.70688,0.00055,0.70733,1,3,0.99965,0.01026,0.00702,-0.02328,0.06052,0.08373,0.63080,0,0
1768333690.252661,0.01919,-0.01548,-0.04085,0.00122,0.00085,0.00022,0.52492,0.00083,0.22800,-0.00052,0.70688,0.00055,0.70733,1,3,0.99965,0.01026,0.00702,-0.02328,0.06052,0.08373,0.63080,0,0
1768333690.254612,-0.03028,-0.02511,0.08121,-0.00021,0.00170,0.00064,0.52492,0.00083,0.22800,-0.00052,0.70688,0.00055,0.70733,1,3,0.99965,0.01026,0.00702,-0.02328,0.06052,0.08373,0.63080,0,0
1768333690.256639,-0.00036,-0.00268,-0.00303,-0.00015,0.00044,0.00013,0.52492,0.00083,0.22800,-0.00052,0.70688,0.00055,0.70733,1,3,0.99965,0.01026,0.00702,-0.02328,0.06052,0.08373,0.63080,0,0
1768333690.258600,-0.01270,0.02052,0.02679,-0.00009,-0.00033,-0.00024,0.52492,0.00083,0.22800,-0.00052,0.70688,0.00055,0.70733,1,3,0.99965,0.01026,0.00702,-0.02328,0.06052,0.08373,0.63080,0,0
1768333690.260638,0.01962,-0.02425,-0.04805,0.00133,-0.00055,0.00009,0.52496,0.00083,0.22800,-0.00052,0.70688,0.00055,0.70733,1,3,0.99965,0.01026,0.00702,-0.02328,0.06052,0.08373,0.63080,0,0
1768333690.262603,0.03694,-0.00266,0.01274,-0.00343,-0.00216,0.00093,0.52496,0.00083,0.22800,-0.00052,0.70688,0.00055,0.70733,1,3,0.99965,0.01026,0.00702,-0.02328,0.06052,0.08373,0.63080,0,0
1768333690.264615,-0.00478,-0.01525,-0.00271,-0.00009,0.00088,0.00028,0.52500,0.00083,0.22800,-0.00052,0.70689,0.00055,0.70733,1,3,0.99961,0.01024,0.00842,-0.02452,0.06049,0.08370,0.63056,0,0
1768333690.266615,-0.01255,0.00466,0.01201,-0.00072,0.00070,0.00016,0.52500,0.00083,0.22800,-0.00052,0.70689,0.00055,0.70733,1,3,0.99961,0.01024,0.00842,-0.02452,0.06049,0.08370,0.63056,0,0
1768333690.268649,0.02887,-0.01054,-0.00316,0.00041,0.00046,-0.00030,0.52504,0.00083,0.22800,-0.00052,0.70688,0.00055,0.70733,1,3,0.99961,0.01024,0.00842,-0.02452,0.06049,0.08370,0.63056,0,0
1768333690.270629,0.02463,0.01634,-0.00358,-0.00014,0.00050,0.00037,0.52508,0.00083,0.22800,-0.00052,0.70689,0.00055,0.70733,1,3,0.99961,0.01024,0.00842,-0.02452,0.06049,0.08370,0.63056,0,0
1768333690.272645,0.01616,0.02643,-0.00391,-0.00002,0.00059,0.00011,0.52508,0.00083,0.22800,-0.00052,0.70689,0.00055,0.70733,1,3,0.99961,0.01024,0.00842,-0.02452,0.06049,0.08370,0.63056,0,0
1768333690.274711,-0.01288,0.02562,0.04199,-0.00003,-0.00058,0.00004,0.52512,0.00083,0.22800,-0.00052,0.70689,0.00055,0.70733,1,3,0.99961,0.01024,0.00842,-0.02452,0.06049,0.08370,0.63056,0,0
1768333690.276723,-0.02570,0.00842,0.02719,0.00020,-0.00016,-0.00009,0.52512,0.00083,0.22800,-0.00052,0.70689,0.00055,0.70733,1,3,0.99961,0.01024,0.00842,-0.02452,0.06049,0.08370,0.63056,0,0
1768333690.278722,0.02676,0.00823,-0.03422,0.00173,0.00213,-0.00007,0.52516,0.00083,0.22800,-0.00052,0.70688,0.00055,0.70733,1,3,0.99961,0.01024,0.00842,-0.02452,0.06049,0.08370,0.63056,0,0
1768333690.280643,0.01005,-0.02436,-0.03313,0.00242,0.00045,-0.00030,0.52520,0.00083,0.22800,-0.00052,0.70689,0.00055,0.70733,1,3,0.99961,0.01024,0.00842,-0.02452,0.06049,0.08370,0.63056,0,0
1768333690.282655,-0.00398,0.00184,0.02753,0.00012,-0.00194,-0.00010,0.52520,0.00083,0.22800,-0.00052,0.70689,0.00055,0.70733,1,3,0.99961,0.01024,0.00842,-0.02452,0.06049,0.08370,0.63056,0,0
1768333690.284638,0.02179,0.04021,-0.02674,-0.00072,-0.00177,-0.00005,0.52520,0.00083,0.22800,-0.00052,0.70689,0.00055,0.70733,1,3,0.99961,0.01024,0.00842,-0.02452,0.06049,0.08370,0.63056,0,0
1768333690.286621,0.01214,0.02919,0.01894,-0.00020,0.00026,0.00026,0.52520,0.00083,0.22800,-0.00052,0.70689,0.00055,0.70733,1,3,0.99961,0.01024,0.00842,-0.02452,0.06049,0.08370,0.63056,0,0
1768333690.288644,0.02376,-0.02076,0.03575,-0.00321,-0.00047,0.00083,0.52524,0.00083,0.22800,-0.00052,0.70689,0.00055,0.70733,1,3,0.99961,0.01024,0.00842,-0.02452,0.06049,0.08370,0.63056,0,0
1768333690.290627,-0.00660,-0.04400,-0.02474,0.00197,0.00055,0.00027,0.52524,0.00083,0.22800,-0.00052,0.70689,0.00055,0.70733,1,3,0.99961,0.01024,0.00842,-0.02452,0.06049,0.08370,0.63056,0,0
1768333690.292631,-0.00011,-0.00259,-0.00318,-0.00015,0.00043,-0.00027,0.52528,0.00083,0.22800,-0.00052,0.70688,0.00055,0.70733,1,3,0.99964,0.01023,0.00700,-0.02365,0.06052,0.08373,0.63083,0,0
1768333690.294637,-0.00639,0.02399,0.01156,0.00083,0.00138,0.00081,0.52528,0.00083,0.22800,-0.00052,0.70688,0.00055,0.70733,1,3,0.99964,0.01023,0.00700,-0.02365,0.06052,0.08373,0.63083,0,0
1768333690.296634,0.01397,0.00297,-0.03370,0.00254,0.00000,-0.00004,0.52532,0.00083,0.22800,-0.00052,0.70688,0.00055,0.70733,1,3,0.99964,0.01023,0.00700,-0.02365,0.06052,0.08373,0.63083,0,0
1768333690.298659,0.00326,0.01534,0.01166,0.00072,-0.00026,-0.00013,0.52536,0.00083,0.22800,-0.00052,0.70688,0.00055,0.70733,1,3,0.99964,0.01023,0.00700,-0.02365,0.06052,0.08373,0.63083,0,0
1768333690.300630,0.01647,0.02087,-0.00362,-0.00074,0.00098,0.00065,0.52536,0.00083,0.22800,-0.00052,0.70688,0.00055,0.70733,1,3,0.99964,0.01023,0.00700,-0.02365,0.06052,0.08373,0.63083,0,0
1768333690.302714,-0.01333,0.02931,-0.01899,-0.00020,0.00082,0.00026,0.52540,0.00083,0.22800,-0.00052,0.70688,0.00055,0.70733,1,3,0.99964,0.01023,0.00700,-0.02365,0.06052,0.08373,0.63083,0,0
1768333690.304663,-0.01264,0.04915,-0.01207,-0.00062,0.00066,-0.00028,0.52540,0.00083,0.22800,-0.00052,0.70688,0.00055,0.70733,1,3,0.99964,0.01023,0.00700,-0.02365,0.06052,0.08373,0.63083,0,0
1768333690.306665,-0.01204,0.00966,-0.01850,-0.00110,0.00044,-0.00000,0.52544,0.00083,0.22800,-0.00052,0.70688,0.00055,0.70733,1,3,0.99964,0.01023,0.00700,-0.02365,0.06052,0.08373,0.63083,0,0
1768333690.308681,-0.01351,0.01462,0.00417,0.00006,0.00084,0.00028,0.52544,0.00083,0.22800,-0.00052,0.70688,0.00055,0.70733,1,3,0.99964,0.01023,0.00700,-0.02365,0.06052,0.08373,0.63083,0,0
1768333690.310655,0.01238,-0.01552,-0.04072,-0.00031,0.00055,0.00023,0.52548,0.00083,0.22800,-0.00052,0.70688,0.00055,0.70733,1,3,0.99964,0.01023,0.00700,-0.02365,0.06052,0.08373,0.63083,0,0
1768333690.312683,0.01114,-0.04468,-0.01721,0.00109,0.00059,0.00026,0.52548,0.00083,0.22800,-0.00052,0.70688,0.00055,0.70733,1,3,0.99964,0.01023,0.00700,-0.02365,0.06052,0.08373,0.63083,0,0
1768333690.314659,0.01668,0.00170,-0.00331,-0.00032,0.00061,-0.00002,0.52548,0.00083,0.22800,-0.00052,0.70688,0.00055,0.70733,1,3,0.99964,0.01023,0.00700,-0.02365,0.06052,0.08373,0.63083,0,0
1768333690.316674,0.00050,0.00264,0.03488,-0.00074,-0.00022,0.00003,0.52552,0.00083,0.22800,-0.00052,0.70688,0.00055,0.70733,1,3,0.99964,0.01023,0.00700,-0.02365,0.06052,0.08373,0.63083,0,0
1768333690.318669,0.01770,0.05510,-0.01228,-0.00186,0.00106,0.00009,0.52552,0.00083,0.22800,-0.00052,0.70688,0.00055,0.70733,1,3,0.99964,0.01023,0.00700,-0.02365,0.06052,0.08373,0.63083,0,0
1768333690.320657,0.00744,0.02523,-0.01170,-0.00025,0.00235,0.00010,0.52556,0.00083,0.22800,-0.00052,0.70688,0.00055,0.70734,1,3,0.99962,0.01052,0.00915,-0.02388,0.06048,0.08369,0.63049,0,0
1768333690.322681,0.00145,0.02988,-0.02668,0.00199,0.00039,0.00023,0.52556,0.00083,0.22800,-0.00052,0.70688,0.00055,0.70734,1,3,0.99962,0.01052,0.00915,-0.02388,0.06048,0.08369,0.63049,0,0
1768333690.324667,0.04114,0.01930,0.01196,-0.00338,-0.00185,0.00051,0.52560,0.00084,0.22800,-0.00052,0.70688,0.00055,0.70733,1,3,0.99962,0.01052,0.00915,-0.02388,0.06048,0.08369,0.63049,0,0
1768333690.326658,-0.00536,-0.01916,0.03556,0.00074,-0.00012,0.00044,0.52564,0.00084,0.22800,-0.00052,0.70688,0.00055,0.70734,1,3,0.99962,0.01052,0.00915,-0.02388,0.06048,0.08369,0.63049,0,0
1768333690.328673,-0.01688,0.01294,0.01177,-0.00018,-0.00002,-0.00024,0.52564,0.00084,0.22800,-0.00052,0.70688,0.00055,0.70734,1,3,0.99962,0.01052,0.00915,-0.02388,0.06048,0.08369,0.63049,0,0
1768333690.330655,0.00621,0.02569,-0.00376,0.00063,0.00187,0.00092,0.52568,0.00084,0.22801,-0.00052,0.70688,0.00055,0.70734,1,3,0.99962,0.01052,0.00915,-0.02388,0.06048,0.08369,0.63049,0,0
1768333690.332693,0.02389,0.03914,0.02678,-0.00336,-0.00153,0.00081,0.52568,0.00084,0.22801,-0.00052,0.70688,0.00055,0.70734,1,3,0.99962,0.01052,0.00915,-0.02388,0.06048,0.08369,0.63049,0,0
1768333690.334677,-0.00029,0.00754,0.00407,0.00019,0.00029,-0.00054,0.52572,0.00084,0.22800,-0.00052,0.70688,0.00055,0.70734,1,3,0.99962,0.01052,0.00915,-0.02388,0.06048,0.08369,0.63049,0,0
1768333690.336690,0.00379,-0.02433,0.01279,0.00024,-0.00023,0.00015,0.52572,0.00084,0.22800,-0.00052,0.70688,0.00055,0.70734,1,3,0.99962,0.01052,0.00915,-0.02388,0.06048,0.08369,0.63049,0,0
1768333690.338675,-0.00024,0.01676,-0.01104,-0.00057,0.00055,0.00039,0.52576,0.00084,0.22801,-0.00052,0.70687,0.00055,0.70734,1,3,0.99962,0.01052,0.00915,-0.02388,0.06048,0.08369,0.63049,0,0
1768333690.340679,-0.02313,-0.00491,-0.04106,0.00135,0.00135,-0.00001,0.52576,0.00084,0.22801,-0.00052,0.70687,0.00055,0.70734,1,3,0.99962,0.01052,0.00915,-0.02388,0.06048,0.08369,0.63049,0,0
1768333690.342673,0.00151,0.05361,-0.05035,0.00162,0.00151,-0.00006,0.52576,0.00084,0.22801,-0.00052,0.70687,0.00055,0.70734,1,3,0.99962,0.01052,0.00915,-0.02388,0.06048,0.08369,0.63049,0,0
1768333690.344680,-0.00058,-0.01186,0.01243,0.00039,-0.00019,0.00002,0.52580,0.00084,0.22801,-0.00052,0.70687,0.00055,0.70734,1,3,0.99962,0.01052,0.00915,-0.02388,0.06048,0.08369,0.63049,0,0
1768333690.346689,-0.00364,-0.00338,-0.00304,0.00005,-0.00144,-0.00080,0.52580,0.00084,0.22801,-0.00052,0.70687,0.00055,0.70734,1,3,0.99962,0.01052,0.00915,-0.02388,0.06048,0.08369,0.63049,0,0
1768333690.348669,0.01532,-0.00740,-0.00274,0.00088,-0.00012,0.00066,0.52585,0.00084,0.22801,-0.00052,0.70687,0.00055,0.70734,1,3,0.99962,0.01052,0.00915,-0.02388,0.06048,0.08369,0.63049,0,0
1768333690.350671,0.02962,0.01855,0.01144,-0.00077,0.00056,0.00011,0.52585,0.00084,0.22801,-0.00052,0.70687,0.00055,0.70734,1,3,0.99962,0.01052,0.00915,-0.02388,0.06048,0.08369,0.63049,0,0
1768333690.352669,0.00398,0.00401,0.01945,-0.00051,0.00114,0.00014,0.52589,0.00084,0.22801,-0.00052,0.70687,0.00055,0.70734,1,3,0.99962,0.01052,0.00915,-0.02388,0.06048,0.08369,0.63049,0,0
1768333690.354688,-0.00929,0.03154,0.01132,-0.00018,0.00103,0.00041,0.52589,0.00084,0.22801,-0.00052,0.70687,0.00055,0.70734,1,3,0.99962,0.01052,0.00915,-0.02388,0.06048,0.08369,0.63049,0,0
1768333690.356702,0.01993,0.02859,-0.00400,0.00023,0.00093,0.00024,0.52592,0.00084,0.22801,-0.00052,0.70687,0.00055,0.70734,1,3,0.99962,0.01052,0.00915,-0.02388,0.06048,0.08369,0.63049,0,0
1768333690.358699,0.00270,-0.00911,-0.04076,0.00130,-0.00048,0.00010,0.52592,0.00084,0.22801,-0.00052,0.70687,0.00055,0.70734,1,3,0.99958,0.01021,0.01005,-0.02533,0.06046,0.08367,0.63029,0,0
1768333690.360699,-0.01878,0.00304,0.01218,0.00123,0.00040,0.00043,0.52596,0.00084,0.22801,-0.00052,0.70687,0.00055,0.70734,1,3,0.99958,0.01021,0.01005,-0.02533,0.06046,0.08367,0.63029,0,0
1768333690.362719,-0.01112,-0.00217,-0.04109,0.00204,0.00082,0.00011,0.52596,0.00084,0.22801,-0.00052,0.70687,0.00055,0.70734,1,3,0.99958,0.01021,0.01005,-0.02533,0.06046,0.08367,0.63029,0,0
1768333690.364697,0.00758,0.02609,0.02678,-0.00046,0.00096,0.00095,0.52600,0.00084,0.22801,-0.00052,0.70687,0.00055,0.70734,1,3,0.99958,0.01021,0.01005,-0.02533,0.06046,0.08367,0.63029,0,0
1768333690.366743,0.00357,-0.00503,0.01974,0.00026,0.00039,0.00001,0.52604,0.00084,0.22801,-0.00052,0.70687,0.00055,0.70734,1,3,0.99958,0.01021,0.01005,-0.02533,0.06046,0.08367,0.63029,0,0
1768333690.368733,0.02747,0.00946,-0.00360,0.00153,0.00047,-0.00004,0.52604,0.00084,0.22801,-0.00052,0.70687,0.00055,0.70734,1,3,0.99958,0.01021,0.01005,-0.02533,0.06046,0.08367,0.63029,0,0
1768333690.370721,-0.01340,0.00073,0.01210,0.00054,-0.00005,-0.00011,0.52609,0.00084,0.22801,-0.00052,0.70687,0.00055,0.70734,1,3,0.99958,0.01021,0.01005,-0.02533,0.06046,0.08367,0.63029,0,0
1768333690.372688,-0.00533,0.02566,-0.02643,0.00084,-0.00067,-0.00002,0.52609,0.00084,0.22801,-0.00052,0.70687,0.00055,0.70734,1,3,0.99958,0.01021,0.01005,-0.02533,0.06046,0.08367,0.63029,0,0
1768333690.374694,0.01946,0.02430,0.01144,0.00083,0.00031,0.00039,0.52613,0.00084,0.22801,-0.00052,0.70687,0.00055,0.70735,1,3,0.99958,0.01021,0.01005,-0.02533,0.06046,0.08367,0.63029,0,0
1768333690.376690,0.03156,-0.01790,-0.02587,0.00185,0.00082,-0.00032,0.52613,0.00084,0.22801,-0.00052,0.70687,0.00055,0.70735,1,3,0.99958,0.01021,0.01005,-0.02533,0.06046,0.08367,0.63029,0,0
1768333690.378734,0.00329,-0.00583,0.03496,0.00003,0.00128,0.00043,0.52613,0.00084,0.22801,-0.00052,0.70687,0.00055,0.70735,1,3,0.99958,0.01021,0.01005,-0.02533,0.06046,0.08367,0.63029,0,0
1768333690.380693,0.01064,0.00439,-0.03397,0.00146,0.00118,-0.00031,0.52617,0.00084,0.22801,-0.00052,0.70687,0.00055,0.70735,1,3,0.99958,0.01021,0.01005,-0.02533,0.06046,0.08367,0.63029,0,0
1768333690.382715,-0.00506,-0.02388,-0.02531,0.00090,-0.00026,-0.00028,0.52617,0.00084,0.22801,-0.00052,0.70687,0.00055,0.70735,1,3,0.99958,0.01021,0.01005,-0.02533,0.06046,0.08367,0.63029,0,0
1768333690.384714,0.00240,0.00002,-0.04868,0.00119,0.00041,0.00023,0.52621,0.00084,0.22801,-0.00052,0.70687,0.00055,0.70735,1,3,0.99958,0.01021,0.01005,-0.02533,0.06046,0.08367,0.63029,0,0
1768333690.386709,0.00243,-0.01906,-0.05579,0.00161,-0.00022,-0.00004,0.52621,0.00084,0.22801,-0.00052,0.70687,0.00055,0.70735,1,3,0.99958,0.01021,0.01005,-0.02533,0.06046,0.08367,0.63029,0,0
1768333690.388712,-0.00042,0.01195,-0.00326,-0.00041,0.00043,0.00053,0.52625,0.00084,0.22801,-0.00052,0.70687,0.00055,0.70734,1,3,0.99966,0.01048,0.00753,-0.02244,0.06052,0.08373,0.63082,0,0
1768333690.390715,-0.01412,0.00985,-0.00308,0.00044,0.00060,0.00082,0.52625,0.00084,0.22801,-0.00052,0.70687,0.00055,0.70734,1,3,0.99966,0.01048,0.00753,-0.02244,0.06052,0.08373,0.63082,0,0
1768333690.392724,0.00306,0.04812,0.01840,-0.00019,0.00150,0.00053,0.52629,0.00084,0.22802,-0.00052,0.70686,0.00055,0.70735,1,3,0.99966,0.01048,0.00753,-0.02244,0.06052,0.08373,0.63082,0,0
1768333690.394730,-0.00397,-0.00364,-0.02589,0.00027,-0.00106,-0.00082,0.52629,0.00084,0.22802,-0.00052,0.70686,0.00055,0.70735,1,3,0.99966,0.01048,0.00753,-0.02244,0.06052,0.08373,0.63082,0,0
1768333690.396720,-0.02131,0.01518,0.00431,-0.00038,0.00017,0.00029,0.52633,0.00084,0.22802,-0.00052,0.70686,0.00055,0.70735,1,3,0.99966,0.01048,0.00753,-0.02244,0.06052,0.08373,0.63082,0,0
1768333690.398726,0.01487,-0.01220,-0.01035,0.00148,0.00001,0.00038,0.52637,0.00084,0.22802,-0.00052,0.70686,0.00055,0.70735,1,3,0.99966,0.01048,0.00753,-0.02244,0.06052,0.08373,0.63082,0,0
1768333690.400728,-0.00981,0.00298,0.00460,0.00079,0.00004,0.00042,0.52637,0.00084,0.22802,-0.00052,0.70686,0.00055,0.70735,1,3,0.99966,0.01048,0.00753,-0.02244,0.06052,0.08373,0.63082,0,0
1768333690.402841,0.02261,0.00920,0.01978,-0.00219,-0.00060,0.00081,0.52641,0.00084,0.22802,-0.00052,0.70686,0.00055,0.70735,1,3,0.99966,0.01048,0.00753,-0.02244,0.06052,0.08373,0.63082,0,0
1768333690.404716,0.01715,0.04068,-0.01948,-0.00116,0.00083,0.00009,0.52641,0.00084,0.22802,-0.00052,0.70686,0.00055,0.70735,1,3,0.99966,0.01048,0.00753,-0.02244,0.06052,0.08373,0.63082,0,0
1768333690.406737,-0.01310,0.03991,0.02633,-0.00008,0.00004,0.00002,0.52645,0.00084,0.22802,-0.00052,0.70686,0.00055,0.70735,1,3,0.99966,0.01048,0.00753,-0.02244,0.06052,0.08373,0.63082,0,0
1768333690.408714,0.01127,0.01531,-0.01117,0.00116,-0.00036,-0.00016,0.52645,0.00084,0.22802,-0.00052,0.70686,0.00055,0.70735,1,3,0.99966,0.01048,0.00753,-0.02244,0.06052,0.08373,0.63082,0,0
1768333690.410752,0.02464,0.01148,0.03441,0.00002,0.00063,0.00013,0.52649,0.00084,0.22802,-0.00052,0.70686,0.00055,0.70735,1,3,0.99966,0.01048,0.00753,-0.02244,0.06052,0.08373,0.63082,0,0
1768333690.412724,0.03423,0.01239,0.01944,-0.00062,-0.00114,0.00012,0.52649,0.00084,0.22802,-0.00052,0.70686,0.00055,0.70735,1,3,0.99966,0.01048,0.00753,-0.02244,0.06052,0.08373,0.63082,0,0
1768333690.414722,0.01071,0.00996,-0.00313,0.00109,-0.00008,0.00079,0.52649,0.00084,0.22802,-0.00052,0.70686,0.00055,0.70735,1,3,0.99966,0.01048,0.00753,-0.02244,0.06052,0.08373,0.63082,0,0
1768333690.416768,-0.00477,0.00539,-0.01850,0.00038,-0.00003,-0.00028,0.52653,0.00084,0.22802,-0.00052,0.70686,0.00055,0.70735,1,3,0.99966,0.01048,0.00753,-0.02244,0.06052,0.08373,0.63082,0,0
1768333690.418741,-0.02080,0.03500,-0.03399,-0.00101,-0.00035,0.00053,0.52653,0.00084,0.22802,-0.00052,0.70686,0.00055,0.70735,1,3,0.99966,0.01048,0.00753,-0.02244,0.06052,0.08373,0.63082,0,0
1768333690.420746,0.02171,0.02020,-0.03400,-0.00053,-0.00125,-0.00032,0.52657,0.00084,0.22802,-0.00052,0.70686,0.00055,0.70736,1,3,0.99966,0.01048,0.00753,-0.02244,0.06052,0.08373,0.63082,0,0
1768333690.422771,-0.01266,0.01982,0.00427,-0.00076,0.00006,0.00055,0.52657,0.00084,0.22802,-0.00052,0.70686,0.00055,0.70736,1,3,0.99966,0.01048,0.00753,-0.02244,0.06052,0.08373,0.63082,0,0
1768333690.424749,0.00778,0.00697,0.01931,0.00018,0.00070,-0.00013,0.52661,0.00084,0.22802,-0.00052,0.70685,0.00055,0.70736,1,3,0.99966,0.01048,0.00753,-0.02244,0.06052,0.08373,0.63082,0,0
1768333690.426787,0.00640,-0.01211,-0.03311,0.00148,0.00011,0.00037,0.52661,0.00084,0.22802,-0.00052,0.70685,0.00055,0.70736,1,3,0.99961,0.01018,0.00838,-0.02474,0.06049,0.08370,0.63052,0,0
1768333690.428740,0.01805,-0.00026,-0.00345,0.00250,0.00097,-0.00016,0.52665,0.00084,0.22802,-0.00052,0.70686,0.00055,0.70736,1,3,0.99961,0.01018,0.00838,-0.02474,0.06049,0.08370,0.63052,0,0
1768333690.430760,-0.01843,0.01263,-0.02618,0.00090,0.00064,0.00013,0.52665,0.00084,0.22802,-0.00052,0.70686,0.00055,0.70736,1,3,0.99961,0.01018,0.00838,-0.02474,0.06049,0.08370,0.63052,0,0
1768333690.432742,0.03866,0.02858,0.00371,-0.00130,-0.00018,0.00023,0.52669,0.00084,0.22802,-0.00052,0.70685,0.00055,0.70736,1,3,0.99961,0.01018,0.00838,-0.02474,0.06049,0.08370,0.63052,0,0
1768333690.434751,0.01248,0.01817,0.01916,-0.00099,0.00141,0.00053,0.52673,0.00084,0.22802,-0.00052,0.70686,0.00055,0.70736,1,3,0.99961,0.01018,0.00838,-0.02474,0.06049,0.08370,0.63052,0,0
1768333690.436736,0.01509,-0.00302,-0.02582,0.00094,0.00064,0.00050,0.52673,0.00084,0.22802,-0.00052,0.70686,0.00055,0.70736,1,3,0.99961,0.01018,0.00838,-0.02474,0.06049,0.08370,0.63052,0,0
1768333690.438760,-0.00077,0.03165,-0.00403,0.00004,0.00079,-0.00001,0.52677,0.00084,0.22802,-0.00052,0.70686,0.00055,0.70736,1,3,0.99961,0.01018,0.00838,-0.02474,0.06049,0.08370,0.63052,0,0
1768333690.440759,-0.00637,0.02557,-0.04189,0.00193,-0.00003,-0.00044,0.52677,0.00084,0.22802,-0.00052,0.70686,0.00055,0.70736,1,3,0.99961,0.01018,0.00838,-0.02474,0.06049,0.08370,0.63052,0,0
1768333690.442789,-0.01456,0.00079,-0.05614,0.00142,-0.00002,0.00024,0.52681,0.00084,0.22802,-0.00052,0.70685,0.00055,0.70736,1,3,0.99961,0.01018,0.00838,-0.02474,0.06049,0.08370,0.63052,0,0
1768333690.444769,-0.00601,-0.04141,-0.00917,-0.00237,-0.00123,0.00043,0.52681,0.00084,0.22802,-0.00052,0.70685,0.00055,0.70736,1,3,0.99961,0.01018,0.00838,-0.02474,0.06049,0.08370,0.63052,0,0
1768333690.446752,0.01175,-0.00595,0.03494,0.00003,0.00118,0.00042,0.52681,0.00084,0.22802,-0.00052,0.70685,0.00055,0.70736,1,3,0.99961,0.01018,0.00838,-0.02474,0.06049,0.08370,0.63052,0,0
1768333690.448764,-0.00133,-0.00757,-0.02588,0.00088,0.00083,-0.00015,0.52685,0.00084,0.22802,-0.00052,0.70686,0.00055,0.70736,1,3,0.99961,0.01018,0.00838,-0.02474,0.06049,0.08370,0.63052,0,0
1768333690.450753,-0.00184,0.04187,-0.02685,0.00082,0.00043,0.00051,0.52685,0.00084,0.22802,-0.00052,0.70686,0.00055,0.70736,1,3,0.99961,0.01018,0.00838,-0.02474,0.06049,0.08370,0.63052,0,0
1768333690.452762,-0.01702,0.03229,0.00391,-0.00060,0.00011,0.00042,0.52690,0.00084,0.22802,-0.00052,0.70685,0.00055,0.70736,1,3,0.99961,0.01018,0.00838,-0.02474,0.06049,0.08370,0.63052,0,0
1768333690.454746,-0.01695,0.04757,0.05641,-0.00020,-0.00005,-0.00035,0.52690,0.00084,0.22802,-0.00052,0.70685,0.00055,0.70736,1,3,0.99961,0.01018,0.00838,-0.02474,0.06049,0.08370,0.63052,0,0
1768333690.456762,0.01807,0.01689,0.05000,-0.00188,-0.00068,0.00083,0.52694,0.00084,0.22802,-0.00052,0.70686,0.00055,0.70736,1,3,0.99961,0.01018,0.00838,-0.02474,0.06049,0.08370,0.63052,0,0
1768333690.458775,0.01187,-0.02117,0.05044,-0.00016,0.00170,0.00043,0.52694,0.00084,0.22802,-0.00052,0.70686,0.00055,0.70736,1,3,0.99966,0.01032,0.00774,-0.02272,0.06051,0.08373,0.63079,0,0
1768333690.460762,0.03917,-0.05645,0.02101,-0.00189,0.00115,0.00053,0.52698,0.00084,0.22802,-0.00052,0.70686,0.00055,0.70735,1,3,0.99966,0.01032,0.00774,-0.02272,0.06051,0.08373,0.63079,0,0
1768333690.462757,0.00239,-0.03412,-0.00212,0.00143,0.00005,0.00041,0.52698,0.00084,0.22802,-0.00052,0.70686,0.00055,0.70735,1,3,0.99966,0.01032,0.00774,-0.02272,0.06051,0.08373,0.63079,0,0
1768333690.464752,-0.01866,0.01832,-0.02627,0.00141,-0.00012,-0.00001,0.52702,0.00084,0.22802,-0.00052,0.70686,0.00055,0.70736,1,3,0.99966,0.01032,0.00774,-0.02272,0.06051,0.08373,0.63079,0,0
1768333690.466755,-0.00402,0.03448,-0.00390,-0.00080,0.00007,0.00013,0.52706,0.00084,0.22802,-0.00052,0.70686,0.00055,0.70735,1,3,0.99966,0.01032,0.00774,-0.02272,0.06051,0.08373,0.63079,0,0
1768333690.468779,-0.00963,0.02766,0.00387,0.00065,0.00002,0.00014,0.52706,0.00084,0.22802,-0.00052,0.70686,0.00055,0.70735,1,3,0.99966,0.01032,0.00774,-0.02272,0.06051,0.08373,0.63079,0,0
1768333690.470770,0.02076,-0.01160,-0.01052,-0.00070,0.00146,0.00051,0.52710,0.00084,0.22802,-0.00052,0.70686,0.00055,0.70735,1,3,0.99966,0.01032,0.00774,-0.02272,0.06051,0.08373,0.63079,0,0
1768333690.472780,-0.00137,-0.02761,0.02797,0.00064,0.00110,0.00043,0.52710,0.00084,0.22802,-0.00052,0.70686,0.00055,0.70735,1,3,0.99966,0.01032,0.00774,-0.02272,0.06051,0.08373,0.63079,0,0
1768333690.474791,0.00416,0.00095,-0.01839,0.00033,-0.00090,-0.00055,0.52714,0.00084,0.22802,-0.00052,0.70686,0.00055,0.70736,1,3,0.99966,0.01032,0.00774,-0.02272,0.06051,0.08373,0.63079,0,0
1768333690.476785,-0.00416,-0.00428,0.01233,-0.00017,-0.00053,0.00002,0.52714,0.00084,0.22802,-0.00052,0.70686,0.00055,0.70736,1,3,0.99966,0.01032,0.00774,-0.02272,0.06051,0.08373,0.63079,0,0
1768333690.478781,-0.00900,0.02238,-0.00354,-0.00007,0.00014,0.00027,0.52714,0.00084,0.22802,-0.00052,0.70686,0.00055,0.70736,1,3,0.99966,0.01032,0.00774,-0.02272,0.06051,0.08373,0.63079,0,0
1768333690.480794,0.00165,0.01978,-0.01114,0.00165,0.00053,0.00052,0.52718,0.00084,0.22802,-0.00052,0.70686,0.00055,0.70735,1,3,0.99966,0.01032,0.00774,-0.02272,0.06051,0.08373,0.63079,0,0
1768333690.482784,0.01681,0.02573,0.00326,-0.00046,0.00159,-0.00070,0.52718,0.00084,0.22802,-0.00052,0.70686,0.00055,0.70735,1,3,0.99966,0.01032,0.00774,-0.02272,0.06051,0.08373,0.63079,0,0
1768333690.484780,0.01992,0.01502,-0.01880,0.00094,-0.00033,-0.00017,0.52718,0.00084,0.22802,-0.00052,0.70686,0.00055,0.70735,1,3,0.99966,0.01032,0.00774,-0.02272,0.06051,0.08373,0.63079,0,0
1768333690.486788,-0.02615,0.00354,0.00457,0.00057,-0.00015,0.00003,0.52722,0.00084,0.22801,-0.00052,0.70686,0.00055,0.70735,1,3,0.99966,0.01032,0.00774,-0.02272,0.06051,0.08373,0.63079,0,0
1768333690.488778,-0.01540,0.03034,-0.01140,0.00199,0.00034,0.00026,0.52726,0.00084,0.22801,-0.00052,0.70687,0.00055,0.70735,1,3,0.99960,0.01030,0.00896,-0.02497,0.06049,0.08370,0.63059,0,0
1768333690.490802,0.01958,-0.00581,0.01971,0.00069,0.00096,0.00040,0.52726,0.00084,0.22801,-0.00052,0.70687,0.00055,0.70735,1,3,0.99960,0.01030,0.00896,-0.02497,0.06049,0.08370,0.63059,0,0
1768333690.492786,0.01121,-0.00475,-0.01066,0.00113,0.00004,-0.00002,0.52729,0.00084,0.22801,-0.00052,0.70687,0.00055,0.70735,1,3,0.99960,0.01030,0.00896,-0.02497,0.06049,0.08370,0.63059,0,0
1768333690.494795,0.02756,-0.01663,-0.02549,0.00056,0.00165,0.00103,0.52733,0.00084,0.22801,-0.00052,0.70687,0.00055,0.70734,1,3,0.99960,0.01030,0.00896,-0.02497,0.06049,0.08370,0.63059,0,0
1768333690.496783,-0.00867,0.00273,-0.01054,-0.00031,-0.00010,0.00041,0.52733,0.00084,0.22801,-0.00052,0.70687,0.00055,0.70734,1,3,0.99960,0.01030,0.00896,-0.02497,0.06049,0.08370,0.63059,0,0
1768333690.498861,-0.02643,0.01841,-0.02637,0.00097,-0.00003,-0.00040,0.52737,0.00084,0.22801,-0.00052,0.70687,0.00055,0.70734,1,3,0.99960,0.01030,0.00896,-0.02497,0.06049,0.08370,0.63059,0,0
1768333690.501004,-0.00995,-0.02640,-0.04814,0.00152,0.00019,-0.00043,0.52737,0.00084,0.22801,-0.00052,0.70687,0.00055,0.70734,1,3,0.99960,0.01030,0.00896,-0.02497,0.06049,0.08370,0.63059,0,0
1768333690.502775,0.01236,0.00359,-0.01082,-0.00073,0.00117,0.00052,0.52741,0.00084,0.22801,-0.00052,0.70687,0.00055,0.70734,1,3,0.99960,0.01030,0.00896,-0.02497,0.06049,0.08370,0.63059,0,0
1768333690.504794,-0.00299,-0.00252,-0.04118,0.00225,0.00110,0.00010,0.52741,0.00084,0.22801,-0.00052,0.70687,0.00055,0.70734,1,3,0.99960,0.01030,0.00896,-0.02497,0.06049,0.08370,0.63059,0,0
1768333690.506807,0.01459,-0.01214,-0.03350,0.00214,0.00038,-0.00044,0.52741,0.00084,0.22801,-0.00052,0.70687,0.00055,0.70734,1,3,0.99960,0.01030,0.00896,-0.02497,0.06049,0.08370,0.63059,0,0
1768333690.508819,-0.00935,0.01859,0.00403,0.00098,-0.00075,-0.00039,0.52741,0.00084,0.22801,-0.00052,0.70687,0.00055,0.70734,1,3,0.99960,0.01030,0.00896,-0.02497,0.06049,0.08370,0.63059,0,0
1768333690.510813,-0.00123,0.00744,0.01212,0.00041,0.00019,0.00068,0.52745,0.00084,0.22801,-0.00052,0.70687,0.00055,0.70734,1,3,0.99960,0.01030,0.00896,-0.02497,0.06049,0.08370,0.63059,0,0
1768333690.512808,0.01207,0.03889,0.01112,-0.00030,0.00038,0.00039,0.52749,0.00084,0.22801,-0.00052,0.70687,0.00055,0.70734,1,3,0.99960,0.01030,0.00896,-0.02497,0.06049,0.08370,0.63059,0,0
1768333690.514815,0.02097,0.05353,0.01834,-0.00078,0.00014,0.00038,0.52749,0.00084,0.22801,-0.00052,0.70687,0.00055,0.70734,1,3,0.99960,0.01030,0.00896,-0.02497,0.06049,0.08370,0.63059,0,0
1768333690.516801,0.02898,0.05359,0.01053,-0.00012,0.00016,-0.00004,0.52749,0.00084,0.22801,-0.00052,0.70687,0.00055,0.70734,1,3,0.99960,0.01030,0.00896,-0.02497,0.06049,0.08370,0.63059,0,0
1768333690.518803,0.02279,0.05217,-0.02741,0.00204,-0.00027,-0.00020,0.52754,0.00084,0.22801,-0.00052,0.70687,0.00055,0.70734,1,3,0.99960,0.01030,0.00896,-0.02497,0.06049,0.08370,0.63059,0,0
1768333690.520799,-0.00929,-0.02673,0.00538,0.00043,0.00006,0.00043,0.52754,0.00084,0.22801,-0.00052,0.70687,0.00055,0.70734,1,3,0.99960,0.01030,0.00896,-0.02497,0.06049,0.08370,0.63059,0,0
1768333690.522794,-0.02228,-0.00332,-0.02557,0.00115,-0.00082,0.00001,0.52758,0.00084,0.22801,-0.00052,0.70687,0.00055,0.70734,1,3,0.99960,0.01030,0.00896,-0.02497,0.06049,0.08370,0.63059,0,0
1768333690.524809,0.01319,-0.00460,0.00452,-0.00039,-0.00062,-0.00041,0.52758,0.00084,0.22801,-0.00052,0.70687,0.00055,0.70734,1,3,0.99962,0.01059,0.00906,-0.02392,0.06049,0.08371,0.63059,0,0
1768333690.526805,0.00054,0.03260,-0.01156,-0.00060,-0.00063,-0.00042,0.52762,0.00084,0.22801,-0.00052,0.70687,0.00055,0.70734,1,3,0.99962,0.01059,0.00906,-0.02392,0.06049,0.08371,0.63059,0,0
1768333690.528799,0.05178,0.02543,-0.00396,-0.00177,0.00017,0.00008,0.52766,0.00084,0.22801,-0.00052,0.70687,0.00055,0.70734,1,3,0.99962,0.01059,0.00906,-0.02392,0.06049,0.08371,0.63059,0,0
1768333690.530810,-0.01292,0.02476,-0.00353,-0.00048,0.00019,0.00041,0.52766,0.00084,0.22801,-0.00052,0.70687,0.00055,0.70734,1,3,0.99962,0.01059,0.00906,-0.02392,0.06049,0.08371,0.63059,0,0
1768333690.532857,0.01275,-0.01439,-0.00291,0.00014,-0.00048,-0.00055,0.52770,0.00084,0.22801,-0.00052,0.70687,0.00055,0.70734,1,3,0.99962,0.01059,0.00906,-0.02392,0.06049,0.08371,0.63059,0,0
1768333690.534830,0.00355,0.00111,-0.01805,0.00055,-0.00126,0.00026,0.52770,0.00084,0.22801,-0.00052,0.70687,0.00055,0.70734,1,3,0.99962,0.01059,0.00906,-0.02392,0.06049,0.08371,0.63059,0,0
1768333690.536827,0.02795,-0.00128,-0.03352,0.00052,0.00099,0.00062,0.52774,0.00084,0.22801,-0.00052,0.70688,0.00055,0.70734,1,3,0.99962,0.01059,0.00906,-0.02392,0.06049,0.08371,0.63059,0,0
1768333690.538819,0.01093,0.02415,0.00401,0.00061,0.00054,0.00079,0.52778,0.00084,0.22801,-0.00052,0.70688,0.00055,0.70734,1,3,0.99962,0.01059,0.00906,-0.02392,0.06049,0.08371,0.63059,0,0
1768333690.540806,0.01133,0.00966,-0.01073,0.00044,0.00004,0.00079,0.52778,0.00084,0.22801,-0.00052,0.70688,0.00055,0.70734,1,3,0.99962,0.01059,0.00906,-0.02392,0.06049,0.08371,0.63059,0,0
1768333690.542823,0.00478,0.00482,0.00445,-0.00094,-0.00014,0.00014,0.52778,0.00084,0.22801,-0.00052,0.70688,0.00055,0.70734,1,3,0.99962,0.01059,0.00906,-0.02392,0.06049,0.08371,0.63059,0,0
1768333690.544827,0.00208,-0.01000,-0.01834,0.00172,0.00104,-0.00029,0.52778,0.00084,0.22801,-0.00052,0.70688,0.00055,0.70734,1,3,0.99962,0.01059,0.00906,-0.02392,0.06049,0.08371,0.63059,0,0
1768333690.546863,0.01050,-0.02446,-0.01033,0.00199,0.00044,-0.00028,0.52782,0.00084,0.22801,-0.00052,0.70688,0.00055,0.70734,1,3,0.99962,0.01059,0.00906,-0.02392,0.06049,0.08371,0.63059,0,0
1768333690.548819,-0.00121,-0.00426,0.02774,-0.00279,-0.00159,0.00004,0.52782,0.00084,0.22801,-0.00052,0.70688,0.00055,0.70734,1,3,0.99962,0.01059,0.00906,-0.02392,0.06049,0.08371,0.63059,0,0
1768333690.550836,-0.00669,-0.02429,-0.04068,0.00220,0.00078,-0.00029,0.52786,0.00084,0.22801,-0.00052,0.70687,0.00055,0.70734,1,3,0.99962,0.01059,0.00906,-0.02392,0.06049,0.08371,0.63059,0,0
1768333690.552811,-0.01787,0.02210,0.00399,0.00015,0.00088,0.00028,0.52786,0.00084,0.22801,-0.00052,0.70687,0.00055,0.70734,1,3,0.99962,0.01059,0.00906,-0.02392,0.06049,0.08371,0.63059,0,0
1768333690.554829,-0.00082,0.02644,0.01148,-0.00024,0.00093,0.00054,0.52790,0.00084,0.22801,-0.00052,0.70687,0.00055,0.70734,1,3,0.99964,0.01013,0.00754,-0.02379,0.06051,0.08372,0.63079,0,0
1768333690.556824,-0.02119,0.01483,0.00427,-0.00060,0.00055,0.00029,0.52790,0.00084,0.22801,-0.00052,0.70687,0.00055,0.70734,1,3,0.99964,0.01013,0.00754,-0.02379,0.06051,0.08372,0.63079,0,0
1768333690.558835,0.01742,0.00738,0.03464,-0.00069,-0.00043,-0.00012,0.52794,0.00084,0.22801,-0.00052,0.70687,0.00055,0.70734,1,3,0.99964,0.01013,0.00754,-0.02379,0.06051,0.08372,0.63079,0,0
1768333690.560824,0.00300,0.00040,-0.00319,0.00098,0.00001,-0.00014,0.52798,0.00084,0.22801,-0.00052,0.70687,0.00055,0.70734,1,3,0.99964,0.01013,0.00754,-0.02379,0.06051,0.08372,0.63079,0,0
1768333690.562826,0.00473,0.01910,0.01123,-0.00076,0.00085,-0.00067,0.52798,0.00084,0.22801,-0.00052,0.70687,0.00055,0.70734,1,3,0.99964,0.01013,0.00754,-0.02379,0.06051,0.08372,0.63079,0,0
1768333690.564832,0.00902,-0.00235,-0.01811,-0.00080,-0.00056,0.00012,0.52802,0.00084,0.22802,-0.00052,0.70686,0.00055,0.70735,1,3,0.99964,0.01013,0.00754,-0.02379,0.06051,0.08372,0.63079,0,0
1768333690.566830,-0.01936,-0.01127,-0.01056,0.00236,0.00041,-0.00039,0.52802,0.00084,0.22802,-0.00052,0.70686,0.00055,0.70735,1,3,0.99964,0.01013,0.00754,-0.02379,0.06051,0.08372,0.63079,0,0
1768333690.568834,0.00256,-0.01437,-0.01044,0.00145,0.00015,-0.00014,0.52806,0.00084,0.22802,-0.00052,0.70687,0.00055,0.70735,1,3,0.99964,0.01013,0.00754,-0.02379,0.06051,0.08372,0.63079,0,0
1768333690.570834,-0.00193,0.01340,-0.01128,0.00201,-0.00020,-0.00069,0.52806,0.00084,0.22802,-0.00052,0.70687,0.00055,0.70735,1,3,0.99964,0.01013,0.00754,-0.02379,0.06051,0.08372,0.63079,0,0
1768333690.572839,0.01759,0.02694,-0.02650,-0.00110,-0.00056,0.00009,0.52811,0.00084,0.22802,-0.00052,0.70687,0.00055,0.70735,1,3,0.99964,0.01013,0.00754,-0.02379,0.06051,0.08372,0.63079,0,0
1768333690.574824,-0.01613,0.01971,-0.02639,0.00230,0.00138,0.00052,0.52811,0.00084,0.22802,-0.00052,0.70687,0.00055,0.70735,1,3,0.99964,0.01013,0.00754,-0.02379,0.06051,0.08372,0.63079,0,0
1768333690.576823,-0.00970,0.03748,0.03387,0.00077,0.00026,-0.00011,0.52811,0.00084,0.22802,-0.00052,0.70687,0.00055,0.70735,1,3,0.99964,0.01013,0.00754,-0.02379,0.06051,0.08372,0.63079,0,0
1768333690.578834,-0.00548,0.03445,0.01895,0.00030,0.00047,0.00055,0.52814,0.00084,0.22802,-0.00052,0.70686,0.00055,0.70735,1,3,0.99964,0.01013,0.00754,-0.02379,0.06051,0.08372,0.63079,0,0
1768333690.580822,0.00340,-0.00989,0.03529,0.00020,0.00015,0.00057,0.52814,0.00084,0.22802,-0.00052,0.70686,0.00055,0.70735,1,3,0.99964,0.01013,0.00754,-0.02379,0.06051,0.08372,0.63079,0,0
1768333690.582842,0.02123,-0.00102,-0.00315,-0.00079,0.00056,0.00025,0.52818,0.00084,0.22802,-0.00052,0.70686,0.00055,0.70735,1,3,0.99964,0.01013,0.00754,-0.02379,0.06051,0.08372,0.63079,0,0
1768333690.584836,-0.00049,-0.02300,-0.00999,-0.00040,0.00097,0.00067,0.52818,0.00084,0.22802,-0.00052,0.70686,0.00055,0.70735,1,3,0.99964,0.01013,0.00754,-0.02379,0.06051,0.08372,0.63079,0,0
1768333690.586869,0.00857,0.00774,-0.01848,-0.00025,-0.00057,-0.00016,0.52823,0.00084,0.22802,-0.00052,0.70686,0.00055,0.70735,1,3,0.99964,0.01013,0.00754,-0.02379,0.06051,0.08372,0.63079,0,0
1768333690.588863,0.00397,-0.00961,0.01242,-0.00002,-0.00025,0.00015,0.52823,0.00084,0.22802,-0.00052,0.70686,0.00055,0.70735,1,3,0.99964,0.01013,0.00754,-0.02379,0.06051,0.08372,0.63079,0,0
1768333690.590845,0.01673,0.02663,-0.04180,-0.00045,0.00008,0.00008,0.52826,0.00084,0.22802,-0.00052,0.70686,0.00055,0.70735,1,3,0.99962,0.01025,0.00793,-0.02415,0.06050,0.08371,0.63060,0,0
1768333690.592852,0.04184,0.00566,-0.01870,-0.00049,0.00094,0.00021,0.52826,0.00084,0.22802,-0.00052,0.70686,0.00055,0.70735,1,3,0.99962,0.01025,0.00793,-0.02415,0.06050,0.08371,0.63060,0,0
1768333690.594844,0.01580,0.02039,-0.02652,-0.00031,0.00176,0.00063,0.52830,0.00084,0.22802,-0.00052,0.70686,0.00055,0.70735,1,3,0.99962,0.01025,0.00793,-0.02415,0.06050,0.08371,0.63060,0,0
1768333690.596872,0.00654,-0.00796,-0.03359,0.00131,0.00124,-0.00017,0.52834,0.00084,0.22802,-0.00052,0.70686,0.00055,0.70735,1,3,0.99962,0.01025,0.00793,-0.02415,0.06050,0.08371,0.63060,0,0
1768333690.598852,0.00832,0.04245,0.01875,-0.00026,-0.00085,0.00013,0.52834,0.00084,0.22802,-0.00052,0.70686,0.00055,0.70735,1,3,0.99962,0.01025,0.00793,-0.02415,0.06050,0.08371,0.63060,0,0
1768333690.600848,-0.00036,0.01218,-0.01859,-0.00019,0.00030,0.00012,0.52838,0.00084,0.22802,-0.00052,0.70686,0.00055,0.70735,1,3,0.99962,0.01025,0.00793,-0.02415,0.06050,0.08371,0.63060,0,0
1768333690.602842,-0.00040,0.02135,-0.01889,-0.00052,0.00105,0.00025,0.52838,0.00084,0.22802,-0.00052,0.70686,0.00055,0.70735,1,3,0.99962,0.01025,0.00793,-0.02415,0.06050,0.08371,0.63060,0,0
1768333690.604854,0.00462,0.02928,0.00366,-0.00086,0.00022,-0.00014,0.52842,0.00084,0.22802,-0.00052,0.70686,0.00055,0.70736,1,3,0.99962,0.01025,0.00793,-0.02415,0.06050,0.08371,0.63060,0,0
1768333690.606854,0.00312,0.04827,-0.01195,-0.00019,0.00125,0.00051,0.52842,0.00084,0.22802,-0.00052,0.70686,0.00055,0.70736,1,3,0.99962,0.01025,0.00793,-0.02415,0.06050,0.08371,0.63060,0,0
1768333690.608844,0.00766,0.02218,0.00380,0.00037,0.00019,-0.00015,0.52846,0.00084,0.22802,-0.00052,0.70686,0.00055,0.70736,1,3,0.99962,0.01025,0.00793,-0.02415,0.06050,0.08371,0.63060,0,0
1768333690.610852,-0.02646,0.01900,0.01169,0.00120,-0.00067,-0.00037,0.52846,0.00084,0.22802,-0.00052,0.70686,0.00055,0.70736,1,3,0.99962,0.01025,0.00793,-0.02415,0.06050,0.08371,0.63060,0,0
1768333690.612845,-0.01233,-0.00966,0.00488,-0.00068,0.00008,0.00016,0.52851,0.00084,0.22802,-0.00052,0.70686,0.00055,0.70736,1,3,0.99962,0.01025,0.00793,-0.02415,0.06050,0.08371,0.63060,0,0
1768333690.614858,-0.00156,0.00211,-0.02557,0.00034,0.00047,0.00119,0.52851,0.00084,0.22802,-0.00052,0.70686,0.00055,0.70736,1,3,0.99962,0.01025,0.00793,-0.02415,0.06050,0.08371,0.63060,0,0
1768333690.616882,0.01126,0.01809,-0.01874,-0.00012,0.00169,0.00091,0.52851,0.00084,0.22802,-0.00052,0.70686,0.00055,0.70736,1,3,0.99962,0.01025,0.00793,-0.02415,0.06050,0.08371,0.63060,0,0
1768333690.618866,0.02011,0.03331,-0.02680,-0.00015,0.00093,0.00049,0.52855,0.00084,0.22803,-0.00052,0.70685,0.00055,0.70736,1,3,0.99962,0.01025,0.00793,-0.02415,0.06050,0.08371,0.63060,0,0
1768333690.620881,-0.00874,0.00757,0.01963,-0.00025,0.00015,0.00029,0.52855,0.00084,0.22803,-0.00052,0.70685,0.00055,0.70736,1,3,0.99962,0.01025,0.00793,-0.02415,0.06050,0.08371,0.63060,0,0
1768333690.622883,-0.01851,-0.00108,-0.01064,0.00161,-0.00037,-0.00026,0.52858,0.00084,0.22802,-0.00052,0.70686,0.00055,0.70736,1,3,0.99962,0.01038,0.00886,-0.02403,0.06049,0.08371,0.63058,0,0
1768333690.624875,-0.00002,0.00745,0.00444,-0.00047,-0.00008,0.00027,0.52858,0.00084,0.22802,-0.00052,0.70686,0.00055,0.70736,1,3,0.99962,0.01038,0.00886,-0.02403,0.06049,0.08371,0.63058,0,0
1768333690.626883,0.02092,-0.01543,-0.02552,-0.00031,0.00019,0.00023,0.52862,0.00084,0.22802,-0.00052,0.70685,0.00055,0.70736,1,3,0.99962,0.01038,0.00886,-0.02403,0.06049,0.08371,0.63058,0,0
1768333690.628867,0.03484,0.00712,-0.01853,-0.00112,-0.00089,-0.00018,0.52866,0.00084,0.22802,-0.00052,0.70686,0.00055,0.70735,1,3,0.99962,0.01038,0.00886,-0.02403,0.06049,0.08371,0.63058,0,0
1768333690.630871,-0.00035,-0.01265,-0.00268,-0.00027,0.00045,0.00041,0.52866,0.00084,0.22802,-0.00052,0.70686,0.00055,0.70735,1,3,0.99962,0.01038,0.00886,-0.02403,0.06049,0.08371,0.63058,0,0
1768333690.632882,-0.01835,0.00297,0.00442,0.00101,0.00052,0.00002,0.52870,0.00084,0.22802,-0.00052,0.70686,0.00055,0.70735,1,3,0.99962,0.01038,0.00886,-0.02403,0.06049,0.08371,0.63058,0,0
1768333690.634913,0.00375,0.01949,-0.01103,-0.00032,0.00012,0.00052,0.52870,0.00084,0.22802,-0.00052,0.70686,0.00055,0.70735,1,3,0.99962,0.01038,0.00886,-0.02403,0.06049,0.08371,0.63058,0,0
1768333690.637345,-0.01091,0.03195,-0.03466,0.00179,0.00142,-0.00044,0.52874,0.00084,0.22802,-0.00052,0.70686,0.00055,0.70735,1,3,0.99962,0.01038,0.00886,-0.02403,0.06049,0.08371,0.63058,0,0
1768333690.638871,-0.00903,0.01307,0.02711,0.00026,-0.00036,0.00016,0.52874,0.00084,0.22802,-0.00052,0.70686,0.00055,0.70735,1,3,0.99962,0.01038,0.00886,-0.02403,0.06049,0.08371,0.63058,0,0
1768333690.640870,0.00757,-0.00365,0.00454,-0.00016,0.00136,0.00053,0.52878,0.00084,0.22802,-0.00052,0.70686,0.00055,0.70735,1,3,0.99962,0.01038,0.00886,-0.02403,0.06049,0.08371,0.63058,0,0
1768333690.642876,0.02585,0.02141,0.03414,-0.00095,0.00022,-0.00014,0.52878,0.00084,0.22802,-0.00052,0.70686,0.00055,0.70735,1,3,0.99962,0.01038,0.00886,-0.02403,0.06049,0.08371,0.63058,0,0
1768333690.644865,0.00922,-0.00373,0.01966,-0.00148,0.00108,0.00014,0.52878,0.00084,0.22802,-0.00052,0.70686,0.00055,0.70735,1,3,0.99962,0.01038,0.00886,-0.02403,0.06049,0.08371,0.63058,0,0
1768333690.646876,0.00412,0.02417,-0.00363,-0.00070,0.00036,0.00039,0.52882,0.00084,0.22802,-0.00052,0.70686,0.00055,0.70735,1,3,0.99962,0.01038,0.00886,-0.02403,0.06049,0.08371,0.63058,0,0
1768333690.648883,0.01125,0.02451,0.01132,0.00083,0.00040,-0.00001,0.52882,0.00084,0.22802,-0.00052,0.70686,0.00055,0.70735,1,3,0.99962,0.01038,0.00886,-0.02403,0.06049,0.08371,0.63058,0,0
1768333690.650881,-0.00628,0.02075,-0.01872,0.00166,-0.00040,0.00012,0.52886,0.00084,0.22802,-0.00052,0.70686,0.00055,0.70736,1,3,0.99962,0.01038,0.00886,-0.02403,0.06049,0.08371,0.63058,0,0
1768333690.652861,0.04659,0.01900,0.02686,-0.00076,-0.00065,0.00051,0.52886,0.00084,0.22802,-0.00052,0.70686,0.00055,0.70736,1,3,0.99962,0.01038,0.00886,-0.02403,0.06049,0.08371,0.63058,0,0
1768333690.654895,0.01930,0.02807,0.03421,0.00022,0.00145,0.00107,0.52890,0.00084,0.22802,-0.00052,0.70686,0.00055,0.70735,1,3,0.99962,0.01038,0.00886,-0.02403,0.06049,0.08371,0.63058,0,0
1768333690.656886,0.00342,0.01927,-0.01109,-0.00010,0.00051,0.00052,0.52890,0.00084,0.22802,-0.00052,0.70686,0.00055,0.70735,1,3,0.99962,0.01038,0.00886,-0.02403,0.06049,0.08371,0.63058,0,0
1768333690.658902,-0.02558,-0.01116,-0.04056,0.00018,-0.00052,0.00000,0.52894,0.00084,0.22801,-0.00052,0.70686,0.00055,0.70735,1,3,0.99962,0.01038,0.00886,-0.02403,0.06049,0.08371,0.63058,0,0
1768333690.660932,0.00328,-0.00957,0.01255,0.00042,-0.00023,0.00055,0.52894,0.00084,0.22801,-0.00052,0.70686,0.00055,0.70735,1,3,0.99966,0.01016,0.00641,-0.02331,0.06051,0.08374,0.63086,0,0
1768333690.662898,0.01686,0.00153,-0.01092,-0.00054,0.00073,-0.00003,0.52898,0.00084,0.22801,-0.00052,0.70686,0.00055,0.70735,1,3,0.99966,0.01016,0.00641,-0.02331,0.06051,0.08374,0.63086,0,0
1768333690.664904,0.01591,0.02135,-0.00358,-0.00008,0.00061,0.00065,0.52898,0.00084,0.22801,-0.00052,0.70686,0.00055,0.70735,1,3,0.99966,0.01016,0.00641,-0.02331,0.06051,0.08374,0.63086,0,0
1768333690.666898,-0.00820,-0.00289,-0.03339,-0.00081,0.00066,0.00012,0.52898,0.00084,0.22801,-0.00052,0.70686,0.00055,0.70735,1,3,0.99966,0.01016,0.00641,-0.02331,0.06051,0.08374,0.63086,0,0
1768333690.668932,-0.03021,0.00552,-0.00309,0.00016,0.00041,0.00016,0.52906,0.00084,0.22802,-0.00052,0.70686,0.00055,0.70735,1,3,0.99966,0.01016,0.00641,-0.02331,0.06051,0.08374,0.63086,0,0
1768333690.670956,0.00407,-0.00509,-0.02561,-0.00040,0.00001,0.00038,0.52906,0.00084,0.22802,-0.00052,0.70686,0.00055,0.70735,1,3,0.99966,0.01016,0.00641,-0.02331,0.06051,0.08374,0.63086,0,0
1768333690.672893,-0.00126,-0.01808,0.01255,0.00032,0.00135,0.00055,0.52911,0.00084,0.22802,-0.00052,0.70686,0.00055,0.70735,1,3,0.99966,0.01016,0.00641,-0.02331,0.06051,0.08374,0.63086,0,0
1768333690.674886,0.01614,0.01085,0.02672,-0.00021,0.00162,0.00013,0.52911,0.00084,0.22802,-0.00052,0.70686,0.00055,0.70735,1,3,0.99966,0.01016,0.00641,-0.02331,0.06051,0.08374,0.63086,0,0
1768333690.676896,0.03157,0.01674,-0.01883,0.00140,0.00029,0.00035,0.52915,0.00084,0.22802,-0.00052,0.70686,0.00055,0.70735,1,3,0.99966,0.01016,0.00641,-0.02331,0.06051,0.08374,0.63086,0,0
1768333690.678886,0.01363,0.01271,-0.03411,0.00287,0.00038,-0.00032,0.52915,0.00084,0.22802,-0.00052,0.70686,0.00055,0.70735,1,3,0.99966,0.01016,0.00641,-0.02331,0.06051,0.08374,0.63086,0,0
1768333690.680884,-0.00431,0.02512,0.01913,-0.00025,-0.00030,0.00002,0.52919,0.00084,0.22802,-0.00052,0.70686,0.00055,0.70735,1,3,0.99966,0.01016,0.00641,-0.02331,0.06051,0.08374,0.63086,0,0
1768333690.682975,0.00368,0.01940,0.01155,-0.00010,0.00050,0.00013,0.52919,0.00084,0.22802,-0.00052,0.70686,0.00055,0.70735,1,3,0.99966,0.01016,0.00641,-0.02331,0.06051,0.08374,0.63086,0,0
1768333690.685005,0.01333,0.00857,0.02704,-0.00154,0.00090,0.00041,0.52919,0.00084,0.22802,-0.00052,0.70686,0.00055,0.70735,1,3,0.99966,0.01016,0.00641,-0.02331,0.06051,0.08374,0.63086,0,0
1768333690.686908,-0.00583,0.01564,-0.01852,0.00116,-0.00040,0.00026,0.52923,0.00084,0.22802,-0.00052,0.70686,0.00055,0.70735,1,3,0.99966,0.01016,0.00641,-0.02331,0.06051,0.08374,0.63086,0,0
1768333690.688912,0.01587,0.04546,-0.00442,-0.00022,0.00135,0.00037,0.52923,0.00084,0.22802,-0.00052,0.70686,0.00055,0.70735,1,3,0.99966,0.01016,0.00641,-0.02331,0.06051,0.08374,0.63086,0,0
1768333690.690907,-0.02713,0.03832,-0.01918,0.00143,-0.00017,-0.00013,0.52927,0.00084,0.22802,-0.00052,0.70686,0.00055,0.70735,1,3,0.99966,0.01016,0.00641,-0.02331,0.06051,0.08374,0.63086,0,0
1768333690.692958,-0.00473,0.03946,-0.02673,-0.00030,0.00008,0.00038,0.52927,0.00084,0.22802,-0.00052,0.70686,0.00055,0.70735,1,3,0.99963,0.01034,0.00735,-0.02415,0.06049,0.08370,0.63055,0,0
1768333690.695009,-0.00085,-0.02266,0.00523,0.00004,0.00072,0.00068,0.52931,0.00084,0.22802,-0.00052,0.70686,0.00055,0.70736,1,3,0.99963,0.01034,0.00735,-0.02415,0.06049,0.08370,0.63055,0,0
1768333690.696934,0.02399,-0.02436,0.00542,-0.00260,-0.00187,0.00013,0.52931,0.00084,0.22802,-0.00052,0.70686,0.00055,0.70736,1,3,0.99963,0.01034,0.00735,-0.02415,0.06049,0.08370,0.63055,0,0
1768333690.698906,0.01579,0.00196,-0.00334,0.00056,0.00062,-0.00002,0.52935,0.00084,0.22802,-0.00052,0.70686,0.00055,0.70736,1,3,0.99963,0.01034,0.00735,-0.02415,0.06049,0.08370,0.63055,0,0
1768333690.700916,-0.02946,0.00694,-0.01058,0.00018,-0.00138,-0.00024,0.52939,0.00084,0.22803,-0.00052,0.70685,0.00055,0.70736,1,3,0.99963,0.01034,0.00735,-0.02415,0.06049,0.08370,0.63055,0,0
1768333690.702914,-0.01931,0.04263,-0.00397,0.00149,0.00025,0.00054,0.52939,0.00084,0.22803,-0.00052,0.70685,0.00055,0.70736,1,3,0.99963,0.01034,0.00735,-0.02415,0.06049,0.08370,0.63055,0,0
1768333690.704981,0.00816,0.04138,0.04894,-0.00049,0.00055,0.00015,0.52943,0.00084,0.22802,-0.00052,0.70685,0.00055,0.70736,1,3,0.99963,0.01034,0.00735,-0.02415,0.06049,0.08370,0.63055,0,0
1768333690.706903,0.04599,0.02739,-0.00416,-0.00066,0.00138,0.00021,0.52943,0.00084,0.22802,-0.00052,0.70685,0.00055,0.70736,1,3,0.99963,0.01034,0.00735,-0.02415,0.06049,0.08370,0.63055,0,0
1768333690.708934,0.00659,-0.03207,-0.03275,0.00146,0.00051,0.00011,0.52947,0.00084,0.22802,-0.00052,0.70685,0.00055,0.70736,1,3,0.99963,0.01034,0.00735,-0.02415,0.06049,0.08370,0.63055,0,0
1768333690.710924,0.00416,-0.03962,-0.00189,-0.00038,0.00004,0.00055,0.52947,0.00084,0.22802,-0.00052,0.70685,0.00055,0.70736,1,3,0.99963,0.01034,0.00735,-0.02415,0.06049,0.08370,0.63055,0,0
1768333690.712928,-0.02617,-0.01714,-0.00243,0.00011,0.00077,0.00057,0.52947,0.00084,0.22802,-0.00052,0.70685,0.00055,0.70736,1,3,0.99963,0.01034,0.00735,-0.02415,0.06049,0.08370,0.63055,0,0
1768333690.714938,-0.01443,0.00051,-0.01061,0.00119,0.00035,0.00027,0.52951,0.00084,0.22803,-0.00052,0.70685,0.00055,0.70736,1,3,0.99963,0.01034,0.00735,-0.02415,0.06049,0.08370,0.63055,0,0
1768333690.716918,0.00353,0.00394,-0.03339,-0.00051,0.00091,0.00091,0.52951,0.00084,0.22803,-0.00052,0.70685,0.00055,0.70736,1,3,0.99963,0.01034,0.00735,-0.02415,0.06049,0.08370,0.63055,0,0
1768333690.718935,-0.01450,0.01032,0.01938,0.00131,0.00059,0.00002,0.52955,0.00084,0.22803,-0.00052,0.70685,0.00055,0.70736,1,3,0.99963,0.01034,0.00735,-0.02415,0.06049,0.08370,0.63055,0,0
1768333690.720921,0.00366,0.02554,-0.02623,0.00019,-0.00115,0.00038,0.52955,0.00084,0.22803,-0.00052,0.70685,0.00055,0.70736,1,3,0.99963,0.01034,0.00735,-0.02415,0.06049,0.08370,0.63055,0,0
1768333690.722953,-0.00849,0.01256,0.00429,-0.00041,0.00001,0.00015,0.52959,0.00084,0.22803,-0.00052,0.70685,0.00055,0.70736,1,3,0.99963,0.01034,0.00735,-0.02415,0.06049,0.08370,0.63055,0,0
1768333690.724929,0.01710,0.02760,-0.03403,-0.00044,-0.00119,0.00009,0.52959,0.00084,0.22803,-0.00052,0.70685,0.00055,0.70736,1,3,0.99963,0.01024,0.00772,-0.02380,0.06050,0.08372,0.63073,0,0
1768333690.726931,-0.00904,0.02662,-0.01143,-0.00024,0.00103,0.00013,0.52964,0.00084,0.22803,-0.00052,0.70685,0.00055,0.70736,1,3,0.99963,0.01024,0.00772,-0.02380,0.06050,0.08372,0.63073,0,0
1768333690.728931,-0.01457,-0.00484,0.00469,0.00113,0.00087,0.00042,0.52964,0.00084,0.22803,-0.00052,0.70685,0.00055,0.70736,1,3,0.99963,0.01024,0.00772,-0.02380,0.06050,0.08372,0.63073,0,0
1768333690.730930,0.00658,0.00278,-0.00344,0.00166,0.00034,-0.00042,0.52964,0.00084,0.22803,-0.00052,0.70685,0.00055,0.70736,1,3,0.99963,0.01024,0.00772,-0.02380,0.06050,0.08372,0.63073,0,0
1768333690.732932,0.03081,-0.01582,0.00526,-0.00206,-0.00042,0.00106,0.52972,0.00084,0.22803,-0.00052,0.70685,0.00055,0.70737,1,3,0.99963,0.01024,0.00772,-0.02380,0.06050,0.08372,0.63073,0,0
1768333690.734924,0.01862,0.00414,0.01187,0.00146,0.00109,0.00052,0.52972,0.00084,0.22803,-0.00052,0.70685,0.00055,0.70737,1,3,0.99963,0.01024,0.00772,-0.02380,0.06050,0.08372,0.63073,0,0
1768333690.736941,-0.02751,0.02292,-0.00338,0.00125,0.00037,0.00069,0.52976,0.00084,0.22803,-0.00052,0.70685,0.00055,0.70737,1,3,0.99963,0.01024,0.00772,-0.02380,0.06050,0.08372,0.63073,0,0
1768333690.738924,-0.01781,0.03714,-0.01913,0.00011,0.00049,0.00026,0.52976,0.00084,0.22803,-0.00052,0.70685,0.00055,0.70737,1,3,0.99963,0.01024,0.00772,-0.02380,0.06050,0.08372,0.63073,0,0
1768333690.740928,0.01218,0.02866,0.02645,-0.00043,0.00089,0.00027,0.52980,0.00084,0.22803,-0.00052,0.70685,0.00055,0.70737,1,3,0.99963,0.01024,0.00772,-0.02380,0.06050,0.08372,0.63073,0,0
1768333690.742929,0.04636,-0.01629,0.00470,-0.00053,0.00052,0.00023,0.52980,0.00084,0.22803,-0.00052,0.70685,0.00055,0.70737,1,3,0.99963,0.01024,0.00772,-0.02380,0.06050,0.08372,0.63073,0,0
1768333690.744953,-0.00109,-0.04179,-0.00951,0.00068,0.00023,0.00041,0.52980,0.00084,0.22803,-0.00052,0.70685,0.00055,0.70737,1,3,0.99963,0.01024,0.00772,-0.02380,0.06050,0.08372,0.63073,0,0
1768333690.746961,-0.03046,-0.00866,-0.04078,0.00086,-0.00009,-0.00027,0.52984,0.00084,0.22803,-0.00052,0.70685,0.00055,0.70737,1,3,0.99963,0.01024,0.00772,-0.02380,0.06050,0.08372,0.63073,0,0
1768333690.748975,-0.01908,0.02569,0.01976,-0.00243,-0.00163,0.00085,0.52984,0.00084,0.22803,-0.00052,0.70685,0.00055,0.70737,1,3,0.99963,0.01024,0.00772,-0.02380,0.06050,0.08372,0.63073,0,0
1768333690.750942,0.00339,-0.00004,-0.00287,0.00010,0.00002,0.00067,0.52988,0.00084,0.22803,-0.00052,0.70685,0.00055,0.70737,1,3,0.99963,0.01024,0.00772,-0.02380,0.06050,0.08372,0.63073,0,0
1768333690.752939,0.01048,-0.01954,-0.05608,0.00204,0.00044,-0.00046,0.52988,0.00084,0.22803,-0.00052,0.70685,0.00055,0.70737,1,3,0.99963,0.01024,0.00772,-0.02380,0.06050,0.08372,0.63073,0,0
1768333690.754959,0.02064,-0.03475,-0.00213,0.00012,-0.00017,0.00039,0.52992,0.00084,0.22803,-0.00052,0.70685,0.00055,0.70737,1,3,0.99963,0.01024,0.00772,-0.02380,0.06050,0.08372,0.63073,0,0
1768333690.756942,0.00793,0.00728,0.01196,-0.00003,0.00008,0.00027,0.52992,0.00084,0.22803,-0.00052,0.70685,0.00055,0.70737,1,3,0.99963,0.01024,0.00772,-0.02380,0.06050,0.08372,0.63073,0,0
1768333690.758963,0.00378,0.05378,0.00301,-0.00034,0.00059,-0.00002,0.52996,0.00084,0.22803,-0.00052,0.70685,0.00055,0.70736,1,3,0.99963,0.01011,0.00918,-0.02340,0.06050,0.08370,0.63055,0,0
1768333690.760947,-0.00413,0.03363,0.01097,-0.00081,0.00133,-0.00027,0.52996,0.00084,0.22803,-0.00052,0.70685,0.00055,0.70736,1,3,0.99963,0.01011,0.00918,-0.02340,0.06050,0.08370,0.63055,0,0
1768333690.762968,-0.01424,0.02097,-0.03400,0.00144,-0.00044,-0.00029,0.52996,0.00084,0.22803,-0.00052,0.70685,0.00055,0.70736,1,3,0.99963,0.01011,0.00918,-0.02340,0.06050,0.08370,0.63055,0,0
1768333690.764946,0.00229,-0.01444,-0.04085,0.00167,0.00029,-0.00017,0.53003,0.00084,0.22803,-0.00052,0.70684,0.00055,0.70737,1,3,0.99963,0.01011,0.00918,-0.02340,0.06050,0.08370,0.63055,0,0
1768333690.766951,0.01000,0.01249,0.03493,-0.00193,-0.00109,0.00056,0.53003,0.00084,0.22803,-0.00052,0.70684,0.00055,0.70737,1,3,0.99963,0.01011,0.00918,-0.02340,0.06050,0.08370,0.63055,0,0
1768333690.768952,0.02059,0.01920,0.00373,0.00011,0.00041,-0.00029,0.53007,0.00084,0.22803,-0.00052,0.70684,0.00055,0.70737,1,3,0.99963,0.01011,0.00918,-0.02340,0.06050,0.08370,0.63055,0,0
1768333690.770952,-0.01041,0.01757,-0.01863,0.00118,0.00042,0.00039,0.53007,0.00084,0.22803,-0.00052,0.70684,0.00055,0.70737,1,3,0.99963,0.01011,0.00918,-0.02340,0.06050,0.08370,0.63055,0,0
1768333690.772952,-0.02112,0.01003,-0.00312,-0.00066,0.00030,0.00042,0.53011,0.00084,0.22803,-0.00052,0.70684,0.00055,0.70737,1,3,0.99963,0.01011,0.00918,-0.02340,0.06050,0.08370,0.63055,0,0
1768333690.774947,-0.00087,0.01216,0.01175,0.00024,0.00056,0.00014,0.53011,0.00084,0.22803,-0.00052,0.70684,0.00055,0.70737,1,3,0.99963,0.01011,0.00918,-0.02340,0.06050,0.08370,0.63055,0,0
1768333690.776958,0.02743,0.00737,0.01974,-0.00221,-0.00143,0.00027,0.53015,0.00084,0.22803,-0.00052,0.70684,0.00055,0.70737,1,3,0.99963,0.01011,0.00918,-0.02340,0.06050,0.08370,0.63055,0,0
1768333690.778968,0.02318,-0.02127,-0.01024,0.00225,-0.00085,-0.00016,0.53015,0.00084,0.22803,-0.00052,0.70684,0.00055,0.70737,1,3,0.99963,0.01011,0.00918,-0.02340,0.06050,0.08370,0.63055,0,0
1768333690.780967,-0.01259,0.04486,0.00359,-0.00067,-0.00034,0.00028,0.53015,0.00084,0.22803,-0.00052,0.70684,0.00055,0.70737,1,3,0.99963,0.01011,0.00918,-0.02340,0.06050,0.08370,0.63055,0,0
1768333690.782953,0.00334,0.01416,-0.01112,0.00005,0.00089,0.00025,0.53015,0.00084,0.22803,-0.00052,0.70684,0.00055,0.70737,1,3,0.99963,0.01011,0.00918,-0.02340,0.06050,0.08370,0.63055,0,0
1768333690.784984,-0.00984,0.02284,-0.04168,0.00103,0.00002,-0.00016,0.53019,0.00084,0.22803,-0.00052,0.70684,0.00055,0.70737,1,3,0.99963,0.01011,0.00918,-0.02340,0.06050,0.08370,0.63055,0,0
1768333690.786961,0.02485,-0.01786,-0.01776,-0.00012,0.00003,0.00051,0.53019,0.00084,0.22803,-0.00052,0.70684,0.00055,0.70737,1,3,0.99963,0.01011,0.00918,-0.02340,0.06050,0.08370,0.63055,0,0
1768333690.788960,-0.03085,-0.01401,-0.01032,0.00102,0.00056,-0.00011,0.53023,0.00084,0.22803,-0.00052,0.70684,0.00055,0.70737,1,3,0.99963,0.01011,0.00918,-0.02340,0.06050,0.08370,0.63055,0,0
1768333690.790968,0.01211,0.01477,0.01196,-0.00016,-0.00036,0.00067,0.53023,0.00084,0.22803,-0.00052,0.70684,0.00055,0.70737,1,3,0.99964,0.01040,0.00784,-0.02328,0.06051,0.08372,0.63071,0,0
1768333690.792968,-0.01842,0.01258,-0.01841,0.00069,0.00052,0.00054,0.53028,0.00084,0.22803,-0.00052,0.70684,0.00055,0.70737,1,3,0.99964,0.01040,0.00784,-0.02328,0.06051,0.08372,0.63071,0,0
1768333690.794992,0.02272,0.02383,0.04199,-0.00223,-0.00024,0.00041,0.53031,0.00084,0.22803,-0.00052,0.70684,0.00055,0.70737,1,3,0.99964,0.01040,0.00784,-0.02328,0.06051,0.08372,0.63071,0,0
1768333690.796979,-0.00471,-0.00026,-0.01806,-0.00034,0.00037,0.00066,0.53036,0.00084,0.22803,-0.00052,0.70684,0.00055,0.70737,1,3,0.99964,0.01040,0.00784,-0.02328,0.06051,0.08372,0.63071,0,0
1768333690.798975,-0.01557,-0.01187,0.01296,-0.00179,-0.00076,0.00084,0.53036,0.00084,0.22803,-0.00052,0.70684,0.00055,0.70737,1,3,0.99964,0.01040,0.00784,-0.02328,0.06051,0.08372,0.63071,0,0
1768333690.800987,-0.02967,0.00640,0.01210,0.00017,-0.00062,-0.00023,0.53036,0.00084,0.22803,-0.00052,0.70684,0.00055,0.70737,1,3,0.99964,0.01040,0.00784,-0.02328,0.06051,0.08372,0.63071,0,0
1768333690.802971,0.01933,0.00977,-0.02630,0.00131,0.00019,-0.00004,0.53040,0.00084,0.22804,-0.00052,0.70684,0.00055,0.70737,1,3,0.99964,0.01040,0.00784,-0.02328,0.06051,0.08372,0.63071,0,0
1768333690.804985,0.00443,0.04061,-0.00391,-0.00028,-0.00156,-0.00001,0.53044,0.00084,0.22804,-0.00052,0.70684,0.00055,0.70738,1,3,0.99964,0.01040,0.00784,-0.02328,0.06051,0.08372,0.63071,0,0
1768333690.806970,0.00742,0.04676,0.01134,-0.00021,-0.00032,0.00120,0.53044,0.00084,0.22804,-0.00052,0.70684,0.00055,0.70738,1,3,0.99964,0.01040,0.00784,-0.02328,0.06051,0.08372,0.63071,0,0
1768333690.808969,0.00404,0.05386,0.03342,-0.00056,0.00046,0.00001,0.53044,0.00084,0.22804,-0.00052,0.70684,0.00055,0.70738,1,3,0.99964,0.01040,0.00784,-0.02328,0.06051,0.08372,0.63071,0,0
1768333690.811017,0.02376,-0.00243,-0.01849,0.00138,0.00001,-0.00031,0.53044,0.00084,0.22804,-0.00052,0.70684,0.00055,0.70738,1,3,0.99964,0.01040,0.00784,-0.02328,0.06051,0.08372,0.63071,0,0
1768333690.812996,0.02720,-0.02531,-0.03328,0.00198,0.00101,-0.00032,0.53048,0.00084,0.22804,-0.00052,0.70683,0.00055,0.70738,1,3,0.99964,0.01040,0.00784,-0.02328,0.06051,0.08372,0.63071,0,0
1768333690.814993,0.00317,-0.03522,0.01277,0.00054,0.00130,0.00001,0.53048,0.00084,0.22804,-0.00052,0.70683,0.00055,0.70738,1,3,0.99964,0.01040,0.00784,-0.02328,0.06051,0.08372,0.63071,0,0
1768333690.816993,-0.01288,0.01432,-0.00343,-0.00060,0.00096,0.00027,0.53052,0.00084,0.22804,-0.00052,0.70684,0.00055,0.70738,1,3,0.99964,0.01040,0.00784,-0.02328,0.06051,0.08372,0.63071,0,0
1768333690.819002,-0.02687,0.02346,-0.01880,0.00125,-0.00016,-0.00013,0.53052,0.00084,0.22804,-0.00052,0.70684,0.00055,0.70738,1,3,0.99964,0.01040,0.00784,-0.02328,0.06051,0.08372,0.63071,0,0
1768333690.820990,0.00759,0.05162,-0.00421,-0.00015,-0.00008,0.00065,0.53056,0.00084,0.22803,-0.00052,0.70684,0.00055,0.70737,1,3,0.99964,0.01040,0.00784,-0.02328,0.06051,0.08372,0.63071,0,0
1768333690.823007,0.02038,-0.00002,0.00453,0.00032,-0.00032,0.00025,0.53056,0.00084,0.22803,-0.00052,0.70684,0.00055,0.70737,1,3,0.99964,0.01040,0.00784,-0.02328,0.06051,0.08372,0.63071,0,0
1768333690.824986,0.02841,-0.00138,-0.01072,0.00008,0.00099,0.00063,0.53060,0.00084,0.22803,-0.00052,0.70684,0.00055,0.70737,1,3,0.99964,0.01040,0.00784,-0.02328,0.06051,0.08372,0.63071,0,0
1768333690.826990,0.00221,-0.03658,0.03635,-0.00231,-0.00134,0.00072,0.53060,0.00084,0.22803,-0.00052,0.70684,0.00055,0.70737,1,3,0.99959,0.01049,0.01028,-0.02446,0.06048,0.08369,0.63047,0,0
1768333690.828992,-0.01454,0.02015,-0.07212,0.00143,0.00059,-0.00032,0.53064,0.00084,0.22804,-0.00052,0.70684,0.00055,0.70738,1,3,0.99959,0.01049,0.01028,-0.02446,0.06048,0.08369,0.63047,0,0
1768333690.830998,-0.00515,-0.00495,0.01215,0.00047,0.00062,0.00002,0.53064,0.00084,0.22804,-0.00052,0.70684,0.00055,0.70738,1,3,0.99959,0.01049,0.01028,-0.02446,0.06048,0.08369,0.63047,0,0
1768333690.832992,-0.01268,0.03972,-0.01923,-0.00052,0.00004,-0.00001,0.53068,0.00084,0.22803,-0.00052,0.70684,0.00055,0.70737,1,3,0.99959,0.01049,0.01028,-0.02446,0.06048,0.08369,0.63047,0,0
1768333690.834994,0.01995,0.03845,0.01118,-0.00009,0.00067,0.00078,0.53072,0.00084,0.22804,-0.00052,0.70684,0.00055,0.70738,1,3,0.99959,0.01049,0.01028,-0.02446,0.06048,0.08369,0.63047,0,0
1768333690.836999,0.01007,-0.02446,-0.01760,0.00199,0.00021,0.00052,0.53072,0.00084,0.22804,-0.00052,0.70684,0.00055,0.70738,1,3,0.99959,0.01049,0.01028,-0.02446,0.06048,0.08369,0.63047,0,0
1768333690.838999,0.02693,0.01224,0.03488,-0.00193,-0.00130,0.00054,0.53076,0.00084,0.22804,-0.00052,0.70684,0.00055,0.70738,1,3,0.99959,0.01049,0.01028,-0.02446,0.06048,0.08369,0.63047,0,0
1768333690.840995,0.00375,-0.01030,-0.02549,-0.00025,0.00040,0.00052,0.53076,0.00084,0.22804,-0.00052,0.70684,0.00055,0.70738,1,3,0.99959,0.01049,0.01028,-0.02446,0.06048,0.08369,0.63047,0,0
1768333690.843012,-0.03467,-0.00155,0.02010,0.00029,0.00009,0.00059,0.53080,0.00084,0.22804,-0.00052,0.70683,0.00055,0.70738,1,3,0.99959,0.01049,0.01028,-0.02446,0.06048,0.08369,0.63047,0,0
1768333690.845006,0.01819,0.03596,0.02620,-0.00187,0.00043,-0.00014,0.53080,0.00084,0.22804,-0.00052,0.70683,0.00055,0.70738,1,3,0.99959,0.01049,0.01028,-0.02446,0.06048,0.08369,0.63047,0,0
1768333690.847055,0.00138,-0.01005,-0.03323,0.00194,0.00094,0.00051,0.53080,0.00084,0.22804,-0.00052,0.70683,0.00055,0.70738,1,3,0.99959,0.01049,0.01028,-0.02446,0.06048,0.08369,0.63047,0,0
1768333690.849008,0.02602,0.03610,0.01098,-0.00121,0.00021,-0.00016,0.53084,0.00084,0.22804,-0.00052,0.70683,0.00055,0.70738,1,3,0.99959,0.01049,0.01028,-0.02446,0.06048,0.08369,0.63047,0,0
1768333690.851020,-0.01116,-0.02857,0.02121,-0.00178,-0.00168,0.00112,0.53084,0.00084,0.22804,-0.00052,0.70683,0.00055,0.70738,1,3,0.99959,0.01049,0.01028,-0.02446,0.06048,0.08369,0.63047,0,0
1768333690.853008,-0.01759,-0.01178,-0.01051,0.00061,0.00039,-0.00039,0.53088,0.00084,0.22804,-0.00052,0.70683,0.00055,0.70738,1,3,0.99959,0.01049,0.01028,-0.02446,0.06048,0.08369,0.63047,0,0
1768333690.855035,0.00257,0.00838,0.05741,0.00020,0.00205,0.00084,0.53088,0.00084,0.22804,-0.00052,0.70683,0.00055,0.70738,1,3,0.99959,0.01049,0.01028,-0.02446,0.06048,0.08369,0.63047,0,0
1768333690.857004,0.01110,0.02893,-0.02656,0.00045,0.00066,0.00063,0.53092,0.00084,0.22804,-0.00052,0.70683,0.00055,0.70738,1,3,0.99959,0.01049,0.01028,-0.02446,0.06048,0.08369,0.63047,0,0
1768333690.859039,-0.00458,0.02504,-0.01128,-0.00004,-0.00017,-0.00001,0.53092,0.00084,0.22804,-0.00052,0.70683,0.00055,0.70738,1,3,0.99963,0.01028,0.00838,-0.02379,0.06050,0.08372,0.63067,0,0
1768333690.861012,-0.00592,0.01058,-0.02632,0.00153,0.00010,-0.00042,0.53096,0.00084,0.22804,-0.00052,0.70683,0.00055,0.70738,1,3,0.99963,0.01028,0.00838,-0.02379,0.06050,0.08372,0.63067,0,0
1768333690.863007,0.00281,-0.01937,-0.04822,0.00117,0.00003,-0.00004,0.53100,0.00084,0.22804,-0.00052,0.70683,0.00055,0.70738,1,3,0.99963,0.01028,0.00838,-0.02379,0.06050,0.08372,0.63067,0,0
1768333690.865007,-0.00221,-0.01222,-0.01071,0.00191,0.00097,-0.00041,0.53100,0.00084,0.22804,-0.00052,0.70683,0.00055,0.70738,1,3,0.99963,0.01028,0.00838,-0.02379,0.06050,0.08372,0.63067,0,0
1768333690.867015,0.01455,-0.03982,0.02859,-0.00213,-0.00060,0.00057,0.53104,0.00084,0.22804,-0.00052,0.70683,0.00055,0.70738,1,3,0.99963,0.01028,0.00838,-0.02379,0.06050,0.08372,0.63067,0,0
1768333690.869018,-0.01270,0.00563,0.01956,-0.00005,-0.00019,-0.00024,0.53104,0.00084,0.22804,-0.00052,0.70683,0.00055,0.70738,1,3,0.99963,0.01028,0.00838,-0.02379,0.06050,0.08372,0.63067,0,0
1768333690.871012,0.00343,0.03921,0.04154,-0.00008,0.00036,0.00042,0.53109,0.00084,0.22804,-0.00052,0.70683,0.00055,0.70738,1,3,0.99963,0.01028,0.00838,-0.02379,0.06050,0.08372,0.63067,0,0
1768333690.873029,0.01073,0.04425,0.01090,0.00107,0.00039,0.00025,0.53109,0.00084,0.22804,-0.00052,0.70683,0.00055,0.70738,1,3,0.99963,0.01028,0.00838,-0.02379,0.06050,0.08372,0.63067,0,0
1768333690.875033,0.01053,0.02946,-0.03430,0.00133,0.00041,0.00022,0.53113,0.00084,0.22804,-0.00052,0.70683,0.00055,0.70738,1,3,0.99963,0.01028,0.00838,-0.02379,0.06050,0.08372,0.63067,0,0
1768333690.877037,-0.03006,-0.03376,0.00549,0.00034,0.00031,0.00004,0.53113,0.00084,0.22804,-0.00052,0.70683,0.00055,0.70738,1,3,0.99963,0.01028,0.00838,-0.02379,0.06050,0.08372,0.63067,0,0
1768333690.879041,-0.00447,0.01486,-0.00372,0.00006,0.00046,-0.00054,0.53113,0.00084,0.22804,-0.00052,0.70683,0.00055,0.70738,1,3,0.99963,0.01028,0.00838,-0.02379,0.06050,0.08372,0.63067,0,0
1768333690.881034,-0.00075,-0.02165,0.02040,0.00049,-0.00030,0.00029,0.53117,0.00084,0.22804,-0.00052,0.70683,0.00055,0.70738,1,3,0.99963,0.01028,0.00838,-0.02379,0.06050,0.08372,0.63067,0,0
1768333690.883035,0.04439,0.00921,-0.00366,0.00152,0.00026,-0.00005,0.53117,0.00084,0.22804,-0.00052,0.70683,0.00055,0.70738,1,3,0.99963,0.01028,0.00838,-0.02379,0.06050,0.08372,0.63067,0,0
1768333690.885032,0.02100,0.04926,0.00345,-0.00061,-0.00075,0.00051,0.53121,0.00084,0.22804,-0.00052,0.70683,0.00055,0.70738,1,3,0.99963,0.01028,0.00838,-0.02379,0.06050,0.08372,0.63067,0,0
1768333690.887032,-0.01425,0.03383,-0.00412,0.00051,0.00172,0.00013,0.53121,0.00084,0.22804,-0.00052,0.70683,0.00055,0.70738,1,3,0.99963,0.01028,0.00838,-0.02379,0.06050,0.08372,0.63067,0,0
1768333690.889040,-0.01347,0.06363,-0.00460,-0.00044,0.00093,0.00053,0.53125,0.00084,0.22804,-0.00052,0.70683,0.00055,0.70738,1,3,0.99963,0.01028,0.00838,-0.02379,0.06050,0.08372,0.63067,0,0
1768333690.891042,0.01967,0.00006,-0.00310,0.00097,-0.00019,0.00025,0.53125,0.00084,0.22804,-0.00052,0.70683,0.00055,0.70738,1,3,0.99963,0.01028,0.00838,-0.02379,0.06050,0.08372,0.63067,0,0
1768333690.893039,0.01492,-0.00702,-0.04864,0.00176,-0.00013,-0.00019,0.53129,0.00084,0.22804,-0.00052,0.70683,0.00055,0.70738,1,3,0.99962,0.01026,0.00828,-0.02404,0.06049,0.08370,0.63056,0,0
1768333690.895053,-0.01406,-0.01539,0.05815,0.00035,0.00150,0.00073,0.53129,0.00084,0.22804,-0.00052,0.70683,0.00055,0.70738,1,3,0.99962,0.01026,0.00828,-0.02404,0.06049,0.08370,0.63056,0,0
1768333690.897048,-0.01319,0.02477,-0.01892,-0.00004,0.00044,-0.00001,0.53133,0.00084,0.22804,-0.00052,0.70683,0.00055,0.70738,1,3,0.99962,0.01026,0.00828,-0.02404,0.06049,0.08370,0.63056,0,0
1768333690.899050,-0.01887,0.02769,0.00383,0.00131,0.00051,0.00015,0.53133,0.00084,0.22804,-0.00052,0.70683,0.00055,0.70738,1,3,0.99962,0.01026,0.00828,-0.02404,0.06049,0.08370,0.63056,0,0
1768333690.901043,-0.00074,0.04726,-0.01187,0.00023,-0.00024,-0.00002,0.53133,0.00084,0.22804,-0.00052,0.70683,0.00055,0.70738,1,3,0.99962,0.01026,0.00828,-0.02404,0.06049,0.08370,0.63056,0,0
1768333690.903054,0.00688,-0.02753,-0.02556,0.00129,0.00112,-0.00043,0.53141,0.00084,0.22804,-0.00052,0.70684,0.00055,0.70738,1,3,0.99962,0.01026,0.00828,-0.02404,0.06049,0.08370,0.63056,0,0
1768333690.905039,-0.00096,-0.03481,0.05151,-0.00360,-0.00079,0.00087,0.53141,0.00084,0.22804,-0.00052,0.70684,0.00055,0.70738,1,3,0.99962,0.01026,0.00828,-0.02404,0.06049,0.08370,0.63056,0,0
1768333690.907045,0.01212,-0.02906,-0.01757,0.00062,-0.00058,-0.00015,0.53145,0.00084,0.22804,-0.00052,0.70684,0.00055,0.70737,1,3,0.99962,0.01026,0.00828,-0.02404,0.06049,0.08370,0.63056,0,0
1768333690.909035,0.00607,-0.01727,-0.04076,0.00185,0.00063,0.00010,0.53145,0.00084,0.22804,-0.00052,0.70684,0.00055,0.70737,1,3,0.99962,0.01026,0.00828,-0.02404,0.06049,0.08370,0.63056,0,0
1768333690.911074,-0.00132,0.01715,-0.02625,0.00052,0.00044,0.00038,0.53149,0.00084,0.22804,-0.00052,0.70684,0.00055,0.70738,1,3,0.99962,0.01026,0.00828,-0.02404,0.06049,0.08370,0.63056,0,0
1768333690.913078,-0.01351,0.01960,0.00399,0.00012,0.00083,0.00014,0.53149,0.00084,0.22804,-0.00052,0.70684,0.00055,0.70738,1,3,0.99962,0.01026,0.00828,-0.02404,0.06049,0.08370,0.63056,0,0
1768333690.915072,0.02944,0.03855,0.03387,-0.00074,0.00017,0.00039,0.53153,0.00084,0.22804,-0.00052,0.70684,0.00055,0.70738,1,3,0.99962,0.01026,0.00828,-0.02404,0.06049,0.08370,0.63056,0,0
1768333690.917056,0.00830,0.00207,0.03473,-0.00031,0.00045,0.00002,0.53153,0.00084,0.22804,-0.00052,0.70684,0.00055,0.70738,1,3,0.99962,0.01026,0.00828,-0.02404,0.06049,0.08370,0.63056,0,0
1768333690.919079,0.02800,0.01431,-0.01081,0.00049,-0.00016,0.00104,0.53153,0.00084,0.22804,-0.00052,0.70684,0.00055,0.70738,1,3,0.99962,0.01026,0.00828,-0.02404,0.06049,0.08370,0.63056,0,0
1768333690.921062,-0.01340,0.02044,-0.01088,0.00013,-0.00043,0.00054,0.53157,0.00085,0.22804,-0.00052,0.70684,0.00055,0.70738,1,3,0.99962,0.01026,0.00828,-0.02404,0.06049,0.08370,0.63056,0,0
1768333690.923056,-0.00983,0.02777,-0.03410,0.00087,-0.00011,0.00011,0.53157,0.00085,0.22804,-0.00052,0.70684,0.00055,0.70738,1,3,0.99962,0.01026,0.00828,-0.02404,0.06049,0.08370,0.63056,0,0
1768333690.925058,-0.00622,-0.02204,0.04335,-0.00235,-0.00062,0.00032,0.53161,0.00085,0.22804,-0.00052,0.70684,0.00055,0.70738,1,3,0.99962,0.01026,0.00828,-0.02404,0.06049,0.08370,0.63056,0,0
1768333690.927073,0.00379,-0.03424,0.00538,0.00034,-0.00010,0.00001,0.53161,0.00085,0.22804,-0.00052,0.70684,0.00055,0.70738,1,3,0.99962,0.01026,0.00828,-0.02404,0.06049,0.08370,0.63056,0,0
1768333690.929058,0.02748,-0.02038,-0.01030,0.00138,0.00063,0.00037,0.53165,0.00085,0.22803,-0.00052,0.70684,0.00055,0.70737,1,3,0.99962,0.01026,0.00828,-0.02404,0.06049,0.08370,0.63056,0,0
1768333690.931056,0.00373,0.01963,-0.00378,0.00012,0.00036,-0.00028,0.53165,0.00085,0.22803,-0.00052,0.70684,0.00055,0.70737,1,3,0.99962,0.01026,0.00828,-0.02404,0.06049,0.08370,0.63056,0,0
1768333690.933057,-0.01678,0.03733,-0.01920,-0.00054,0.00009,-0.00014,0.53169,0.00085,0.22804,-0.00052,0.70684,0.00055,0.70738,1,3,0.99963,0.01044,0.00784,-0.02398,0.06051,0.08372,0.63072,0,0
1768333690.935081,0.01868,0.02417,-0.01142,0.00149,0.00070,0.00037,0.53169,0.00085,0.22804,-0.00052,0.70684,0.00055,0.70738,1,3,0.99963,0.01044,0.00784,-0.02398,0.06051,0.08372,0.63072,0,0
1768333690.937084,0.00899,0.02183,0.02663,-0.00095,0.00017,-0.00013,0.53173,0.00085,0.22804,-0.00052,0.70684,0.00055,0.70738,1,3,0.99963,0.01044,0.00784,-0.02398,0.06051,0.08372,0.63072,0,0
1768333690.939083,0.01915,0.00994,-0.01870,0.00153,0.00006,-0.00004,0.53173,0.00085,0.22804,-0.00052,0.70684,0.00055,0.70738,1,3,0.99963,0.01044,0.00784,-0.02398,0.06051,0.08372,0.63072,0,0
1768333690.941096,-0.00466,-0.02426,0.02059,0.00002,-0.00025,0.00057,0.53177,0.00084,0.22804,-0.00052,0.70684,0.00055,0.70738,1,3,0.99963,0.01044,0.00784,-0.02398,0.06051,0.08372,0.63072,0,0
1768333690.943105,0.02184,0.04333,-0.01183,-0.00156,0.00026,0.00023,0.53177,0.00084,0.22804,-0.00052,0.70684,0.00055,0.70738,1,3,0.99963,0.01044,0.00784,-0.02398,0.06051,0.08372,0.63072,0,0
1768333690.945088,-0.00069,-0.00294,-0.02588,0.00006,0.00082,0.00011,0.53177,0.00084,0.22804,-0.00052,0.70684,0.00055,0.70738,1,3,0.99963,0.01044,0.00784,-0.02398,0.06051,0.08372,0.63072,0,0
1768333690.947092,-0.01302,0.01106,-0.01854,0.00045,-0.00070,-0.00041,0.53185,0.00085,0.22804,-0.00052,0.70684,0.00055,0.70737,1,3,0.99963,0.01044,0.00784,-0.02398,0.06051,0.08372,0.63072,0,0
1768333690.949094,0.00065,-0.00072,-0.02614,0.00249,0.00195,0.00024,0.53185,0.00085,0.22804,-0.00052,0.70684,0.00055,0.70737,1,3,0.99963,0.01044,0.00784,-0.02398,0.06051,0.08372,0.63072,0,0
1768333690.951077,0.00800,0.01116,0.00402,-0.00042,0.00134,0.00012,0.53189,0.00085,0.22804,-0.00052,0.70684,0.00055,0.70737,1,3,0.99963,0.01044,0.00784,-0.02398,0.06051,0.08372,0.63072,0,0
1768333690.953080,0.01183,0.00414,0.03479,-0.00007,0.00079,0.00055,0.53189,0.00085,0.22804,-0.00052,0.70684,0.00055,0.70737,1,3,0.99963,0.01044,0.00784,-0.02398,0.06051,0.08372,0.63072,0,0
1768333690.955098,0.00455,0.03038,0.01142,-0.00041,-0.00105,-0.00013,0.53193,0.00085,0.22804,-0.00052,0.70684,0.00055,0.70738,1,3,0.99963,0.01044,0.00784,-0.02398,0.06051,0.08372,0.63072,0,0
1768333690.957092,-0.00936,0.01647,0.01165,-0.00014,0.00142,0.00041,0.53193,0.00085,0.22804,-0.00052,0.70684,0.00055,0.70738,1,3,0.99963,0.01044,0.00784,-0.02398,0.06051,0.08372,0.63072,0,0
1768333690.959104,-0.01736,0.04701,0.00332,-0.00021,0.00047,0.00001,0.53193,0.00085,0.22804,-0.00052,0.70684,0.00055,0.70738,1,3,0.99963,0.01044,0.00784,-0.02398,0.06051,0.08372,0.63072,0,0
1768333690.961093,0.00354,0.01895,0.01165,-0.00033,0.00088,0.00054,0.53197,0.00085,0.22804,-0.00052,0.70684,0.00055,0.70738,1,3,0.99963,0.01044,0.00784,-0.02398,0.06051,0.08372,0.63072,0,0
1768333690.963098,0.01550,0.04071,-0.02683,-0.00006,0.00099,0.00089,0.53197,0.00085,0.22804,-0.00052,0.70684,0.00055,0.70738,1,3,0.99963,0.01044,0.00784,-0.02398,0.06051,0.08372,0.63072,0,0
1768333690.965097,-0.01844,-0.02209,-0.04824,0.00114,0.00105,-0.00015,0.53201,0.00085,0.22804,-0.00052,0.70683,0.00055,0.70738,1,3,0.99963,0.01044,0.00784,-0.02398,0.06051,0.08372,0.63072,0,0
1768333690.967112,0.01512,0.00276,-0.02605,0.00144,-0.00014,-0.00004,0.53201,0.00085,0.22804,-0.00052,0.70683,0.00055,0.70738,1,3,0.99963,0.01044,0.00784,-0.02398,0.06051,0.08372,0.63072,0,0
1768333690.969091,0.01921,-0.01175,0.05839,-0.00223,-0.00195,0.00045,0.53205,0.00085,0.22804,-0.00052,0.70683,0.00055,0.70738,1,3,0.99963,0.01044,0.00784,-0.02398,0.06051,0.08372,0.63072,0,0
1768333690.971090,0.00859,0.00653,0.02690,-0.00070,0.00095,-0.00012,0.53205,0.00085,0.22804,-0.00052,0.70683,0.00055,0.70738,1,3,0.99958,0.01031,0.00992,-0.02515,0.06048,0.08367,0.63036,0,0
1768333690.973107,0.03614,0.00857,-0.04930,0.00108,0.00113,-0.00008,0.53209,0.00085,0.22804,-0.00052,0.70683,0.00055,0.70738,1,3,0.99958,0.01031,0.00992,-0.02515,0.06048,0.08367,0.63036,0,0
1768333690.975104,0.01206,0.04387,0.01094,-0.00024,0.00038,0.00025,0.53213,0.00085,0.22804,-0.00052,0.70683,0.00055,0.70738,1,3,0.99958,0.01031,0.00992,-0.02515,0.06048,0.08367,0.63036,0,0
1768333690.977096,0.00824,0.02604,-0.02670,-0.00068,0.00107,0.00010,0.53213,0.00085,0.22804,-0.00052,0.70683,0.00055,0.70738,1,3,0.99958,0.01031,0.00992,-0.02515,0.06048,0.08367,0.63036,0,0
1768333690.979118,-0.00746,0.00336,0.07318,-0.00117,-0.00113,0.00048,0.53217,0.00085,0.22804,-0.00052,0.70683,0.00055,0.70738,1,3,0.99958,0.01031,0.00992,-0.02515,0.06048,0.08367,0.63036,0,0
1768333690.981088,-0.00398,0.05513,0.03366,-0.00054,-0.00097,0.00002,0.53217,0.00085,0.22804,-0.00052,0.70683,0.00055,0.70738,1,3,0.99958,0.01031,0.00992,-0.02515,0.06048,0.08367,0.63036,0,0
1768333690.983112,0.01611,0.00215,-0.02607,0.00034,0.00023,-0.00004,0.53221,0.00085,0.22804,-0.00052,0.70683,0.00055,0.70738,1,3,0.99958,0.01031,0.00992,-0.02515,0.06048,0.08367,0.63036,0,0
1768333690.985185,0.01455,-0.01496,0.03547,-0.00205,-0.00075,0.00029,0.53221,0.00085,0.22804,-0.00052,0.70683,0.00055,0.70738,1,3,0.99958,0.01031,0.00992,-0.02515,0.06048,0.08367,0.63036,0,0
1768333690.987193,0.02011,0.02340,-0.03421,-0.00005,0.00106,0.00035,0.53225,0.00085,0.22804,-0.00052,0.70683,0.00055,0.70738,1,3,0.99958,0.01031,0.00992,-0.02515,0.06048,0.08367,0.63036,0,0
1768333690.989112,-0.01728,0.00744,-0.01835,-0.00025,0.00051,0.00027,0.53225,0.00085,0.22804,-0.00052,0.70683,0.00055,0.70738,1,3,0.99958,0.01031,0.00992,-0.02515,0.06048,0.08367,0.63036,0,0
1768333690.991089,-0.03058,0.00586,0.01213,0.00060,0.00016,0.00017,0.53225,0.00085,0.22804,-0.00052,0.70683,0.00055,0.70738,1,3,0.99958,0.01031,0.00992,-0.02515,0.06048,0.08367,0.63036,0,0
1768333690.993094,-0.03774,-0.00372,0.04285,-0.00039,-0.00026,0.00008,0.53225,0.00085,0.22804,-0.00052,0.70683,0.00055,0.70738,1,3,0.99958,0.01031,0.00992,-0.02515,0.06048,0.08367,0.63036,0,0
1768333690.995110,0.00841,0.02140,-0.01109,-0.00095,0.00045,0.00065,0.53229,0.00085,0.22804,-0.00052,0.70683,0.00055,0.70738,1,3,0.99958,0.01031,0.00992,-0.02515,0.06048,0.08367,0.63036,0,0
1768333690.997090,0.01092,-0.00069,-0.03342,0.00075,0.00082,0.00063,0.53233,0.00085,0.22804,-0.00052,0.70683,0.00055,0.70738,1,3,0.99958,0.01031,0.00992,-0.02515,0.06048,0.08367,0.63036,0,0
1768333690.999106,0.02801,0.01443,0.02700,0.00071,-0.00004,0.00066,0.53233,0.00085,0.22804,-0.00052,0.70683,0.00055,0.70738,1,3,0.99958,0.01031,0.00992,-0.02515,0.06048,0.08367,0.63036,0,0
1768333691.001101,0.01296,0.02998,0.03449,-0.00085,-0.00114,0.00069,0.53237,0.00085,0.22804,-0.00052,0.70683,0.00055,0.70738,1,3,0.99958,0.01031,0.00992,-0.02515,0.06048,0.08367,0.63036,0,0
1768333691.003126,-0.01043,0.01405,-0.01877,0.00223,-0.00074,-0.00068,0.53237,0.00085,0.22804,-0.00052,0.70683,0.00055,0.70738,1,3,0.99962,0.01035,0.00790,-0.02439,0.06049,0.08370,0.63054,0,0
1768333691.005120,-0.01426,0.01030,-0.01857,0.00109,0.00047,-0.00001,0.53241,0.00085,0.22804,-0.00052,0.70683,0.00055,0.70738,1,3,0.99962,0.01035,0.00790,-0.02439,0.06049,0.08370,0.63054,0,0
1768333691.007122,0.00266,0.03483,-0.02677,0.00096,-0.00001,0.00010,0.53241,0.00085,0.22804,-0.00052,0.70683,0.00055,0.70738,1,3,0.99962,0.01035,0.00790,-0.02439,0.06049,0.08370,0.63054,0,0
1768333691.009125,-0.00192,-0.00784,-0.03356,0.00131,0.00134,-0.00016,0.53245,0.00085,0.22804,-0.00052,0.70683,0.00055,0.70738,1,3,0.99962,0.01035,0.00790,-0.02439,0.06049,0.08370,0.63054,0,0
1768333691.011136,0.00717,0.00305,0.00424,0.00123,-0.00018,-0.00041,0.53249,0.00085,0.22804,-0.00052,0.70683,0.00055,0.70739,1,3,0.99962,0.01035,0.00790,-0.02439,0.06049,0.08370,0.63054,0,0
1768333691.013118,0.00845,-0.00174,-0.01082,0.00029,-0.00070,-0.00069,0.53249,0.00085,0.22804,-0.00052,0.70683,0.00055,0.70739,1,3,0.99962,0.01035,0.00790,-0.02439,0.06049,0.08370,0.63054,0,0
1768333691.015144,-0.00636,0.02364,0.09539,-0.00180,-0.00193,-0.00005,0.53253,0.00085,0.22804,-0.00052,0.70683,0.00055,0.70738,1,3,0.99962,0.01035,0.00790,-0.02439,0.06049,0.08370,0.63054,0,0
1768333691.017136,-0.01405,0.02084,-0.01882,0.00122,-0.00031,-0.00028,0.53253,0.00085,0.22804,-0.00052,0.70683,0.00055,0.70738,1,3,0.99962,0.01035,0.00790,-0.02439,0.06049,0.08370,0.63054,0,0
1768333691.019161,-0.00139,0.01207,-0.00349,0.00068,0.00082,0.00013,0.53257,0.00085,0.22804,-0.00052,0.70683,0.00055,0.70738,1,3,0.99962,0.01035,0.00790,-0.02439,0.06049,0.08370,0.63054,0,0
1768333691.021115,0.01613,-0.02268,-0.01016,0.00026,0.00038,0.00025,0.53257,0.00085,0.22804,-0.00052,0.70683,0.00055,0.70738,1,3,0.99962,0.01035,0.00790,-0.02439,0.06049,0.08370,0.63054,0,0
1768333691.023129,0.00295,0.01588,-0.01124,0.00138,-0.00064,-0.00055,0.53257,0.00085,0.22804,-0.00052,0.70683,0.00055,0.70738,1,3,0.99962,0.01035,0.00790,-0.02439,0.06049,0.08370,0.63054,0,0
1768333691.025121,-0.00010,0.02213,-0.00356,-0.00051,0.00003,0.00026,0.53261,0.00085,0.22804,-0.00052,0.70683,0.00055,0.70738,1,3,0.99962,0.01035,0.00790,-0.02439,0.06049,0.08370,0.63054,0,0
1768333691.027117,0.00488,0.03423,-0.00391,-0.00124,-0.00004,0.00012,0.53261,0.00085,0.22804,-0.00052,0.70683,0.00055,0.70738,1,3,0.99962,0.01035,0.00790,-0.02439,0.06049,0.08370,0.63054,0,0
1768333691.029116,0.00296,-0.04083,0.02062,0.00026,0.00195,0.00056,0.53265,0.00085,0.22804,-0.00052,0.70683,0.00055,0.70738,1,3,0.99962,0.01035,0.00790,-0.02439,0.06049,0.08370,0.63054,0,0
1768333691.031133,0.00321,-0.03085,0.00509,0.00016,0.00181,0.00027,0.53265,0.00085,0.22804,-0.00052,0.70683,0.00055,0.70738,1,3,0.99962,0.01035,0.00790,-0.02439,0.06049,0.08370,0.63054,0,0
1768333691.033120,0.01152,0.00463,0.01965,0.00037,0.00029,0.00054,0.53265,0.00085,0.22804,-0.00052,0.70683,0.00055,0.70738,1,3,0.99965,0.01016,0.00746,-0.02345,0.06050,0.08371,0.63069,0,0
1768333691.035140,0.01689,0.05684,0.00312,-0.00052,-0.00071,0.00011,0.53269,0.00085,0.22804,-0.00052,0.70683,0.00055,0.70738,1,3,0.99965,0.01016,0.00746,-0.02345,0.06050,0.08371,0.63069,0,0
1768333691.037119,-0.02610,0.03764,0.01912,-0.00010,-0.00004,0.00071,0.53273,0.00085,0.22804,-0.00052,0.70683,0.00055,0.70738,1,3,0.99965,0.01016,0.00746,-0.02345,0.06050,0.08371,0.63069,0,0
1768333691.039148,-0.00702,0.03645,0.01944,-0.00274,-0.00026,0.00150,0.53277,0.00085,0.22804,-0.00052,0.70683,0.00055,0.70738,1,3,0.99965,0.01016,0.00746,-0.02345,0.06050,0.08371,0.63069,0,0
1768333691.041115,-0.00974,0.01674,-0.01871,0.00030,0.00117,0.00039,0.53277,0.00085,0.22804,-0.00052,0.70683,0.00055,0.70738,1,3,0.99965,0.01016,0.00746,-0.02345,0.06050,0.08371,0.63069,0,0
1768333691.043142,0.00917,0.00421,-0.07172,0.00233,0.00147,0.00046,0.53281,0.00085,0.22804,-0.00052,0.70683,0.00055,0.70738,1,3,0.99965,0.01016,0.00746,-0.02345,0.06050,0.08371,0.63069,0,0
1768333691.045130,-0.01720,-0.02210,0.00519,-0.00017,0.00053,0.00030,0.53281,0.00085,0.22804,-0.00052,0.70683,0.00055,0.70738,1,3,0.99965,0.01016,0.00746,-0.02345,0.06050,0.08371,0.63069,0,0
1768333691.047138,-0.02208,0.00509,-0.01819,0.00016,0.00057,0.00054,0.53285,0.00085,0.22804,-0.00052,0.70683,0.00055,0.70739,1,3,0.99965,0.01016,0.00746,-0.02345,0.06050,0.08371,0.63069,0,0
1768333691.049120,-0.02574,0.02237,-0.02611,-0.00051,0.00035,0.00067,0.53285,0.00085,0.22804,-0.00052,0.70683,0.00055,0.70739,1,3,0.99965,0.01016,0.00746,-0.02345,0.06050,0.08371,0.63069,0,0
1768333691.051161,-0.00098,0.03103,0.00363,-0.00018,0.00143,0.00040,0.53290,0.00085,0.22804,-0.00052,0.70683,0.00055,0.70738,1,3,0.99965,0.01016,0.00746,-0.02345,0.06050,0.08371,0.63069,0,0
1768333691.053137,0.04637,-0.02625,0.00506,-0.00065,0.00053,0.00050,0.53290,0.00085,0.22804,-0.00052,0.70683,0.00055,0.70738,1,3,0.99965,0.01016,0.00746,-0.02345,0.06050,0.08371,0.63069,0,0
1768333691.055155,0.02067,-0.00054,-0.00312,-0.00013,0.00018,0.00025,0.53290,0.00085,0.22804,-0.00052,0.70683,0.00055,0.70738,1,3,0.99965,0.01016,0.00746,-0.02345,0.06050,0.08371,0.63069,0,0
1768333691.057133,0.01187,0.01553,0.00428,0.00051,-0.00099,0.00026,0.53294,0.00085,0.22804,-0.00052,0.70683,0.00055,0.70738,1,3,0.99965,0.01016,0.00746,-0.02345,0.06050,0.08371,0.63069,0,0
1768333691.059136,-0.02713,0.02342,-0.02642,0.00147,-0.00003,-0.00014,0.53294,0.00085,0.22804,-0.00052,0.70683,0.00055,0.70738,1,3,0.99965,0.01016,0.00746,-0.02345,0.06050,0.08371,0.63069,0,0
1768333691.061132,0.00374,0.02448,-0.01121,-0.00026,0.00012,0.00039,0.53298,0.00085,0.22804,-0.00052,0.70683,0.00055,0.70738,1,3,0.99965,0.01016,0.00746,-0.02345,0.06050,0.08371,0.63069,0,0
1768333691.063154,-0.00164,0.00207,-0.01076,0.00078,0.00096,0.00039,0.53298,0.00085,0.22804,-0.00052,0.70683,0.00055,0.70738,1,3,0.99965,0.01016,0.00746,-0.02345,0.06050,0.08371,0.63069,0,0
1768333691.065136,0.01195,0.01435,-0.01850,-0.00016,0.00016,0.00064,0.53298,0.00085,0.22804,-0.00052,0.70683,0.00055,0.70738,1,3,0.99964,0.01043,0.00810,-0.02338,0.06052,0.08374,0.63086,0,0
1768333691.067132,-0.00116,-0.00140,-0.01844,0.00139,-0.00046,-0.00069,0.53302,0.00085,0.22804,-0.00052,0.70683,0.00055,0.70739,1,3,0.99964,0.01043,0.00810,-0.02338,0.06052,0.08374,0.63086,0,0
1768333691.069135,-0.02445,0.02272,0.01924,-0.00116,-0.00006,-0.00010,0.53306,0.00085,0.22804,-0.00052,0.70683,0.00055,0.70739,1,3,0.99964,0.01043,0.00810,-0.02338,0.06052,0.08374,0.63086,0,0
1768333691.071144,-0.02240,0.02469,-0.00343,0.00018,0.00069,0.00082,0.53310,0.00085,0.22804,-0.00052,0.70683,0.00055,0.70738,1,3,0.99964,0.01043,0.00810,-0.02338,0.06052,0.08374,0.63086,0,0
1768333691.073185,-0.04452,0.00819,-0.01853,0.00172,0.00121,-0.00011,0.53310,0.00085,0.22804,-0.00052,0.70683,0.00055,0.70738,1,3,0.99964,0.01043,0.00810,-0.02338,0.06052,0.08374,0.63086,0,0
1768333691.075136,-0.01248,-0.00886,-0.01761,-0.00045,-0.00105,0.00055,0.53314,0.00085,0.22804,-0.00052,0.70683,0.00055,0.70738,1,3,0.99964,0.01043,0.00810,-0.02338,0.06052,0.08374,0.63086,0,0
1768333691.077131,0.00835,-0.02760,-0.03287,-0.00024,0.00048,-0.00003,0.53314,0.00085,0.22804,-0.00052,0.70683,0.00055,0.70738,1,3,0.99964,0.01043,0.00810,-0.02338,0.06052,0.08374,0.63086,0,0
1768333691.079161,0.00632,0.01901,0.02742,-0.00316,-0.00053,0.00136,0.53318,0.00085,0.22804,-0.00052,0.70683,0.00055,0.70738,1,3,0.99964,0.01043,0.00810,-0.02338,0.06052,0.08374,0.63086,0,0
1768333691.081132,0.00010,0.02064,-0.00359,-0.00140,0.00156,0.00066,0.53318,0.00085,0.22804,-0.00052,0.70683,0.00055,0.70738,1,3,0.99964,0.01043,0.00810,-0.02338,0.06052,0.08374,0.63086,0,0
1768333691.083140,-0.02025,0.04216,-0.04227,0.00235,0.00128,0.00010,0.53318,0.00085,0.22804,-0.00052,0.70683,0.00055,0.70738,1,3,0.99964,0.01043,0.00810,-0.02338,0.06052,0.08374,0.63086,0,0
1768333691.085135,0.02122,0.05354,0.00317,-0.00100,0.00001,0.00037,0.53322,0.00085,0.22804,-0.00052,0.70683,0.00055,0.70738,1,3,0.99964,0.01043,0.00810,-0.02338,0.06052,0.08374,0.63086,0,0
1768333691.087165,-0.01071,0.00815,-0.04118,0.00172,0.00005,0.00024,0.53322,0.00085,0.22804,-0.00052,0.70683,0.00055,0.70738,1,3,0.99964,0.01043,0.00810,-0.02338,0.06052,0.08374,0.63086,0,0
1768333691.089166,0.00636,-0.00651,-0.02578,0.00199,-0.00041,-0.00016,0.53322,0.00085,0.22804,-0.00052,0.70683,0.00055,0.70738,1,3,0.99964,0.01043,0.00810,-0.02338,0.06052,0.08374,0.63086,0,0
1768333691.091160,0.01233,-0.01065,0.01224,-0.00025,0.00080,0.00013,0.53326,0.00085,0.22804,-0.00052,0.70683,0.00055,0.70738,1,3,0.99964,0.01043,0.00810,-0.02338,0.06052,0.08374,0.63086,0,0
1768333691.093160,-0.01371,-0.03979,-0.04790,0.00070,0.00139,-0.00029,0.53326,0.00085,0.22804,-0.00052,0.70683,0.00055,0.70738,1,3,0.99964,0.01043,0.00810,-0.02338,0.06052,0.08374,0.63086,0,0
1768333691.095164,0.01502,0.00178,-0.01843,0.00099,0.00089,0.00037,0.53330,0.00085,0.22803,-0.00052,0.70684,0.00055,0.70738,1,3,0.99963,0.01037,0.00778,-0.02395,0.06051,0.08372,0.63075,0,0
1768333691.097158,-0.01736,0.02220,-0.01133,-0.00007,0.00074,-0.00013,0.53330,0.00085,0.22803,-0.00052,0.70684,0.00055,0.70738,1,3,0.99963,0.01037,0.00778,-0.02395,0.06051,0.08372,0.63075,0,0
1768333691.099160,-0.00066,0.01278,0.00408,0.00047,-0.00009,-0.00027,0.53338,0.00085,0.22804,-0.00052,0.70683,0.00055,0.70738,1,3,0.99963,0.01037,0.00778,-0.02395,0.06051,0.08372,0.63075,0,0
1768333691.101158,0.01207,0.00910,-0.00335,-0.00023,0.00066,0.00039,0.53338,0.00085,0.22804,-0.00052,0.70683,0.00055,0.70738,1,3,0.99963,0.01037,0.00778,-0.02395,0.06051,0.08372,0.63075,0,0
1768333691.103174,0.01618,-0.00967,-0.01063,-0.00067,0.00228,0.00065,0.53338,0.00085,0.22804,-0.00052,0.70683,0.00055,0.70738,1,3,0.99963,0.01037,0.00778,-0.02395,0.06051,0.08372,0.63075,0,0
1768333691.105205,-0.03161,0.01922,-0.02634,0.00076,0.00194,0.00054,0.53342,0.00085,0.22804,-0.00052,0.70683,0.00055,0.70738,1,3,0.99963,0.01037,0.00778,-0.02395,0.06051,0.08372,0.63075,0,0
1768333691.107188,-0.02087,0.03000,0.00379,-0.00063,0.00014,-0.00012,0.53342,0.00085,0.22804,-0.00052,0.70683,0.00055,0.70738,1,3,0.99963,0.01037,0.00778,-0.02395,0.06051,0.08372,0.63075,0,0
1768333691.109186,0.01601,0.04714,0.00345,0.00023,-0.00069,0.00038,0.53346,0.00085,0.22804,-0.00052,0.70683,0.00055,0.70738,1,3,0.99963,0.01037,0.00778,-0.02395,0.06051,0.08372,0.63075,0,0
1768333691.111177,0.00755,0.00767,0.01940,0.00063,-0.00005,-0.00013,0.53346,0.00085,0.22804,-0.00052,0.70683,0.00055,0.70738,1,3,0.99963,0.01037,0.00778,-0.02395,0.06051,0.08372,0.63075,0,0
1768333691.113158,0.02056,0.01351,0.01898,-0.00017,0.00131,-0.00015,0.53350,0.00085,0.22804,-0.00052,0.70683,0.00055,0.70738,1,3,0.99963,0.01037,0.00778,-0.02395,0.06051,0.08372,0.63075,0,0
1768333691.115166,0.00335,0.01280,-0.02633,-0.00062,0.00229,0.00064,0.53350,0.00085,0.22804,-0.00052,0.70683,0.00055,0.70738,1,3,0.99963,0.01037,0.00778,-0.02395,0.06051,0.08372,0.63075,0,0
1768333691.117157,-0.01658,0.00246,0.00448,-0.00075,0.00050,0.00002,0.53350,0.00085,0.22804,-0.00052,0.70683,0.00055,0.70738,1,3,0.99963,0.01037,0.00778,-0.02395,0.06051,0.08372,0.63075,0,0
1768333691.119193,-0.00042,0.04803,0.03402,0.00003,-0.00138,0.00042,0.53354,0.00085,0.22804,-0.00052,0.70683,0.00055,0.70738,1,3,0.99963,0.01037,0.00778,-0.02395,0.06051,0.08372,0.63075,0,0
1768333691.121152,0.01090,0.03549,-0.01168,0.00162,-0.00075,-0.00030,0.53354,0.00085,0.22804,-0.00052,0.70683,0.00055,0.70738,1,3,0.99963,0.01037,0.00778,-0.02395,0.06051,0.08372,0.63075,0,0
1768333691.123175,0.00719,0.05632,0.04092,0.00034,0.00067,0.00014,0.53358,0.00085,0.22804,-0.00052,0.70683,0.00055,0.70738,1,3,0.99963,0.01037,0.00778,-0.02395,0.06051,0.08372,0.63075,0,0
1768333691.125191,0.01007,0.03879,-0.01183,0.00144,0.00117,0.00037,0.53358,0.00085,0.22804,-0.00052,0.70683,0.00055,0.70738,1,3,0.99963,0.01037,0.00778,-0.02395,0.06051,0.08372,0.63075,0,0
1768333691.127179,-0.00488,0.02063,-0.01122,0.00056,-0.00055,-0.00028,0.53362,0.00085,0.22804,-0.00052,0.70683,0.00055,0.70738,1,3,0.99963,0.01037,0.00778,-0.02395,0.06051,0.08372,0.63075,0,0
1768333691.129203,-0.02157,-0.01337,-0.01758,0.00037,-0.00095,0.00029,0.53362,0.00085,0.22804,-0.00052,0.70683,0.00055,0.70738,1,3,0.99964,0.01020,0.00793,-0.02346,0.06052,0.08373,0.63085,0,0
1768333691.131204,-0.01289,0.00576,0.00438,0.00017,-0.00031,-0.00025,0.53366,0.00085,0.22804,-0.00052,0.70683,0.00055,0.70738,1,3,0.99964,0.01020,0.00793,-0.02346,0.06052,0.08373,0.63085,0,0
1768333691.133185,0.02126,-0.01520,-0.02546,-0.00052,-0.00019,0.00024,0.53366,0.00085,0.22804,-0.00052,0.70683,0.00055,0.70738,1,3,0.99964,0.01020,0.00793,-0.02346,0.06052,0.08373,0.63085,0,0
1768333691.135207,0.00237,0.02828,0.01147,0.00022,0.00166,0.00107,0.53370,0.00085,0.22804,-0.00052,0.70684,0.00055,0.70738,1,3,0.99964,0.01020,0.00793,-0.02346,0.06052,0.08373,0.63085,0,0
1768333691.137183,0.02732,0.00143,-0.00302,-0.00250,-0.00028,0.00038,0.53374,0.00085,0.22803,-0.00052,0.70684,0.00055,0.70737,1,3,0.99964,0.01020,0.00793,-0.02346,0.06052,0.08373,0.63085,0,0
1768333691.139214,0.00221,0.03415,0.00383,0.00073,0.00064,0.00093,0.53374,0.00085,0.22803,-0.00052,0.70684,0.00055,0.70737,1,3,0.99964,0.01020,0.00793,-0.02346,0.06052,0.08373,0.63085,0,0
1768333691.141236,-0.00893,0.01758,-0.01092,-0.00013,-0.00011,0.00040,0.53378,0.00085,0.22803,-0.00052,0.70684,0.00055,0.70737,1,3,0.99964,0.01020,0.00793,-0.02346,0.06052,0.08373,0.63085,0,0
1768333691.143180,0.02005,-0.00531,-0.01037,0.00025,-0.00005,0.00078,0.53378,0.00085,0.22803,-0.00052,0.70684,0.00055,0.70737,1,3,0.99964,0.01020,0.00793,-0.02346,0.06052,0.08373,0.63085,0,0
1768333691.145195,0.00804,-0.01298,-0.01793,-0.00028,0.00060,0.00039,0.53382,0.00085,0.22803,-0.00052,0.70684,0.00055,0.70737,1,3,0.99964,0.01020,0.00793,-0.02346,0.06052,0.08373,0.63085,0,0
1768333691.147199,0.01242,-0.00478,-0.01057,0.00004,-0.00035,-0.00002,0.53382,0.00085,0.22803,-0.00052,0.70684,0.00055,0.70737,1,3,0.99964,0.01020,0.00793,-0.02346,0.06052,0.08373,0.63085,0,0
1768333691.149181,0.01126,0.01070,0.03457,-0.00349,0.00079,0.00015,0.53386,0.00085,0.22803,-0.00052,0.70684,0.00055,0.70738,1,3,0.99964,0.01020,0.00793,-0.02346,0.06052,0.08373,0.63085,0,0
1768333691.151184,-0.00970,0.01251,-0.01082,0.00047,0.00029,0.00054,0.53386,0.00085,0.22803,-0.00052,0.70684,0.00055,0.70738,1,3,0.99964,0.01020,0.00793,-0.02346,0.06052,0.08373,0.63085,0,0
1768333691.153186,-0.01854,0.01302,-0.00335,0.00113,0.00026,0.00015,0.53386,0.00085,0.22803,-0.00052,0.70684,0.00055,0.70738,1,3,0.99964,0.01020,0.00793,-0.02346,0.06052,0.08373,0.63085,0,0
1768333691.155210,-0.01423,0.02101,-0.01122,0.00144,-0.00044,-0.00027,0.53390,0.00085,0.22803,-0.00052,0.70684,0.00055,0.70737,1,3,0.99964,0.01020,0.00793,-0.02346,0.06052,0.08373,0.63085,0,0
1768333691.157203,0.02050,0.02308,0.00392,-0.00071,0.00119,0.00078,0.53390,0.00085,0.22803,-0.00052,0.70684,0.00055,0.70737,1,3,0.99964,0.01020,0.00793,-0.02346,0.06052,0.08373,0.63085,0,0
1768333691.159204,-0.00364,-0.00794,-0.04112,0.00262,0.00188,0.00023,0.53394,0.00085,0.22803,-0.00052,0.70684,0.00055,0.70737,1,3,0.99964,0.01020,0.00793,-0.02346,0.06052,0.08373,0.63085,0,0
1768333691.161218,-0.02504,0.00756,0.00433,-0.00069,0.00059,-0.00011,0.53394,0.00085,0.22803,-0.00052,0.70684,0.00055,0.70737,1,3,0.99964,0.01020,0.00793,-0.02346,0.06052,0.08373,0.63085,0,0
1768333691.163200,-0.02084,0.02445,-0.01130,-0.00092,0.00079,0.00001,0.53398,0.00085,0.22803,-0.00052,0.70684,0.00055,0.70737,1,3,0.99964,0.01020,0.00793,-0.02346,0.06052,0.08373,0.63085,0,0
1768333691.165202,0.01683,0.04188,0.04125,-0.00027,-0.00020,-0.00026,0.53398,0.00085,0.22803,-0.00052,0.70684,0.00055,0.70737,1,3,0.99962,0.01023,0.00948,-0.02358,0.06050,0.08371,0.63062,0,0
1768333691.167220,0.01738,0.04622,0.01100,-0.00131,-0.00007,0.00039,0.53402,0.00085,0.22803,-0.00052,0.70684,0.00055,0.70737,1,3,0.99962,0.01023,0.00948,-0.02358,0.06050,0.08371,0.63062,0,0
1768333691.169212,0.00520,0.02879,0.03419,-0.00174,0.00047,0.00029,0.53402,0.00085,0.22803,-0.00052,0.70684,0.00055,0.70737,1,3,0.99962,0.01023,0.00948,-0.02358,0.06050,0.08371,0.63062,0,0
1768333691.171244,0.00717,0.03144,-0.01930,0.00048,0.00095,-0.00003,0.53406,0.00085,0.22803,-0.00052,0.70684,0.00055,0.70737,1,3,0.99962,0.01023,0.00948,-0.02358,0.06050,0.08371,0.63062,0,0
1768333691.173226,-0.02299,-0.02805,-0.04785,0.00194,-0.00041,-0.00014,0.53410,0.00085,0.22803,-0.00052,0.70684,0.00055,0.70737,1,3,0.99962,0.01023,0.00948,-0.02358,0.06050,0.08371,0.63062,0,0
1768333691.175226,0.01565,0.04617,-0.00433,0.00022,0.00059,0.00037,0.53410,0.00085,0.22803,-0.00052,0.70684,0.00055,0.70737,1,3,0.99962,0.01023,0.00948,-0.02358,0.06050,0.08371,0.63062,0,0
1768333691.177248,0.02960,0.02770,0.04169,-0.00131,0.00120,0.00067,0.53414,0.00085,0.22803,-0.00052,0.70684,0.00055,0.70737,1,3,0.99962,0.01023,0.00948,-0.02358,0.06050,0.08371,0.63062,0,0
1768333691.179209,0.00812,0.03064,0.01880,-0.00084,0.00145,0.00040,0.53414,0.00085,0.22803,-0.00052,0.70684,0.00055,0.70737,1,3,0.99962,0.01023,0.00948,-0.02358,0.06050,0.08371,0.63062,0,0
1768333691.181220,-0.02213,-0.02400,-0.01013,0.00090,0.00046,-0.00025,0.53418,0.00085,0.22803,-0.00052,0.70685,0.00055,0.70737,1,3,0.99962,0.01023,0.00948,-0.02358,0.06050,0.08371,0.63062,0,0
1768333691.183221,-0.00861,-0.00202,-0.02569,-0.00015,-0.00022,0.00013,0.53418,0.00085,0.22803,-0.00052,0.70685,0.00055,0.70737,1,3,0.99962,0.01023,0.00948,-0.02358,0.06050,0.08371,0.63062,0,0
1768333691.185236,0.00847,0.00315,0.00453,-0.00008,-0.00095,-0.00000,0.53422,0.00085,0.22803,-0.00052,0.70685,0.00055,0.70737,1,3,0.99962,0.01023,0.00948,-0.02358,0.06050,0.08371,0.63062,0,0
1768333691.187217,-0.01248,0.00481,-0.01834,-0.00072,0.00045,0.00013,0.53422,0.00085,0.22803,-0.00052,0.70685,0.00055,0.70737,1,3,0.99962,0.01023,0.00948,-0.02358,0.06050,0.08371,0.63062,0,0
1768333691.189201,0.01019,0.02848,-0.01152,0.00110,0.00156,0.00064,0.53422,0.00085,0.22803,-0.00052,0.70685,0.00055,0.70737,1,3,0.99962,0.01023,0.00948,-0.02358,0.06050,0.08371,0.63062,0,0
1768333691.191223,0.01210,0.03832,-0.00415,-0.00053,0.00102,0.00038,0.53426,0.00085,0.22803,-0.00052,0.70685,0.00055,0.70736,1,3,0.99962,0.01023,0.00948,-0.02358,0.06050,0.08371,0.63062,0,0
1768333691.193227,0.02047,0.00463,-0.02624,0.00037,0.00017,-0.00031,0.53426,0.00085,0.22803,-0.00052,0.70685,0.00055,0.70736,1,3,0.99962,0.01023,0.00948,-0.02358,0.06050,0.08371,0.63062,0,0
1768333691.195221,-0.00941,-0.03621,0.01303,0.00097,-0.00007,-0.00010,0.53430,0.00085,0.22802,-0.00052,0.70685,0.00055,0.70736,1,3,0.99962,0.01023,0.00948,-0.02358,0.06050,0.08371,0.63062,0,0
1768333691.197224,0.00230,-0.05416,-0.03217,0.00163,0.00057,0.00012,0.53430,0.00085,0.22802,-0.00052,0.70685,0.00055,0.70736,1,3,0.99962,0.01023,0.00948,-0.02358,0.06050,0.08371,0.63062,0,0
1768333691.199222,-0.01081,-0.00528,0.00490,-0.00237,0.00006,0.00043,0.53434,0.00085,0.22802,-0.00052,0.70685,0.00055,0.70736,1,3,0.99962,0.01023,0.00948,-0.02358,0.06050,0.08371,0.63062,0,0
1768333691.201227,0.01223,0.04363,-0.04224,-0.00047,0.00051,0.00021,0.53434,0.00085,0.22802,-0.00052,0.70685,0.00055,0.70736,1,3,0.99962,0.01023,0.00948,-0.02358,0.06050,0.08371,0.63062,0,0
1768333691.203257,-0.00886,-0.00195,0.00450,0.00029,0.00002,-0.00026,0.53438,0.00085,0.22802,-0.00052,0.70685,0.00055,0.70736,1,3,0.99961,0.01036,0.00885,-0.02436,0.06049,0.08370,0.63056,0,0
1768333691.205235,0.03496,0.03529,-0.00431,-0.00188,0.00074,-0.00018,0.53438,0.00085,0.22802,-0.00052,0.70685,0.00055,0.70736,1,3,0.99961,0.01036,0.00885,-0.02436,0.06049,0.08370,0.63056,0,0
1768333691.207242,-0.00844,0.01203,0.01180,-0.00063,0.00065,0.00015,0.53442,0.00085,0.22802,-0.00052,0.70685,0.00055,0.70737,1,3,0.99961,0.01036,0.00885,-0.02436,0.06049,0.08370,0.63056,0,0
1768333691.209239,0.01877,0.00188,0.02761,-0.00250,-0.00068,0.00082,0.53447,0.00085,0.22803,-0.00052,0.70685,0.00055,0.70737,1,3,0.99961,0.01036,0.00885,-0.02436,0.06049,0.08370,0.63056,0,0
1768333691.211242,-0.01052,-0.00685,-0.01044,0.00154,0.00031,0.00027,0.53447,0.00085,0.22803,-0.00052,0.70685,0.00055,0.70737,1,3,0.99961,0.01036,0.00885,-0.02436,0.06049,0.08370,0.63056,0,0
1768333691.213234,-0.00332,-0.01021,-0.00295,-0.00112,0.00047,-0.00026,0.53451,0.00085,0.22803,-0.00052,0.70684,0.00055,0.70737,1,3,0.99961,0.01036,0.00885,-0.02436,0.06049,0.08370,0.63056,0,0
1768333691.215238,-0.01071,0.02099,0.01926,0.00057,0.00208,0.00109,0.53451,0.00085,0.22803,-0.00052,0.70684,0.00055,0.70737,1,3,0.99961,0.01036,0.00885,-0.02436,0.06049,0.08370,0.63056,0,0
1768333691.217257,-0.00416,0.03901,-0.00398,-0.00096,0.00045,0.00039,0.53455,0.00085,0.22803,-0.00052,0.70684,0.00055,0.70737,1,3,0.99961,0.01036,0.00885,-0.02436,0.06049,0.08370,0.63056,0,0
1768333691.219224,0.02003,0.02377,0.01918,-0.00005,0.00056,0.00080,0.53455,0.00085,0.22803,-0.00052,0.70684,0.00055,0.70737,1,3,0.99961,0.01036,0.00885,-0.02436,0.06049,0.08370,0.63056,0,0
1768333691.221259,0.00364,0.01988,0.01181,-0.00010,-0.00026,0.00054,0.53459,0.00085,0.22803,-0.00052,0.70684,0.00055,0.70737,1,3,0.99961,0.01036,0.00885,-0.02436,0.06049,0.08370,0.63056,0,0
1768333691.223257,-0.01307,0.03436,0.01124,-0.00036,0.00069,0.00015,0.53459,0.00085,0.22803,-0.00052,0.70684,0.00055,0.70737,1,3,0.99961,0.01036,0.00885,-0.02436,0.06049,0.08370,0.63056,0,0
1768333691.225279,-0.00019,0.01749,0.02722,-0.00056,-0.00046,0.00083,0.53459,0.00085,0.22803,-0.00052,0.70684,0.00055,0.70737,1,3,0.99961,0.01036,0.00885,-0.02436,0.06049,0.08370,0.63056,0,0
1768333691.227242,0.01786,0.00722,0.01187,-0.00112,-0.00043,-0.00014,0.53463,0.00085,0.22803,-0.00052,0.70684,0.00055,0.70737,1,3,0.99961,0.01036,0.00885,-0.02436,0.06049,0.08370,0.63056,0,0
1768333691.229245,0.01012,-0.00068,-0.04903,0.00184,0.00145,-0.00019,0.53463,0.00085,0.22803,-0.00052,0.70684,0.00055,0.70737,1,3,0.99961,0.01036,0.00885,-0.02436,0.06049,0.08370,0.63056,0,0
1768333691.231241,-0.01732,-0.00681,0.00470,0.00023,0.00013,-0.00011,0.53467,0.00085,0.22803,-0.00052,0.70684,0.00055,0.70737,1,3,0.99961,0.01036,0.00885,-0.02436,0.06049,0.08370,0.63056,0,0
1768333691.233261,-0.00464,0.01991,0.01925,-0.00010,0.00009,0.00015,0.53467,0.00085,0.22803,-0.00052,0.70684,0.00055,0.70737,1,3,0.99964,0.01032,0.00810,-0.02356,0.06051,0.08372,0.63074,0,0
1768333691.235261,0.00753,0.03666,0.03393,0.00011,0.00044,0.00028,0.53471,0.00085,0.22803,-0.00052,0.70684,0.00055,0.70737,1,3,0.99964,0.01032,0.00810,-0.02356,0.06051,0.08372,0.63074,0,0
1768333691.237260,0.00769,0.04631,-0.03463,-0.00021,0.00043,0.00036,0.53471,0.00085,0.22803,-0.00052,0.70684,0.00055,0.70737,1,3,0.99964,0.01032,0.00810,-0.02356,0.06051,0.08372,0.63074,0,0
1768333691.239258,-0.00985,0.04182,-0.01904,0.00017,0.00040,0.00092,0.53471,0.00085,0.22803,-0.00052,0.70684,0.00055,0.70737,1,3,0.99964,0.01032,0.00810,-0.02356,0.06051,0.08372,0.63074,0,0
1768333691.241269,-0.00098,-0.01227,0.01993,0.00060,0.00045,0.00002,0.53475,0.00085,0.22803,-0.00052,0.70684,0.00055,0.70737,1,3,0.99964,0.01032,0.00810,-0.02356,0.06051,0.08372,0.63074,0,0
1768333691.243276,0.00756,-0.02710,0.00511,0.00064,0.00023,0.00000,0.53479,0.00085,0.22803,-0.00052,0.70684,0.00055,0.70737,1,3,0.99964,0.01032,0.00810,-0.02356,0.06051,0.08372,0.63074,0,0
1768333691.245285,0.02002,-0.02364,-0.00272,0.00156,-0.00095,-0.00069,0.53483,0.00085,0.22803,-0.00052,0.70684,0.00055,0.70737,1,3,0.99964,0.01032,0.00810,-0.02356,0.06051,0.08372,0.63074,0,0
1768333691.247244,-0.01425,0.00034,-0.01822,0.00097,0.00048,0.00027,0.53483,0.00085,0.22803,-0.00052,0.70684,0.00055,0.70737,1,3,0.99964,0.01032,0.00810,-0.02356,0.06051,0.08372,0.63074,0,0
1768333691.249258,-0.02652,0.04215,-0.01913,0.00017,0.00060,0.00054,0.53487,0.00085,0.22803,-0.00052,0.70684,0.00055,0.70737,1,3,0.99964,0.01032,0.00810,-0.02356,0.06051,0.08372,0.63074,0,0
1768333691.251256,0.01626,0.07073,-0.00504,-0.00035,0.00056,0.00009,0.53487,0.00085,0.22803,-0.00052,0.70684,0.00055,0.70737,1,3,0.99964,0.01032,0.00810,-0.02356,0.06051,0.08372,0.63074,0,0
1768333691.253272,0.01618,0.02730,0.01106,0.00065,-0.00006,-0.00069,0.53487,0.00085,0.22803,-0.00052,0.70684,0.00055,0.70737,1,3,0.99964,0.01032,0.00810,-0.02356,0.06051,0.08372,0.63074,0,0
1768333691.255260,0.01972,0.01944,0.03426,0.00077,0.00030,0.00014,0.53491,0.00085,0.22803,-0.00052,0.70684,0.00055,0.70737,1,3,0.99964,0.01032,0.00810,-0.02356,0.06051,0.08372,0.63074,0,0
1768333691.257308,0.01228,0.00466,-0.02585,-0.00028,-0.00009,0.00051,0.53491,0.00085,0.22803,-0.00052,0.70684,0.00055,0.70737,1,3,0.99964,0.01032,0.00810,-0.02356,0.06051,0.08372,0.63074,0,0
1768333691.259258,-0.03849,-0.01939,-0.01754,-0.00014,0.00079,0.00043,0.53495,0.00085,0.22803,-0.00052,0.70684,0.00055,0.70737,1,3,0.99964,0.01032,0.00810,-0.02356,0.06051,0.08372,0.63074,0,0
1768333691.261273,-0.00606,-0.01467,-0.04087,0.00145,0.00077,-0.00016,0.53495,0.00085,0.22803,-0.00052,0.70684,0.00055,0.70737,1,3,0.99964,0.01032,0.00810,-0.02356,0.06051,0.08372,0.63074,0,0
1768333691.263291,0.00803,-0.01290,-0.00291,-0.00006,0.00072,-0.00001,0.53499,0.00085,0.22803,-0.00052,0.70684,0.00055,0.70737,1,3,0.99964,0.01032,0.00810,-0.02356,0.06051,0.08372,0.63074,0,0
1768333691.265271,0.01642,0.03638,0.01112,-0.00033,0.00033,0.00025,0.53499,0.00085,0.22803,-0.00052,0.70684,0.00055,0.70737,1,3,0.99964,0.01032,0.00810,-0.02356,0.06051,0.08372,0.63074,0,0
1768333691.267270,0.02178,0.00977,0.01945,-0.00087,-0.00061,-0.00000,0.53503,0.00085,0.22803,-0.00052,0.70684,0.00055,0.70737,1,3,0.99964,0.01032,0.00810,-0.02356,0.06051,0.08372,0.63074,0,0
1768333691.269278,-0.00048,0.04232,-0.00407,-0.00004,-0.00036,0.00012,0.53503,0.00085,0.22803,-0.00052,0.70684,0.00055,0.70737,1,3,0.99964,0.01032,0.00810,-0.02356,0.06051,0.08372,0.63074,0,0
1768333691.271267,0.01198,-0.00473,-0.02561,0.00026,-0.00047,0.00038,0.53507,0.00085,0.22803,-0.00052,0.70685,0.00055,0.70737,1,3,0.99964,0.01032,0.00810,-0.02356,0.06051,0.08372,0.63074,0,0
1768333691.273272,-0.01278,0.01402,-0.01124,-0.00061,0.00146,-0.00014,0.53507,0.00085,0.22803,-0.00052,0.70685,0.00055,0.70737,1,3,0.99964,0.01032,0.00810,-0.02356,0.06051,0.08372,0.63074,0,0
1768333691.275287,0.00756,0.03598,-0.01916,-0.00034,0.00095,0.00064,0.53511,0.00085,0.22803,-0.00052,0.70684,0.00055,0.70737,1,3,0.99961,0.01025,0.00913,-0.02423,0.06050,0.08370,0.63062,0,0
1768333691.277281,0.03445,0.02655,0.00379,-0.00111,-0.00052,0.00010,0.53511,0.00085,0.22803,-0.00052,0.70684,0.00055,0.70737,1,3,0.99961,0.01025,0.00913,-0.02423,0.06050,0.08370,0.63062,0,0
1768333691.279617,0.02550,0.02733,-0.00371,-0.00044,-0.00104,0.00010,0.53515,0.00085,0.22803,-0.00052,0.70684,0.00055,0.70737,1,3,0.99961,0.01025,0.00913,-0.02423,0.06050,0.08370,0.63062,0,0
1768333691.281292,-0.00971,-0.01083,0.02756,0.00149,-0.00072,-0.00037,0.53519,0.00085,0.22803,-0.00052,0.70685,0.00055,0.70736,1,3,0.99961,0.01025,0.00913,-0.02423,0.06050,0.08370,0.63062,0,0
1768333691.283288,-0.03235,-0.01351,0.00502,0.00233,0.00032,0.00031,0.53519,0.00085,0.22803,-0.00052,0.70685,0.00055,0.70736,1,3,0.99961,0.01025,0.00913,-0.02423,0.06050,0.08370,0.63062,0,0
1768333691.285310,0.01623,0.02032,-0.03428,-0.00053,0.00187,0.00022,0.53523,0.00085,0.22803,-0.00052,0.70685,0.00055,0.70737,1,3,0.99961,0.01025,0.00913,-0.02423,0.06050,0.08370,0.63062,0,0
1768333691.287297,0.00745,0.03637,0.00368,-0.00012,0.00057,0.00066,0.53523,0.00085,0.22803,-0.00052,0.70685,0.00055,0.70737,1,3,0.99961,0.01025,0.00913,-0.02423,0.06050,0.08370,0.63062,0,0
1768333691.289309,-0.00591,0.01305,0.04217,-0.00215,-0.00105,-0.00063,0.53527,0.00085,0.22803,-0.00052,0.70685,0.00055,0.70737,1,3,0.99961,0.01025,0.00913,-0.02423,0.06050,0.08370,0.63062,0,0
1768333691.291299,-0.02138,0.02497,0.01152,-0.00026,0.00041,0.00002,0.53527,0.00085,0.22803,-0.00052,0.70685,0.00055,0.70737,1,3,0.99961,0.01025,0.00913,-0.02423,0.06050,0.08370,0.63062,0,0
1768333691.293306,0.00960,-0.01392,0.04261,-0.00182,0.00146,0.00003,0.53527,0.00085,0.22803,-0.00052,0.70685,0.00055,0.70737,1,3,0.99961,0.01025,0.00913,-0.02423,0.06050,0.08370,0.63062,0,0
1768333691.295287,0.00204,-0.02651,0.00509,0.00065,0.00260,0.00094,0.53531,0.00085,0.22803,-0.00052,0.70685,0.00055,0.70736,1,3,0.99961,0.01025,0.00913,-0.02423,0.06050,0.08370,0.63062,0,0
1768333691.297289,-0.00366,-0.02483,0.04336,-0.00108,0.00012,0.00059,0.53531,0.00085,0.22803,-0.00052,0.70685,0.00055,0.70736,1,3,0.99961,0.01025,0.00913,-0.02423,0.06050,0.08370,0.63062,0,0
1768333691.299286,0.00298,0.04922,0.02615,0.00026,0.00023,0.00054,0.53535,0.00085,0.22802,-0.00052,0.70685,0.00055,0.70736,1,3,0.99961,0.01025,0.00913,-0.02423,0.06050,0.08370,0.63062,0,0
1768333691.301284,0.00312,0.03469,0.00380,0.00030,-0.00014,0.00053,0.53535,0.00085,0.22802,-0.00052,0.70685,0.00055,0.70736,1,3,0.99964,0.01011,0.00703,-0.02378,0.06051,0.08372,0.63074,0,0
1768333691.303306,0.02143,0.05408,-0.01951,-0.00099,-0.00076,0.00036,0.53539,0.00085,0.22802,-0.00052,0.70685,0.00055,0.70736,1,3,0.99964,0.01011,0.00703,-0.02378,0.06051,0.08372,0.63074,0,0
1768333691.305293,0.01705,0.01621,-0.00353,-0.00101,0.00060,0.00038,0.53539,0.00085,0.22802,-0.00052,0.70685,0.00055,0.70736,1,3,0.99964,0.01011,0.00703,-0.02378,0.06051,0.08372,0.63074,0,0
1768333691.307294,0.00675,-0.03550,0.02060,-0.00274,0.00037,0.00003,0.53543,0.00085,0.22802,-0.00052,0.70686,0.00055,0.70736,1,3,0.99964,0.01011,0.00703,-0.02378,0.06051,0.08372,0.63074,0,0
1768333691.309298,-0.01343,0.00990,0.01180,0.00022,0.00071,0.00002,0.53547,0.00085,0.22802,-0.00052,0.70685,0.00055,0.70736,1,3,0.99964,0.01011,0.00703,-0.02378,0.06051,0.08372,0.63074,0,0
1768333691.311308,-0.00631,-0.01477,-0.04072,0.00145,0.00078,0.00024,0.53547,0.00085,0.22802,-0.00052,0.70685,0.00055,0.70736,1,3,0.99964,0.01011,0.00703,-0.02378,0.06051,0.08372,0.63074,0,0
1768333691.313328,-0.00527,0.02026,0.01907,0.00078,0.00009,-0.00025,0.53551,0.00085,0.22802,-0.00052,0.70685,0.00055,0.70736,1,3,0.99964,0.01011,0.00703,-0.02378,0.06051,0.08372,0.63074,0,0
1768333691.315311,-0.00584,0.01569,-0.02629,0.00138,-0.00028,-0.00015,0.53551,0.00085,0.22802,-0.00052,0.70685,0.00055,0.70736,1,3,0.99964,0.01011,0.00703,-0.02378,0.06051,0.08372,0.63074,0,0
1768333691.317325,-0.00468,0.00925,0.00412,-0.00023,0.00111,0.00000,0.53555,0.00085,0.22802,-0.00052,0.70685,0.00055,0.70736,1,3,0.99964,0.01011,0.00703,-0.02378,0.06051,0.08372,0.63074,0,0
1768333691.319309,-0.00223,-0.01074,0.00501,-0.00265,0.00035,0.00055,0.53555,0.00085,0.22802,-0.00052,0.70685,0.00055,0.70736,1,3,0.99964,0.01011,0.00703,-0.02378,0.06051,0.08372,0.63074,0,0
1768333691.321313,0.01851,-0.03293,0.00570,-0.00226,-0.00026,0.00094,0.53555,0.00085,0.22802,-0.00052,0.70685,0.00055,0.70736,1,3,0.99964,0.01011,0.00703,-0.02378,0.06051,0.08372,0.63074,0,0
1768333691.323334,-0.00528,-0.00965,-0.03320,0.00064,0.00025,0.00012,0.53555,0.00085,0.22802,-0.00052,0.70685,0.00055,0.70736,1,3,0.99964,0.01011,0.00703,-0.02378,0.06051,0.08372,0.63074,0,0
1768333691.325315,0.00551,0.02532,0.00407,-0.00134,-0.00131,-0.00000,0.53559,0.00085,0.22802,-0.00052,0.70686,0.00055,0.70736,1,3,0.99964,0.01011,0.00703,-0.02378,0.06051,0.08372,0.63074,0,0
1768333691.327322,0.00002,0.02680,0.01901,-0.00067,0.00041,0.00014,0.53563,0.00085,0.22802,-0.00052,0.70686,0.00055,0.70736,1,3,0.99964,0.01011,0.00703,-0.02378,0.06051,0.08372,0.63074,0,0
1768333691.329324,-0.01470,0.01043,-0.01859,0.00153,0.00047,-0.00001,0.53563,0.00085,0.22802,-0.00052,0.70686,0.00055,0.70736,1,3,0.99964,0.01011,0.00703,-0.02378,0.06051,0.08372,0.63074,0,0
1768333691.331317,0.04770,0.04775,0.02625,-0.00238,-0.00030,0.00091,0.53563,0.00085,0.22802,-0.00052,0.70686,0.00055,0.70736,1,3,0.99964,0.01011,0.00703,-0.02378,0.06051,0.08372,0.63074,0,0
1768333691.333332,0.03809,0.03817,0.01121,-0.00118,0.00008,0.00077,0.53567,0.00085,0.22802,-0.00052,0.70685,0.00055,0.70736,1,3,0.99964,0.01011,0.00703,-0.02378,0.06051,0.08372,0.63074,0,0
1768333691.335328,-0.00142,0.02124,-0.00379,0.00035,0.00157,0.00026,0.53567,0.00085,0.22802,-0.00052,0.70685,0.00055,0.70736,1,3,0.99961,0.01052,0.00900,-0.02426,0.06050,0.08370,0.63058,0,0
1768333691.337327,-0.03877,0.01096,0.02737,0.00023,0.00000,0.00046,0.53571,0.00085,0.22802,-0.00052,0.70685,0.00055,0.70736,1,3,0.99961,0.01052,0.00900,-0.02426,0.06050,0.08370,0.63058,0,0
1768333691.339331,-0.02237,-0.00925,0.00501,0.00064,0.00021,0.00057,0.53575,0.00085,0.22802,-0.00052,0.70685,0.00055,0.70736,1,3,0.99961,0.01052,0.00900,-0.02426,0.06050,0.08370,0.63058,0,0
1768333691.341345,-0.00422,0.01907,0.03434,-0.00076,0.00097,0.00016,0.53579,0.00085,0.22802,-0.00052,0.70685,0.00055,0.70736,1,3,0.99961,0.01052,0.00900,-0.02426,0.06050,0.08370,0.63058,0,0
1768333691.343369,0.00519,0.02623,-0.04932,0.00173,0.00150,0.00088,0.53579,0.00085,0.22802,-0.00052,0.70685,0.00055,0.70736,1,3,0.99961,0.01052,0.00900,-0.02426,0.06050,0.08370,0.63058,0,0
1768333691.345371,0.00958,0.02618,0.04972,-0.00220,0.00018,0.00097,0.53583,0.00085,0.22803,-0.00052,0.70685,0.00055,0.70736,1,3,0.99961,0.01052,0.00900,-0.02426,0.06050,0.08370,0.63058,0,0
1768333691.347343,0.00261,0.01562,-0.03409,0.00160,-0.00026,-0.00057,0.53583,0.00085,0.22803,-0.00052,0.70685,0.00055,0.70736,1,3,0.99961,0.01052,0.00900,-0.02426,0.06050,0.08370,0.63058,0,0
1768333691.349335,0.00132,0.01956,-0.01120,0.00186,0.00091,0.00052,0.53587,0.00085,0.22803,-0.00052,0.70685,0.00055,0.70736,1,3,0.99961,0.01052,0.00900,-0.02426,0.06050,0.08370,0.63058,0,0
1768333691.351331,0.01503,0.02161,-0.00361,0.00080,0.00062,0.00065,0.53587,0.00085,0.22803,-0.00052,0.70685,0.00055,0.70736,1,3,0.99961,0.01052,0.00900,-0.02426,0.06050,0.08370,0.63058,0,0
1768333691.353327,0.01978,0.01959,0.00391,0.00077,0.00005,0.00011,0.53587,0.00085,0.22803,-0.00052,0.70685,0.00055,0.70736,1,3,0.99961,0.01052,0.00900,-0.02426,0.06050,0.08370,0.63058,0,0
1768333691.355383,0.00477,0.00487,-0.00332,-0.00072,-0.00002,-0.00028,0.53587,0.00085,0.22803,-0.00052,0.70685,0.00055,0.70736,1,3,0.99961,0.01052,0.00900,-0.02426,0.06050,0.08370,0.63058,0,0
1768333691.357430,-0.00140,0.04102,0.01880,-0.00006,0.00119,0.00094,0.53591,0.00085,0.22802,-0.00052,0.70685,0.00055,0.70736,1,3,0.99961,0.01052,0.00900,-0.02426,0.06050,0.08370,0.63058,0,0
1768333691.359338,0.01520,0.03646,0.00327,0.00098,0.00085,-0.00016,0.53591,0.00085,0.22802,-0.00052,0.70685,0.00055,0.70736,1,3,0.99961,0.01052,0.00900,-0.02426,0.06050,0.08370,0.63058,0,0
1768333691.361381,0.00836,0.02210,0.01144,-0.00029,0.00005,-0.00014,0.53595,0.00085,0.22802,-0.00052,0.70685,0.00055,0.70736,1,3,0.99961,0.01052,0.00900,-0.02426,0.06050,0.08370,0.63058,0,0
1768333691.363320,0.00297,0.00459,-0.00331,0.00059,0.00077,0.00013,0.53595,0.00085,0.22802,-0.00052,0.70685,0.00055,0.70736,1,3,0.99961,0.01052,0.00900,-0.02426,0.06050,0.08370,0.63058,0,0
1768333691.365334,0.00533,0.01422,-0.01096,-0.00170,0.00010,0.00026,0.53599,0.00085,0.22802,-0.00052,0.70686,0.00055,0.70736,1,3,0.99964,0.01037,0.00801,-0.02352,0.06049,0.08370,0.63057,0,0
1768333691.367343,0.00514,-0.01277,-0.04867,0.00256,0.00152,-0.00005,0.53599,0.00085,0.22802,-0.00052,0.70686,0.00055,0.70736,1,3,0.99964,0.01037,0.00801,-0.02352,0.06049,0.08370,0.63057,0,0
1768333691.369373,-0.02734,-0.03180,-0.04787,0.00146,0.00117,0.00013,0.53603,0.00085,0.22802,-0.00052,0.70686,0.00055,0.70736,1,3,0.99964,0.01037,0.00801,-0.02352,0.06049,0.08370,0.63057,0,0
1768333691.371336,-0.02174,-0.03440,-0.00946,-0.00010,0.00048,0.00083,0.53603,0.00085,0.22802,-0.00052,0.70686,0.00055,0.70736,1,3,0.99964,0.01037,0.00801,-0.02352,0.06049,0.08370,0.63057,0,0
1768333691.373365,0.00069,0.03291,-0.01891,-0.00081,-0.00126,-0.00002,0.53603,0.00085,0.22802,-0.00052,0.70686,0.00055,0.70736,1,3,0.99964,0.01037,0.00801,-0.02352,0.06049,0.08370,0.63057,0,0
1768333691.375355,0.01961,0.03449,-0.01129,0.00052,-0.00046,0.00091,0.53607,0.00085,0.22802,-0.00052,0.70686,0.00055,0.70735,1,3,0.99964,0.01037,0.00801,-0.02352,0.06049,0.08370,0.63057,0,0
1768333691.377368,0.01716,0.02215,0.01924,-0.00072,-0.00056,0.00027,0.53611,0.00085,0.22802,-0.00052,0.70686,0.00055,0.70736,1,3,0.99964,0.01037,0.00801,-0.02352,0.06049,0.08370,0.63057,0,0
1768333691.379481,0.00012,0.02152,0.01137,-0.00073,0.00091,-0.00013,0.53616,0.00085,0.22802,-0.00052,0.70685,0.00055,0.70736,1,3,0.99964,0.01037,0.00801,-0.02352,0.06049,0.08370,0.63057,0,0
1768333691.381347,-0.01813,0.00708,-0.02589,0.00018,0.00103,0.00067,0.53616,0.00085,0.22802,-0.00052,0.70685,0.00055,0.70736,1,3,0.99964,0.01037,0.00801,-0.02352,0.06049,0.08370,0.63057,0,0
1768333691.383372,0.01280,0.03470,0.03390,-0.00035,-0.00040,-0.00026,0.53620,0.00085,0.22802,-0.00052,0.70686,0.00055,0.70736,1,3,0.99964,0.01037,0.00801,-0.02352,0.06049,0.08370,0.63057,0,0
1768333691.385377,0.02202,-0.00008,-0.01090,-0.00078,-0.00048,-0.00056,0.53620,0.00085,0.22802,-0.00052,0.70686,0.00055,0.70736,1,3,0.99964,0.01037,0.00801,-0.02352,0.06049,0.08370,0.63057,0,0
1768333691.387666,0.01327,0.01043,0.01196,-0.00065,-0.00114,-0.00000,0.53624,0.00085,0.22802,-0.00052,0.70686,0.00055,0.70736,1,3,0.99964,0.01037,0.00801,-0.02352,0.06049,0.08370,0.63057,0,0
1768333691.389360,0.00372,0.03858,-0.00392,-0.00074,0.00074,0.00079,0.53624,0.00085,0.22802,-0.00052,0.70686,0.00055,0.70736,1,3,0.99964,0.01037,0.00801,-0.02352,0.06049,0.08370,0.63057,0,0
1768333691.391385,-0.02695,0.06083,-0.00452,-0.00004,0.00186,0.00081,0.53624,0.00085,0.22802,-0.00052,0.70686,0.00055,0.70736,1,3,0.99964,0.01037,0.00801,-0.02352,0.06049,0.08370,0.63057,0,0
1768333691.393376,0.01198,0.03374,-0.01169,-0.00015,0.00077,0.00010,0.53628,0.00085,0.22802,-0.00052,0.70685,0.00055,0.70736,1,3,0.99964,0.01037,0.00801,-0.02352,0.06049,0.08370,0.63057,0,0
1768333691.395351,-0.01046,-0.00665,-0.04856,0.00176,0.00018,-0.00016,0.53628,0.00085,0.22802,-0.00052,0.70685,0.00055,0.70736,1,3,0.99964,0.01037,0.00801,-0.02352,0.06049,0.08370,0.63057,0,0
1768333691.397367,-0.00882,-0.03107,-0.01728,0.00038,-0.00071,0.00014,0.53632,0.00085,0.22802,-0.00052,0.70685,0.00055,0.70736,1,3,0.99964,0.01037,0.00801,-0.02352,0.06049,0.08370,0.63057,0,0
1768333691.399384,-0.00457,-0.00970,-0.00278,-0.00002,0.00011,0.00014,0.53632,0.00085,0.22802,-0.00052,0.70685,0.00055,0.70736,1,3,0.99964,0.01037,0.00801,-0.02352,0.06049,0.08370,0.63057,0,0
1768333691.401370,0.02775,-0.00680,-0.01067,0.00046,0.00176,0.00077,0.53636,0.00085,0.22802,-0.00052,0.70685,0.00055,0.70736,1,3,0.99964,0.01037,0.00801,-0.02352,0.06049,0.08370,0.63057,0,0
1768333691.403351,-0.00518,0.03755,-0.00410,-0.00076,0.00238,0.00079,0.53636,0.00085,0.22802,-0.00052,0.70685,0.00055,0.70736,1,3,0.99964,0.01037,0.00801,-0.02352,0.06049,0.08370,0.63057,0,0
1768333691.405369,0.01305,0.02262,0.02671,-0.00181,0.00166,0.00081,0.53640,0.00085,0.22802,-0.00052,0.70685,0.00055,0.70736,1,3,0.99961,0.01024,0.00831,-0.02454,0.06050,0.08371,0.63060,0,0
1768333691.407380,-0.01807,0.02360,0.00402,0.00104,-0.00065,-0.00012,0.53640,0.00085,0.22802,-0.00052,0.70685,0.00055,0.70736,1,3,0.99961,0.01024,0.00831,-0.02454,0.06050,0.08371,0.63060,0,0
1768333691.409392,-0.00075,0.00814,0.03486,0.00042,-0.00058,0.00030,0.53644,0.00085,0.22802,-0.00052,0.70685,0.00055,0.70736,1,3,0.99961,0.01024,0.00831,-0.02454,0.06050,0.08371,0.63060,0,0
1768333691.411390,0.00437,0.01684,-0.04930,0.00292,0.00151,0.00035,0.53644,0.00085,0.22802,-0.00052,0.70685,0.00055,0.70736,1,3,0.99961,0.01024,0.00831,-0.02454,0.06050,0.08371,0.63060,0,0
1768333691.413380,0.00338,0.02771,0.03424,-0.00088,0.00203,0.00109,0.53648,0.00085,0.22802,-0.00052,0.70685,0.00055,0.70736,1,3,0.99961,0.01024,0.00831,-0.02454,0.06050,0.08371,0.63060,0,0
1768333691.415415,-0.02055,0.02574,-0.01920,0.00194,0.00320,0.00052,0.53652,0.00085,0.22802,-0.00052,0.70685,0.00055,0.70736,1,3,0.99961,0.01024,0.00831,-0.02454,0.06050,0.08371,0.63060,0,0
1768333691.417372,-0.00038,-0.01208,0.01260,-0.00005,-0.00019,0.00042,0.53652,0.00085,0.22802,-0.00052,0.70685,0.00055,0.70736,1,3,0.99961,0.01024,0.00831,-0.02454,0.06050,0.08371,0.63060,0,0
1768333691.419375,-0.00027,-0.00614,0.03536,0.00024,-0.00134,0.00031,0.53656,0.00085,0.22802,-0.00052,0.70685,0.00055,0.70736,1,3,0.99961,0.01024,0.00831,-0.02454,0.06050,0.08371,0.63060,0,0
1768333691.421391,0.01434,-0.01725,-0.05597,0.00207,0.00040,0.00008,0.53656,0.00085,0.22802,-0.00052,0.70685,0.00055,0.70736,1,3,0.99961,0.01024,0.00831,-0.02454,0.06050,0.08371,0.63060,0,0
1768333691.423391,-0.00031,0.01658,-0.00348,-0.00058,0.00081,0.00040,0.53660,0.00085,0.22802,-0.00052,0.70685,0.00055,0.70736,1,3,0.99961,0.01024,0.00831,-0.02454,0.06050,0.08371,0.63060,0,0
1768333691.425371,-0.02105,0.04371,0.00341,-0.00112,0.00128,0.00028,0.53660,0.00085,0.22802,-0.00052,0.70685,0.00055,0.70736,1,3,0.99961,0.01024,0.00831,-0.02454,0.06050,0.08371,0.63060,0,0
1768333691.427389,0.01602,0.00619,0.00416,-0.00004,0.00125,0.00025,0.53664,0.00085,0.22803,-0.00052,0.70685,0.00055,0.70736,1,3,0.99961,0.01024,0.00831,-0.02454,0.06050,0.08371,0.63060,0,0
1768333691.429386,0.02406,-0.01161,-0.00280,0.00127,-0.00100,-0.00002,0.53664,0.00085,0.22803,-0.00052,0.70685,0.00055,0.70736,1,3,0.99961,0.01024,0.00831,-0.02454,0.06050,0.08371,0.63060,0,0
1768333691.431488,0.02035,0.00915,0.00423,-0.00001,0.00043,0.00038,0.53664,0.00085,0.22803,-0.00052,0.70685,0.00055,0.70736,1,3,0.99961,0.01024,0.00831,-0.02454,0.06050,0.08371,0.63060,0,0
1768333691.433395,-0.00920,0.01689,0.04211,-0.00013,0.00091,0.00044,0.53668,0.00085,0.22802,-0.00052,0.70685,0.00055,0.70736,1,3,0.99961,0.01024,0.00831,-0.02454,0.06050,0.08371,0.63060,0,0
1768333691.435376,0.00254,0.03804,-0.01928,0.00012,0.00178,0.00077,0.53668,0.00085,0.22802,-0.00052,0.70685,0.00055,0.70736,1,3,0.99961,0.01024,0.00831,-0.02454,0.06050,0.08371,0.63060,0,0
1768333691.437418,-0.00604,0.03362,-0.00400,0.00051,0.00162,0.00053,0.53672,0.00085,0.22803,-0.00052,0.70685,0.00055,0.70736,1,3,0.99961,0.01024,0.00831,-0.02454,0.06050,0.08371,0.63060,0,0
1768333691.439396,-0.01326,0.05928,-0.01209,-0.00028,0.00029,0.00026,0.53672,0.00085,0.22803,-0.00052,0.70685,0.00055,0.70736,1,3,0.99965,0.01037,0.00717,-0.02310,0.06052,0.08374,0.63089,0,0
1768333691.441408,0.01698,0.03220,0.01147,-0.00060,-0.00081,0.00039,0.53676,0.00085,0.22803,-0.00052,0.70685,0.00055,0.70736,1,3,0.99965,0.01037,0.00717,-0.02310,0.06052,0.08374,0.63089,0,0
1768333691.443392,0.00453,0.01962,0.01183,-0.00097,-0.00027,0.00054,0.53676,0.00085,0.22803,-0.00052,0.70685,0.00055,0.70736,1,3,0.99965,0.01037,0.00717,-0.02310,0.06052,0.08374,0.63089,0,0
1768333691.445404,-0.00076,0.01177,-0.01109,0.00002,0.00094,0.00012,0.53680,0.00085,0.22803,-0.00052,0.70685,0.00055,0.70737,1,3,0.99965,0.01037,0.00717,-0.02310,0.06052,0.08374,0.63089,0,0
1768333691.447391,-0.00713,0.00435,-0.02643,0.00211,0.00203,-0.00029,0.53684,0.00085,0.22803,-0.00052,0.70685,0.00055,0.70736,1,3,0.99965,0.01037,0.00717,-0.02310,0.06052,0.08374,0.63089,0,0
1768333691.449494,-0.00945,0.02251,-0.00356,0.00037,0.00015,0.00027,0.53684,0.00085,0.22803,-0.00052,0.70685,0.00055,0.70736,1,3,0.99965,0.01037,0.00717,-0.02310,0.06052,0.08374,0.63089,0,0
1768333691.451402,-0.02062,0.02631,-0.01100,-0.00046,-0.00150,0.00001,0.53688,0.00085,0.22802,-0.00052,0.70685,0.00055,0.70736,1,3,0.99965,0.01037,0.00717,-0.02310,0.06052,0.08374,0.63089,0,0
1768333691.453487,-0.00473,-0.01873,-0.01766,0.00053,-0.00077,-0.00000,0.53688,0.00085,0.22802,-0.00052,0.70685,0.00055,0.70736,1,3,0.99965,0.01037,0.00717,-0.02310,0.06052,0.08374,0.63089,0,0
1768333691.455436,0.01182,-0.00079,0.02720,0.00009,0.00092,0.00028,0.53692,0.00085,0.22803,-0.00052,0.70685,0.00055,0.70737,1,3,0.99965,0.01037,0.00717,-0.02310,0.06052,0.08374,0.63089,0,0
1768333691.457397,0.01186,-0.01132,0.01228,-0.00026,0.00157,0.00054,0.53692,0.00085,0.22803,-0.00052,0.70685,0.00055,0.70737,1,3,0.99965,0.01037,0.00717,-0.02310,0.06052,0.08374,0.63089,0,0
1768333691.459399,-0.00972,0.01183,0.02704,0.00024,0.00118,0.00056,0.53692,0.00085,0.22803,-0.00052,0.70685,0.00055,0.70737,1,3,0.99965,0.01037,0.00717,-0.02310,0.06052,0.08374,0.63089,0,0
1768333691.461405,0.00471,0.02452,0.01907,-0.00092,-0.00003,0.00001,0.53696,0.00085,0.22803,-0.00052,0.70685,0.00055,0.70736,1,3,0.99965,0.01037,0.00717,-0.02310,0.06052,0.08374,0.63089,0,0
1768333691.463383,-0.00134,0.03206,-0.04957,0.00070,0.00042,-0.00005,0.53696,0.00085,0.22803,-0.00052,0.70685,0.00055,0.70736,1,3,0.99965,0.01037,0.00717,-0.02310,0.06052,0.08374,0.63089,0,0
1768333691.465404,0.02503,0.04155,0.00356,-0.00049,-0.00041,0.00051,0.53700,0.00085,0.22803,-0.00052,0.70685,0.00055,0.70736,1,3,0.99965,0.01037,0.00717,-0.02310,0.06052,0.08374,0.63089,0,0
1768333691.467393,0.02074,0.00462,-0.01086,-0.00006,-0.00008,0.00011,0.53700,0.00085,0.22803,-0.00052,0.70685,0.00055,0.70736,1,3,0.99965,0.01037,0.00717,-0.02310,0.06052,0.08374,0.63089,0,0
1768333691.469389,-0.00894,-0.00294,0.04267,-0.00037,0.00092,0.00058,0.53704,0.00085,0.22803,-0.00052,0.70685,0.00055,0.70737,1,3,0.99965,0.01037,0.00717,-0.02310,0.06052,0.08374,0.63089,0,0
1768333691.471437,-0.00101,-0.00321,-0.01817,0.00006,0.00109,0.00052,0.53704,0.00085,0.22803,-0.00052,0.70685,0.00055,0.70737,1,3,0.99962,0.01022,0.00818,-0.02415,0.06050,0.08371,0.63063,0,0
1768333691.473433,-0.03890,-0.00357,-0.01038,0.00071,-0.00011,0.00003,0.53708,0.00085,0.22803,-0.00052,0.70684,0.00055,0.70737,1,3,0.99962,0.01022,0.00818,-0.02415,0.06050,0.08371,0.63063,0,0
1768333691.475420,-0.01771,0.03241,0.01906,0.00005,0.00024,0.00043,0.53708,0.00085,0.22803,-0.00052,0.70684,0.00055,0.70737,1,3,0.99962,0.01022,0.00818,-0.02415,0.06050,0.08371,0.63063,0,0
1768333691.477436,0.01327,0.01911,0.01141,-0.00098,0.00037,-0.00028,0.53712,0.00085,0.22803,-0.00052,0.70685,0.00055,0.70737,1,3,0.99962,0.01022,0.00818,-0.02415,0.06050,0.08371,0.63063,0,0
1768333691.479419,0.00410,0.04908,-0.00452,-0.00040,0.00033,-0.00029,0.53716,0.00085,0.22803,-0.00052,0.70685,0.00055,0.70737,1,3,0.99962,0.01022,0.00818,-0.02415,0.06050,0.08371,0.63063,0,0
1768333691.481435,0.00151,0.00190,0.02760,-0.00228,-0.00009,0.00083,0.53716,0.00085,0.22803,-0.00052,0.70685,0.00055,0.70737,1,3,0.99962,0.01022,0.00818,-0.02415,0.06050,0.08371,0.63063,0,0
1768333691.483413,0.00444,0.01954,0.00386,-0.00054,0.00023,-0.00027,0.53721,0.00085,0.22803,-0.00052,0.70684,0.00055,0.70737,1,3,0.99962,0.01022,0.00818,-0.02415,0.06050,0.08371,0.63063,0,0
1768333691.485414,-0.00507,-0.00120,-0.00304,-0.00035,0.00164,0.00067,0.53721,0.00085,0.22803,-0.00052,0.70684,0.00055,0.70737,1,3,0.99962,0.01022,0.00818,-0.02415,0.06050,0.08371,0.63063,0,0
1768333691.487413,-0.02385,0.00560,-0.01825,0.00191,0.00059,0.00054,0.53725,0.00085,0.22803,-0.00052,0.70684,0.00055,0.70737,1,3,0.99962,0.01022,0.00818,-0.02415,0.06050,0.08371,0.63063,0,0
1768333691.489412,-0.00559,0.01999,0.02678,0.00078,0.00035,0.00015,0.53725,0.00085,0.22803,-0.00052,0.70684,0.00055,0.70737,1,3,0.99962,0.01022,0.00818,-0.02415,0.06050,0.08371,0.63063,0,0
1768333691.491411,0.01862,0.02128,0.01198,-0.00270,-0.00043,0.00107,0.53729,0.00085,0.22803,-0.00052,0.70684,0.00055,0.70737,1,3,0.99962,0.01022,0.00818,-0.02415,0.06050,0.08371,0.63063,0,0
1768333691.493405,0.04484,-0.00099,-0.04109,0.00075,0.00015,0.00060,0.53729,0.00085,0.22803,-0.00052,0.70684,0.00055,0.70737,1,3,0.99962,0.01022,0.00818,-0.02415,0.06050,0.08371,0.63063,0,0
1768333691.495427,0.00338,0.00494,-0.00305,0.00016,0.00001,0.00053,0.53729,0.00085,0.22803,-0.00052,0.70684,0.00055,0.70737,1,3,0.99962,0.01022,0.00818,-0.02415,0.06050,0.08371,0.63063,0,0
1768333691.497434,0.01630,0.02679,-0.01903,-0.00001,0.00009,0.00010,0.53733,0.00085,0.22803,-0.00052,0.70684,0.00055,0.70737,1,3,0.99962,0.01022,0.00818,-0.02415,0.06050,0.08371,0.63063,0,0
1768333691.499434,0.00449,0.01896,0.01914,-0.00098,0.00074,0.00014,0.53733,0.00085,0.22803,-0.00052,0.70684,0.00055,0.70737,1,3,0.99962,0.01022,0.00818,-0.02415,0.06050,0.08371,0.63063,0,0
1768333691.501427,-0.00469,0.02910,-0.01161,-0.00021,0.00097,-0.00015,0.53737,0.00085,0.22804,-0.00052,0.70684,0.00055,0.70737,1,3,0.99962,0.01022,0.00818,-0.02415,0.06050,0.08371,0.63063,0,0
1768333691.503432,0.00804,-0.01295,0.00486,-0.00028,0.00060,0.00040,0.53737,0.00085,0.22804,-0.00052,0.70684,0.00055,0.70737,1,3,0.99962,0.01022,0.00818,-0.02415,0.06050,0.08371,0.63063,0,0
1768333691.505444,-0.01624,-0.01218,0.02009,-0.00093,0.00025,0.00004,0.53741,0.00085,0.22804,-0.00052,0.70684,0.00055,0.70738,1,3,0.99961,0.01036,0.00885,-0.02458,0.06049,0.08369,0.63052,0,0
1768333691.507454,0.00403,0.01911,-0.01143,-0.00033,0.00087,-0.00029,0.53741,0.00085,0.22804,-0.00052,0.70684,0.00055,0.70738,1,3,0.99961,0.01036,0.00885,-0.02458,0.06049,0.08369,0.63052,0,0
1768333691.509430,-0.00545,0.02907,0.03389,0.00045,0.00135,-0.00011,0.53745,0.00085,0.22804,-0.00052,0.70684,0.00055,0.70738,1,3,0.99961,0.01036,0.00885,-0.02458,0.06049,0.08369,0.63052,0,0
1768333691.511449,-0.00013,0.02640,0.01134,-0.00067,0.00092,0.00014,0.53749,0.00086,0.22804,-0.00052,0.70683,0.00055,0.70738,1,3,0.99961,0.01036,0.00885,-0.02458,0.06049,0.08369,0.63052,0,0
1768333691.513434,0.00239,0.01916,0.00401,0.00077,0.00103,0.00053,0.53749,0.00086,0.22804,-0.00052,0.70683,0.00055,0.70738,1,3,0.99961,0.01036,0.00885,-0.02458,0.06049,0.08369,0.63052,0,0
1768333691.515474,0.02043,0.04408,0.04152,-0.00024,-0.00023,0.00067,0.53753,0.00086,0.22804,-0.00052,0.70683,0.00055,0.70738,1,3,0.99961,0.01036,0.00885,-0.02458,0.06049,0.08369,0.63052,0,0
1768333691.517452,0.00799,0.04223,0.01869,-0.00004,-0.00046,0.00013,0.53753,0.00086,0.22804,-0.00052,0.70683,0.00055,0.70738,1,3,0.99961,0.01036,0.00885,-0.02458,0.06049,0.08369,0.63052,0,0
1768333691.519448,0.01936,0.01920,-0.01914,0.00121,0.00081,-0.00031,0.53757,0.00086,0.22805,-0.00052,0.70683,0.00055,0.70738,1,3,0.99961,0.01036,0.00885,-0.02458,0.06049,0.08369,0.63052,0,0
1768333691.521470,-0.02263,-0.01422,-0.01020,0.00102,0.00046,0.00029,0.53757,0.00086,0.22805,-0.00052,0.70683,0.00055,0.70738,1,3,0.99961,0.01036,0.00885,-0.02458,0.06049,0.08369,0.63052,0,0
1768333691.523431,-0.00955,0.01162,-0.00335,0.00002,0.00130,0.00054,0.53757,0.00086,0.22805,-0.00052,0.70683,0.00055,0.70738,1,3,0.99961,0.01036,0.00885,-0.02458,0.06049,0.08369,0.63052,0,0
1768333691.525433,0.01041,0.01651,0.01204,-0.00276,-0.00033,0.00081,0.53757,0.00086,0.22805,-0.00052,0.70683,0.00055,0.70738,1,3,0.99961,0.01036,0.00885,-0.02458,0.06049,0.08369,0.63052,0,0
1768333691.527435,0.01679,0.03106,-0.00391,-0.00083,0.00059,0.00038,0.53761,0.00086,0.22804,-0.00052,0.70683,0.00055,0.70738,1,3,0.99961,0.01036,0.00885,-0.02458,0.06049,0.08369,0.63052,0,0
1768333691.529450,0.01501,-0.00694,-0.04067,0.00133,-0.00062,0.00063,0.53765,0.00086,0.22804,-0.00052,0.70684,0.00055,0.70738,1,3,0.99961,0.01036,0.00885,-0.02458,0.06049,0.08369,0.63052,0,0
1768333691.531432,-0.01315,-0.02284,-0.00974,0.00069,-0.00155,0.00015,0.53765,0.00086,0.22804,-0.00052,0.70684,0.00055,0.70738,1,3,0.99961,0.01036,0.00885,-0.02458,0.06049,0.08369,0.63052,0,0
1768333691.533447,-0.00887,-0.02186,-0.02534,0.00027,0.00017,-0.00014,0.53769,0.00086,0.22804,-0.00052,0.70683,0.00055,0.70738,1,3,0.99961,0.01036,0.00885,-0.02458,0.06049,0.08369,0.63052,0,0
1768333691.535444,-0.00525,0.01387,0.01180,-0.00017,0.00138,0.00068,0.53769,0.00086,0.22804,-0.00052,0.70683,0.00055,0.70738,1,3,0.99963,0.01032,0.00853,-0.02373,0.06050,0.08371,0.63061,0,0
1768333691.537474,0.01229,0.03320,0.01121,-0.00081,0.00115,0.00052,0.53773,0.00086,0.22804,-0.00052,0.70684,0.00055,0.70738,1,3,0.99963,0.01032,0.00853,-0.02373,0.06050,0.08371,0.63061,0,0
1768333691.539457,-0.01266,0.02979,0.00391,-0.00063,0.00005,0.00028,0.53773,0.00086,0.22804,-0.00052,0.70684,0.00055,0.70738,1,3,0.99963,0.01032,0.00853,-0.02373,0.06050,0.08371,0.63061,0,0
1768333691.541470,0.00368,0.04050,0.02657,0.00015,-0.00129,0.00041,0.53777,0.00086,0.22804,-0.00052,0.70683,0.00055,0.70738,1,3,0.99963,0.01032,0.00853,-0.02373,0.06050,0.08371,0.63061,0,0
1768333691.543464,-0.00039,0.00779,0.01965,-0.00003,-0.00033,0.00029,0.53781,0.00086,0.22804,-0.00052,0.70683,0.00055,0.70738,1,3,0.99963,0.01032,0.00853,-0.02373,0.06050,0.08371,0.63061,0,0
1768333691.545460,0.01045,-0.03229,0.03603,-0.00226,-0.00068,0.00057,0.53781,0.00086,0.22804,-0.00052,0.70683,0.00055,0.70738,1,3,0.99963,0.01032,0.00853,-0.02373,0.06050,0.08371,0.63061,0,0
1768333691.547474,0.03173,0.01323,0.01950,-0.00302,0.00004,0.00066,0.53785,0.00086,0.22804,-0.00052,0.70684,0.00055,0.70738,1,3,0.99963,0.01032,0.00853,-0.02373,0.06050,0.08371,0.63061,0,0
1768333691.549458,-0.00412,0.01371,0.01168,-0.00105,0.00136,0.00028,0.53785,0.00086,0.22804,-0.00052,0.70684,0.00055,0.70738,1,3,0.99963,0.01032,0.00853,-0.02373,0.06050,0.08371,0.63061,0,0
1768333691.551454,0.01277,0.03880,0.01876,-0.00096,0.00025,0.00040,0.53789,0.00086,0.22804,-0.00052,0.70683,0.00055,0.70738,1,3,0.99963,0.01032,0.00853,-0.02373,0.06050,0.08371,0.63061,0,0
1768333691.553464,-0.00582,0.06390,-0.00445,0.00022,0.00046,0.00093,0.53789,0.00086,0.22804,-0.00052,0.70683,0.00055,0.70738,1,3,0.99963,0.01032,0.00853,-0.02373,0.06050,0.08371,0.63061,0,0
1768333691.555542,0.01262,0.02981,0.02666,-0.00041,-0.00063,0.00027,0.53789,0.00086,0.22804,-0.00052,0.70683,0.00055,0.70738,1,3,0.99963,0.01032,0.00853,-0.02373,0.06050,0.08371,0.63061,0,0
1768333691.557471,-0.00531,0.00445,-0.02591,0.00015,0.00088,0.00052,0.53793,0.00086,0.22804,-0.00052,0.70684,0.00055,0.70738,1,3,0.99963,0.01032,0.00853,-0.02373,0.06050,0.08371,0.63061,0,0
1768333691.559452,-0.00588,-0.02554,-0.00249,0.00066,0.00167,0.00054,0.53793,0.00086,0.22804,-0.00052,0.70684,0.00055,0.70738,1,3,0.99963,0.01032,0.00853,-0.02373,0.06050,0.08371,0.63061,0,0
1768333691.561471,-0.01307,0.00457,-0.00323,-0.00029,0.00096,0.00014,0.53797,0.00086,0.22804,-0.00052,0.70684,0.00055,0.70738,1,3,0.99963,0.01032,0.00853,-0.02373,0.06050,0.08371,0.63061,0,0
1768333691.563455,-0.01292,0.02843,-0.02669,-0.00087,0.00171,0.00025,0.53797,0.00086,0.22804,-0.00052,0.70684,0.00055,0.70738,1,3,0.99963,0.01032,0.00853,-0.02373,0.06050,0.08371,0.63061,0,0
1768333691.565465,-0.02213,0.04538,-0.01160,0.00043,-0.00035,0.00027,0.53801,0.00086,0.22804,-0.00052,0.70684,0.00055,0.70738,1,3,0.99963,0.01032,0.00853,-0.02373,0.06050,0.08371,0.63061,0,0
1768333691.567453,-0.00944,0.04732,0.01109,0.00023,-0.00013,0.00041,0.53801,0.00086,0.22804,-0.00052,0.70684,0.00055,0.70738,1,3,0.99963,0.01032,0.00853,-0.02373,0.06050,0.08371,0.63061,0,0
1768333691.569458,0.01395,0.01217,-0.01121,0.00221,0.00076,0.00010,0.53805,0.00086,0.22804,-0.00052,0.70684,0.00055,0.70737,1,3,0.99960,0.01059,0.00900,-0.02444,0.06048,0.08370,0.63048,0,0
1768333691.571497,-0.00325,0.00890,0.01991,-0.00220,0.00048,0.00123,0.53805,0.00086,0.22804,-0.00052,0.70684,0.00055,0.70737,1,3,0.99960,0.01059,0.00900,-0.02444,0.06048,0.08370,0.63048,0,0
1768333691.573486,0.00829,0.00204,0.01194,-0.00031,0.00045,0.00000,0.53805,0.00086,0.22804,-0.00052,0.70684,0.00055,0.70737,1,3,0.99960,0.01059,0.00900,-0.02444,0.06048,0.08370,0.63048,0,0
1768333691.575558,-0.00486,0.01930,-0.00365,-0.00011,0.00085,0.00013,0.53813,0.00086,0.22803,-0.00052,0.70684,0.00055,0.70737,1,3,0.99960,0.01059,0.00900,-0.02444,0.06048,0.08370,0.63048,0,0
1768333691.577494,-0.00025,0.03174,0.01121,-0.00039,0.00053,0.00000,0.53813,0.00086,0.22803,-0.00052,0.70684,0.00055,0.70737,1,3,0.99960,0.01059,0.00900,-0.02444,0.06048,0.08370,0.63048,0,0
1768333691.579489,-0.00199,-0.01516,0.03585,-0.00292,-0.00054,0.00112,0.53817,0.00086,0.22803,-0.00052,0.70684,0.00055,0.70737,1,3,0.99960,0.01059,0.00900,-0.02444,0.06048,0.08370,0.63048,0,0
1768333691.581634,0.01122,0.01364,-0.02608,0.00005,0.00106,0.00104,0.53817,0.00086,0.22803,-0.00052,0.70684,0.00055,0.70737,1,3,0.99960,0.01059,0.00900,-0.02444,0.06048,0.08370,0.63048,0,0
1768333691.583474,-0.00133,0.02222,-0.01141,0.00080,0.00055,-0.00015,0.53821,0.00086,0.22803,-0.00052,0.70684,0.00055,0.70737,1,3,0.99960,0.01059,0.00900,-0.02444,0.06048,0.08370,0.63048,0,0
1768333691.585496,-0.03249,0.02318,0.05009,-0.00181,-0.00084,0.00075,0.53821,0.00086,0.22803,-0.00052,0.70684,0.00055,0.70737,1,3,0.99960,0.01059,0.00900,-0.02444,0.06048,0.08370,0.63048,0,0
1768333691.587476,0.01299,0.01950,0.01181,-0.00097,-0.00037,0.00053,0.53825,0.00086,0.22803,-0.00052,0.70685,0.00055,0.70737,1,3,0.99960,0.01059,0.00900,-0.02444,0.06048,0.08370,0.63048,0,0
1768333691.589476,0.00705,0.00255,0.01211,0.00079,0.00009,0.00041,0.53825,0.00086,0.22803,-0.00052,0.70685,0.00055,0.70737,1,3,0.99960,0.01059,0.00900,-0.02444,0.06048,0.08370,0.63048,0,0
1768333691.591476,0.00810,0.00226,0.01178,0.00012,0.00045,-0.00040,0.53825,0.00086,0.22803,-0.00052,0.70685,0.00055,0.70737,1,3,0.99960,0.01059,0.00900,-0.02444,0.06048,0.08370,0.63048,0,0
1768333691.593472,-0.01249,-0.00511,-0.02575,-0.00062,0.00058,-0.00001,0.53829,0.00086,0.22803,-0.00052,0.70684,0.00055,0.70737,1,3,0.99960,0.01059,0.00900,-0.02444,0.06048,0.08370,0.63048,0,0
1768333691.595474,-0.01693,0.01143,0.02690,-0.00086,0.00164,0.00017,0.53829,0.00086,0.22803,-0.00052,0.70684,0.00055,0.70737,1,3,0.99960,0.01059,0.00900,-0.02444,0.06048,0.08370,0.63048,0,0
1768333691.597470,-0.02599,0.02746,0.02668,-0.00001,0.00059,0.00017,0.53829,0.00086,0.22803,-0.00052,0.70684,0.00055,0.70737,1,3,0.99960,0.01059,0.00900,-0.02444,0.06048,0.08370,0.63048,0,0
1768333691.599474,0.03663,0.01407,-0.02621,0.00049,-0.00001,0.00061,0.53833,0.00086,0.22803,-0.00052,0.70685,0.00055,0.70737,1,3,0.99960,0.01059,0.00900,-0.02444,0.06048,0.08370,0.63048,0,0
1768333691.601492,0.00311,0.00993,-0.01861,0.00065,0.00026,-0.00002,0.53833,0.00086,0.22803,-0.00052,0.70685,0.00055,0.70737,1,3,0.99960,0.01059,0.00900,-0.02444,0.06048,0.08370,0.63048,0,0
1768333691.603502,0.00448,0.03510,0.00379,-0.00057,-0.00092,0.00013,0.53837,0.00086,0.22803,-0.00052,0.70685,0.00055,0.70736,1,3,0.99960,0.01059,0.00900,-0.02444,0.06048,0.08370,0.63048,0,0
1768333691.605500,-0.00105,0.01094,-0.01865,-0.00021,0.00184,0.00052,0.53841,0.00086,0.22802,-0.00052,0.70685,0.00055,0.70736,1,3,0.99964,0.01041,0.00782,-0.02330,0.06052,0.08374,0.63085,0,0
1768333691.607520,-0.01030,0.02220,-0.01886,0.00102,0.00079,0.00026,0.53841,0.00086,0.22802,-0.00052,0.70685,0.00055,0.70736,1,3,0.99964,0.01041,0.00782,-0.02330,0.06052,0.08374,0.63085,0,0
1768333691.609502,0.00752,0.02165,-0.01112,-0.00008,0.00046,0.00065,0.53845,0.00086,0.22803,-0.00052,0.70685,0.00055,0.70737,1,3,0.99964,0.01041,0.00782,-0.02330,0.06052,0.08374,0.63085,0,0
1768333691.611597,-0.00823,0.00269,0.00450,-0.00053,0.00002,0.00001,0.53849,0.00086,0.22803,-0.00052,0.70685,0.00055,0.70737,1,3,0.99964,0.01041,0.00782,-0.02330,0.06052,0.08374,0.63085,0,0
1768333691.613502,0.01265,0.00941,-0.00343,-0.00044,0.00027,-0.00002,0.53849,0.00086,0.22803,-0.00052,0.70685,0.00055,0.70737,1,3,0.99964,0.01041,0.00782,-0.02330,0.06052,0.08374,0.63085,0,0
1768333691.615756,0.01429,0.02596,0.00365,0.00129,0.00164,0.00051,0.53853,0.00086,0.22803,-0.00052,0.70685,0.00055,0.70737,1,3,0.99964,0.01041,0.00782,-0.02330,0.06052,0.08374,0.63085,0,0
1768333691.617502,-0.01447,-0.01023,-0.04075,0.00085,0.00126,0.00052,0.53853,0.00086,0.22803,-0.00052,0.70685,0.00055,0.70737,1,3,0.99964,0.01041,0.00782,-0.02330,0.06052,0.08374,0.63085,0,0
1768333691.619495,-0.01749,0.00311,-0.01032,-0.00008,-0.00037,0.00082,0.53853,0.00086,0.22803,-0.00052,0.70685,0.00055,0.70737,1,3,0.99964,0.01041,0.00782,-0.02330,0.06052,0.08374,0.63085,0,0
1768333691.621542,-0.00486,0.01930,-0.00365,-0.00011,0.00085,0.00013,0.53857,0.00086,0.22803,-0.00052,0.70685,0.00055,0.70736,1,3,0.99964,0.01041,0.00782,-0.02330,0.06052,0.08374,0.63085,0,0
1768333691.623495,0.01225,0.01394,0.01166,-0.00039,0.00078,0.00026,0.53857,0.00086,0.22803,-0.00052,0.70685,0.00055,0.70736,1,3,0.99964,0.01041,0.00782,-0.02330,0.06052,0.08374,0.63085,0,0
1768333691.625499,0.02088,0.05337,-0.00465,-0.00056,0.00051,-0.00004,0.53857,0.00086,0.22803,-0.00052,0.70685,0.00055,0.70736,1,3,0.99964,0.01041,0.00782,-0.02330,0.06052,0.08374,0.63085,0,0
1768333691.627512,0.04265,0.04617,-0.01182,-0.00109,-0.00075,0.00034,0.53861,0.00086,0.22802,-0.00052,0.70685,0.00055,0.70736,1,3,0.99964,0.01041,0.00782,-0.02330,0.06052,0.08374,0.63085,0,0
1768333691.629496,-0.01687,0.01289,0.01954,-0.00040,-0.00014,0.00017,0.53861,0.00086,0.22802,-0.00052,0.70685,0.00055,0.70736,1,3,0.99964,0.01041,0.00782,-0.02330,0.06052,0.08374,0.63085,0,0
1768333691.631496,-0.01765,0.00778,-0.00314,0.00019,0.00026,0.00028,0.53865,0.00086,0.22803,-0.00052,0.70685,0.00055,0.70737,1,3,0.99964,0.01041,0.00782,-0.02330,0.06052,0.08374,0.63085,0,0
1768333691.633510,-0.00925,-0.01240,-0.00266,0.00017,0.00056,0.00041,0.53865,0.00086,0.22803,-0.00052,0.70685,0.00055,0.70737,1,3,0.99964,0.01041,0.00782,-0.02330,0.06052,0.08374,0.63085,0,0
1768333691.635516,-0.02271,-0.00942,-0.00281,0.00107,0.00071,0.00016,0.53869,0.00086,0.22803,-0.00052,0.70684,0.00055,0.70737,1,3,0.99964,0.01041,0.00782,-0.02330,0.06052,0.08374,0.63085,0,0
1768333691.637513,0.00471,-0.00536,-0.01042,-0.00106,0.00013,0.00040,0.53869,0.00086,0.22803,-0.00052,0.70684,0.00055,0.70737,1,3,0.99964,0.01041,0.00782,-0.02330,0.06052,0.08374,0.63085,0,0
1768333691.639537,-0.00928,-0.00690,0.02020,0.00023,-0.00021,0.00070,0.53873,0.00086,0.22803,-0.00052,0.70685,0.00055,0.70737,1,3,0.99958,0.01037,0.00973,-0.02517,0.06049,0.08369,0.63050,0,0
1768333691.641537,-0.01825,0.00258,-0.01841,0.00078,0.00090,0.00000,0.53873,0.00086,0.22803,-0.00052,0.70685,0.00055,0.70737,1,3,0.99958,0.01037,0.00973,-0.02517,0.06049,0.08369,0.63050,0,0
1768333691.643526,0.01036,0.00987,0.00406,0.00175,0.00055,-0.00001,0.53877,0.00086,0.22803,-0.00052,0.70685,0.00055,0.70737,1,3,0.99958,0.01037,0.00973,-0.02517,0.06049,0.08369,0.63050,0,0
1768333691.645542,0.03413,0.02635,0.02652,-0.00089,-0.00013,0.00012,0.53877,0.00086,0.22803,-0.00052,0.70685,0.00055,0.70737,1,3,0.99958,0.01037,0.00973,-0.02517,0.06049,0.08369,0.63050,0,0
1768333691.647532,-0.01388,0.02982,0.00383,0.00046,0.00045,0.00028,0.53877,0.00086,0.22803,-0.00052,0.70685,0.00055,0.70737,1,3,0.99958,0.01037,0.00973,-0.02517,0.06049,0.08369,0.63050,0,0
1768333691.649525,-0.01464,0.01547,-0.06413,0.00138,0.00009,0.00023,0.53877,0.00086,0.22803,-0.00052,0.70685,0.00055,0.70737,1,3,0.99958,0.01037,0.00973,-0.02517,0.06049,0.08369,0.63050,0,0
1768333691.651532,-0.02980,0.02949,0.02665,-0.00064,0.00102,0.00031,0.53877,0.00086,0.22803,-0.00052,0.70685,0.00055,0.70737,1,3,0.99958,0.01037,0.00973,-0.02517,0.06049,0.08369,0.63050,0,0
1768333691.653523,0.02863,0.00862,-0.05680,0.00020,0.00097,-0.00008,0.53890,0.00086,0.22803,-0.00052,0.70684,0.00055,0.70737,1,3,0.99958,0.01037,0.00973,-0.02517,0.06049,0.08369,0.63050,0,0
1768333691.655540,0.01507,0.01119,0.01928,0.00067,0.00139,0.00053,0.53890,0.00086,0.22803,-0.00052,0.70684,0.00055,0.70737,1,3,0.99958,0.01037,0.00973,-0.02517,0.06049,0.08369,0.63050,0,0
1768333691.657512,0.01268,0.03864,-0.00424,-0.00074,0.00062,-0.00003,0.53894,0.00086,0.22804,-0.00052,0.70684,0.00055,0.70737,1,3,0.99958,0.01037,0.00973,-0.02517,0.06049,0.08369,0.63050,0,0
1768333691.659517,0.00276,-0.00966,-0.00269,0.00086,0.00003,0.00054,0.53894,0.00086,0.22804,-0.00052,0.70684,0.00055,0.70737,1,3,0.99958,0.01037,0.00973,-0.02517,0.06049,0.08369,0.63050,0,0
1768333691.661518,-0.03126,0.01654,-0.02596,0.00139,-0.00073,0.00028,0.53898,0.00086,0.22804,-0.00052,0.70684,0.00055,0.70738,1,3,0.99958,0.01037,0.00973,-0.02517,0.06049,0.08369,0.63050,0,0
1768333691.663529,-0.00670,0.02028,-0.05679,0.00187,0.00024,0.00009,0.53898,0.00086,0.22804,-0.00052,0.70684,0.00055,0.70738,1,3,0.99958,0.01037,0.00973,-0.02517,0.06049,0.08369,0.63050,0,0
1768333691.665522,0.01155,0.01884,-0.02619,-0.00011,0.00067,0.00090,0.53898,0.00086,0.22804,-0.00052,0.70684,0.00055,0.70738,1,3,0.99958,0.01037,0.00973,-0.02517,0.06049,0.08369,0.63050,0,0
1768333691.667518,0.01314,0.00879,0.02688,-0.00111,0.00089,0.00001,0.53902,0.00086,0.22804,-0.00052,0.70684,0.00055,0.70738,1,3,0.99958,0.01037,0.00973,-0.02517,0.06049,0.08369,0.63050,0,0
1768333691.669533,0.02857,-0.02001,-0.01794,0.00073,-0.00003,-0.00004,0.53902,0.00086,0.22804,-0.00052,0.70684,0.00055,0.70738,1,3,0.99958,0.01037,0.00973,-0.02517,0.06049,0.08369,0.63050,0,0
1768333691.671543,-0.02906,0.00033,0.00474,-0.00099,0.00027,0.00030,0.53906,0.00086,0.22804,-0.00052,0.70683,0.00055,0.70738,1,3,0.99958,0.01037,0.00973,-0.02517,0.06049,0.08369,0.63050,0,0
1768333691.673563,-0.02581,0.01729,-0.00336,-0.00035,0.00073,0.00042,0.53906,0.00086,0.22804,-0.00052,0.70683,0.00055,0.70738,1,3,0.99962,0.01055,0.00910,-0.02380,0.06050,0.08371,0.63058,0,0
1768333691.675550,-0.03523,-0.01230,-0.01026,0.00060,0.00138,0.00043,0.53910,0.00086,0.22804,-0.00052,0.70683,0.00055,0.70738,1,3,0.99962,0.01055,0.00910,-0.02380,0.06050,0.08371,0.63058,0,0
1768333691.677576,0.01270,-0.02087,0.01240,-0.00059,0.00118,0.00000,0.53910,0.00086,0.22804,-0.00052,0.70683,0.00055,0.70738,1,3,0.99962,0.01055,0.00910,-0.02380,0.06050,0.08371,0.63058,0,0
1768333691.679547,0.02670,0.01662,0.01181,-0.00188,-0.00054,0.00039,0.53914,0.00086,0.22804,-0.00052,0.70683,0.00055,0.70738,1,3,0.99962,0.01055,0.00910,-0.02380,0.06050,0.08371,0.63058,0,0
1768333691.681551,0.00740,0.02707,0.00377,0.00043,0.00019,0.00012,0.53918,0.00086,0.22804,-0.00052,0.70683,0.00055,0.70738,1,3,0.99962,0.01055,0.00910,-0.02380,0.06050,0.08371,0.63058,0,0
1768333691.683566,-0.03520,0.03391,-0.03425,0.00138,-0.00058,-0.00040,0.53918,0.00086,0.22804,-0.00052,0.70683,0.00055,0.70738,1,3,0.99962,0.01055,0.00910,-0.02380,0.06050,0.08371,0.63058,0,0
1768333691.685787,0.00005,0.05093,-0.01943,-0.00125,0.00065,0.00064,0.53922,0.00086,0.22804,-0.00052,0.70683,0.00055,0.70738,1,3,0.99962,0.01055,0.00910,-0.02380,0.06050,0.08371,0.63058,0,0
1768333691.687562,-0.02254,0.02515,-0.01892,0.00084,0.00055,-0.00000,0.53922,0.00086,0.22804,-0.00052,0.70683,0.00055,0.70738,1,3,0.99962,0.01055,0.00910,-0.02380,0.06050,0.08371,0.63058,0,0
1768333691.689567,-0.01385,0.02922,-0.03424,0.00023,0.00108,0.00024,0.53926,0.00086,0.22804,-0.00052,0.70683,0.00055,0.70738,1,3,0.99962,0.01055,0.00910,-0.02380,0.06050,0.08371,0.63058,0,0
1768333691.691547,0.00736,-0.00709,-0.00301,0.00089,-0.00004,-0.00014,0.53926,0.00086,0.22804,-0.00052,0.70683,0.00055,0.70738,1,3,0.99962,0.01055,0.00910,-0.02380,0.06050,0.08371,0.63058,0,0
1768333691.693565,0.02160,0.00496,0.02723,-0.00071,-0.00072,0.00014,0.53930,0.00086,0.22804,-0.00052,0.70683,0.00055,0.70738,1,3,0.99962,0.01055,0.00910,-0.02380,0.06050,0.08371,0.63058,0,0
1768333691.695537,0.02266,-0.00362,0.01976,0.00137,0.00131,0.00093,0.53930,0.00086,0.22804,-0.00052,0.70683,0.00055,0.70738,1,3,0.99962,0.01055,0.00910,-0.02380,0.06050,0.08371,0.63058,0,0
1768333691.697582,0.00467,0.04846,-0.01181,-0.00150,0.00047,0.00051,0.53930,0.00086,0.22804,-0.00052,0.70683,0.00055,0.70738,1,3,0.99962,0.01055,0.00910,-0.02380,0.06050,0.08371,0.63058,0,0
1768333691.699557,-0.01801,0.02174,0.01911,0.00014,0.00139,0.00029,0.53934,0.00086,0.22804,-0.00052,0.70683,0.00055,0.70738,1,3,0.99962,0.01055,0.00910,-0.02380,0.06050,0.08371,0.63058,0,0
1768333691.701569,-0.00410,0.02928,-0.01895,-0.00086,0.00033,0.00025,0.53934,0.00086,0.22804,-0.00052,0.70683,0.00055,0.70738,1,3,0.99962,0.01055,0.00910,-0.02380,0.06050,0.08371,0.63058,0,0
1768333691.703563,0.00227,-0.01883,-0.00261,0.00184,-0.00035,0.00000,0.53938,0.00086,0.22805,-0.00052,0.70683,0.00055,0.70739,1,3,0.99962,0.01055,0.00910,-0.02380,0.06050,0.08371,0.63058,0,0
1768333691.705570,0.01709,0.03185,0.01142,-0.00082,-0.00043,0.00039,0.53938,0.00086,0.22805,-0.00052,0.70683,0.00055,0.70739,1,3,0.99963,0.01034,0.00858,-0.02357,0.06050,0.08372,0.63071,0,0
1768333691.707563,0.00758,0.01197,-0.03386,0.00024,0.00046,0.00010,0.53942,0.00086,0.22805,-0.00052,0.70683,0.00055,0.70739,1,3,0.99963,0.01034,0.00858,-0.02357,0.06050,0.08372,0.63071,0,0
1768333691.709584,-0.01740,0.06116,0.00284,-0.00047,0.00122,-0.00000,0.53942,0.00086,0.22805,-0.00052,0.70683,0.00055,0.70739,1,3,0.99963,0.01034,0.00858,-0.02357,0.06050,0.08372,0.63071,0,0
1768333691.711563,0.01662,0.04477,-0.00429,-0.00132,0.00173,0.00077,0.53946,0.00086,0.22805,-0.00052,0.70683,0.00055,0.70739,1,3,0.99963,0.01034,0.00858,-0.02357,0.06050,0.08372,0.63071,0,0
1768333691.713573,0.00153,-0.00966,-0.02556,0.00195,0.00043,0.00052,0.53950,0.00086,0.22805,-0.00052,0.70683,0.00055,0.70739,1,3,0.99963,0.01034,0.00858,-0.02357,0.06050,0.08372,0.63071,0,0
1768333691.715563,-0.01355,0.00153,-0.01038,0.00077,-0.00118,0.00028,0.53950,0.00086,0.22805,-0.00052,0.70683,0.00055,0.70739,1,3,0.99963,0.01034,0.00858,-0.02357,0.06050,0.08372,0.63071,0,0
1768333691.717572,-0.01787,-0.00148,-0.00269,0.00052,-0.00049,0.00056,0.53954,0.00086,0.22804,-0.00052,0.70683,0.00055,0.70738,1,3,0.99963,0.01034,0.00858,-0.02357,0.06050,0.08372,0.63071,0,0
1768333691.719559,-0.01343,0.04450,-0.00395,-0.00024,0.00018,0.00067,0.53954,0.00086,0.22804,-0.00052,0.70683,0.00055,0.70738,1,3,0.99963,0.01034,0.00858,-0.02357,0.06050,0.08372,0.63071,0,0
1768333691.721569,-0.02266,0.04815,-0.01939,-0.00019,0.00207,0.00093,0.53958,0.00086,0.22804,-0.00052,0.70683,0.00055,0.70738,1,3,0.99963,0.01034,0.00858,-0.02357,0.06050,0.08372,0.63071,0,0
1768333691.723565,0.01126,-0.00660,0.00442,0.00024,0.00208,0.00039,0.53958,0.00086,0.22804,-0.00052,0.70683,0.00055,0.70738,1,3,0.99963,0.01034,0.00858,-0.02357,0.06050,0.08372,0.63071,0,0
1768333691.725581,0.00242,-0.02114,0.02090,-0.00234,-0.00224,0.00071,0.53958,0.00086,0.22804,-0.00052,0.70683,0.00055,0.70738,1,3,0.99963,0.01034,0.00858,-0.02357,0.06050,0.08372,0.63071,0,0
1768333691.727568,0.00615,0.00857,-0.04150,0.00239,-0.00055,-0.00058,0.53962,0.00086,0.22804,-0.00052,0.70683,0.00055,0.70738,1,3,0.99963,0.01034,0.00858,-0.02357,0.06050,0.08372,0.63071,0,0
1768333691.729589,-0.02237,-0.01418,-0.00257,0.00080,0.00033,0.00029,0.53962,0.00086,0.22804,-0.00052,0.70683,0.00055,0.70738,1,3,0.99963,0.01034,0.00858,-0.02357,0.06050,0.08372,0.63071,0,0
1768333691.731581,-0.01314,0.04896,-0.01178,-0.00062,0.00068,0.00053,0.53966,0.00086,0.22804,-0.00052,0.70684,0.00055,0.70738,1,3,0.99963,0.01034,0.00858,-0.02357,0.06050,0.08372,0.63071,0,0
1768333691.733587,0.02138,-0.00692,-0.01829,-0.00130,0.00158,0.00037,0.53966,0.00086,0.22804,-0.00052,0.70684,0.00055,0.70738,1,3,0.99963,0.01034,0.00858,-0.02357,0.06050,0.08372,0.63071,0,0
1768333691.735587,0.01236,0.00368,0.00420,-0.00051,0.00129,0.00012,0.53970,0.00086,0.22804,-0.00052,0.70684,0.00055,0.70738,1,3,0.99963,0.01034,0.00858,-0.02357,0.06050,0.08372,0.63071,0,0
1768333691.737587,0.00779,0.02752,-0.01150,0.00043,-0.00033,-0.00029,0.53970,0.00086,0.22804,-0.00052,0.70684,0.00055,0.70738,1,3,0.99962,0.01043,0.00941,-0.02352,0.06050,0.08370,0.63059,0,0
1768333691.739602,0.00776,0.03800,0.01119,0.00056,-0.00110,-0.00014,0.53974,0.00086,0.22804,-0.00052,0.70684,0.00055,0.70738,1,3,0.99962,0.01043,0.00941,-0.02352,0.06050,0.08370,0.63059,0,0
1768333691.741595,-0.01265,0.01484,0.00445,-0.00082,0.00007,0.00069,0.53974,0.00086,0.22804,-0.00052,0.70684,0.00055,0.70738,1,3,0.99962,0.01043,0.00941,-0.02352,0.06050,0.08370,0.63059,0,0
1768333691.743585,-0.00090,0.01635,0.01162,-0.00014,0.00132,0.00041,0.53978,0.00086,0.22804,-0.00052,0.70683,0.00055,0.70738,1,3,0.99962,0.01043,0.00941,-0.02352,0.06050,0.08370,0.63059,0,0
1768333691.745588,0.00826,-0.01867,-0.01785,-0.00078,0.00137,0.00052,0.53982,0.00086,0.22804,-0.00052,0.70684,0.00055,0.70738,1,3,0.99962,0.01043,0.00941,-0.02352,0.06050,0.08370,0.63059,0,0
1768333691.747627,0.02201,-0.00098,0.00469,-0.00166,0.00005,0.00066,0.53982,0.00086,0.22804,-0.00052,0.70684,0.00055,0.70738,1,3,0.99962,0.01043,0.00941,-0.02352,0.06050,0.08370,0.63059,0,0
1768333691.749646,0.00635,0.00217,-0.02633,0.00165,0.00111,-0.00044,0.53986,0.00086,0.22804,-0.00052,0.70684,0.00055,0.70738,1,3,0.99962,0.01043,0.00941,-0.02352,0.06050,0.08370,0.63059,0,0
1768333691.751586,-0.00032,0.05633,0.01063,-0.00053,0.00051,0.00013,0.53986,0.00086,0.22804,-0.00052,0.70684,0.00055,0.70738,1,3,0.99962,0.01043,0.00941,-0.02352,0.06050,0.08370,0.63059,0,0
1768333691.753618,-0.00566,0.02462,0.00412,0.00040,0.00036,0.00081,0.53991,0.00086,0.22804,-0.00052,0.70684,0.00055,0.70738,1,3,0.99962,0.01043,0.00941,-0.02352,0.06050,0.08370,0.63059,0,0
1768333691.755608,-0.00446,0.01971,-0.01115,-0.00032,0.00021,0.00013,0.53991,0.00086,0.22804,-0.00052,0.70684,0.00055,0.70738,1,3,0.99962,0.01043,0.00941,-0.02352,0.06050,0.08370,0.63059,0,0
1768333691.757619,0.01634,0.00276,-0.00317,0.00035,-0.00053,-0.00002,0.53991,0.00086,0.22804,-0.00052,0.70684,0.00055,0.70738,1,3,0.99962,0.01043,0.00941,-0.02352,0.06050,0.08370,0.63059,0,0
1768333691.759634,0.01460,0.02127,-0.03443,0.00145,0.00150,-0.00019,0.53995,0.00086,0.22804,-0.00052,0.70683,0.00055,0.70738,1,3,0.99962,0.01043,0.00941,-0.02352,0.06050,0.08370,0.63059,0,0
1768333691.761627,0.00016,0.04205,0.01112,-0.00070,-0.00024,0.00013,0.53995,0.00086,0.22804,-0.00052,0.70683,0.00055,0.70738,1,3,0.99962,0.01043,0.00941,-0.02352,0.06050,0.08370,0.63059,0,0
1768333691.763598,-0.00500,0.05355,-0.00428,-0.00056,0.00084,0.00079,0.53999,0.00086,0.22804,-0.00052,0.70683,0.00055,0.70738,1,3,0.99962,0.01043,0.00941,-0.02352,0.06050,0.08370,0.63059,0,0
1768333691.765616,-0.00937,-0.00706,-0.00280,0.00045,0.00017,0.00028,0.53999,0.00086,0.22804,-0.00052,0.70683,0.00055,0.70738,1,3,0.99962,0.01043,0.00941,-0.02352,0.06050,0.08370,0.63059,0,0
1768333691.767613,0.00659,-0.01225,-0.01793,0.00126,0.00024,0.00039,0.54003,0.00086,0.22804,-0.00052,0.70683,0.00055,0.70738,1,3,0.99962,0.01043,0.00941,-0.02352,0.06050,0.08370,0.63059,0,0
1768333691.769625,-0.01006,-0.00703,-0.00266,0.00089,0.00018,0.00068,0.54003,0.00086,0.22804,-0.00052,0.70683,0.00055,0.70738,1,3,0.99962,0.01024,0.00838,-0.02437,0.06050,0.08371,0.63064,0,0
1768333691.771601,-0.01774,0.07079,-0.03539,-0.00036,0.00148,0.00010,0.54007,0.00086,0.22804,-0.00052,0.70683,0.00055,0.70738,1,3,0.99962,0.01024,0.00838,-0.02437,0.06050,0.08371,0.63064,0,0
1768333691.773618,-0.01279,0.04377,-0.01956,-0.00068,0.00118,-0.00015,0.54007,0.00086,0.22804,-0.00052,0.70683,0.00055,0.70738,1,3,0.99962,0.01024,0.00838,-0.02437,0.06050,0.08371,0.63064,0,0
1768333691.775608,-0.02356,0.00508,-0.02590,0.00147,0.00110,0.00054,0.54011,0.00086,0.22804,-0.00052,0.70683,0.00055,0.70738,1,3,0.99962,0.01024,0.00838,-0.02437,0.06050,0.08371,0.63064,0,0
1768333691.777615,0.01294,-0.03457,-0.02482,-0.00054,-0.00045,0.00039,0.54015,0.00086,0.22804,-0.00052,0.70683,0.00055,0.70738,1,3,0.99962,0.01024,0.00838,-0.02437,0.06050,0.08371,0.63064,0,0
1768333691.779601,0.01009,-0.04186,0.04384,-0.00172,-0.00080,0.00045,0.54015,0.00086,0.22804,-0.00052,0.70683,0.00055,0.70738,1,3,0.99962,0.01024,0.00838,-0.02437,0.06050,0.08371,0.63064,0,0
1768333691.781610,0.01425,-0.02076,-0.00247,-0.00212,0.00028,0.00040,0.54019,0.00086,0.22804,-0.00052,0.70683,0.00055,0.70738,1,3,0.99962,0.01024,0.00838,-0.02437,0.06050,0.08371,0.63064,0,0
1768333691.783603,-0.03165,0.01979,-0.01106,0.00099,0.00131,0.00055,0.54019,0.00086,0.22804,-0.00052,0.70683,0.00055,0.70738,1,3,0.99962,0.01024,0.00838,-0.02437,0.06050,0.08371,0.63064,0,0
1768333691.785633,-0.01823,0.05084,-0.00434,-0.00016,0.00176,0.00067,0.54023,0.00086,0.22804,-0.00052,0.70683,0.00055,0.70738,1,3,0.99962,0.01024,0.00838,-0.02437,0.06050,0.08371,0.63064,0,0
1768333691.787650,0.00739,0.01214,-0.02625,0.00046,0.00033,0.00010,0.54023,0.00086,0.22804,-0.00052,0.70683,0.00055,0.70738,1,3,0.99962,0.01024,0.00838,-0.02437,0.06050,0.08371,0.63064,0,0
1768333691.789649,0.01459,-0.00430,0.05059,-0.00192,-0.00177,0.00044,0.54023,0.00086,0.22804,-0.00052,0.70683,0.00055,0.70738,1,3,0.99962,0.01024,0.00838,-0.02437,0.06050,0.08371,0.63064,0,0
1768333691.791631,0.01178,0.01945,-0.00330,-0.00010,-0.00010,0.00092,0.54027,0.00086,0.22804,-0.00052,0.70683,0.00055,0.70738,1,3,0.99962,0.01024,0.00838,-0.02437,0.06050,0.08371,0.63064,0,0
1768333691.793648,0.03180,0.00106,-0.04117,0.00077,0.00107,0.00074,0.54027,0.00086,0.22804,-0.00052,0.70683,0.00055,0.70738,1,3,0.99962,0.01024,0.00838,-0.02437,0.06050,0.08371,0.63064,0,0
1768333691.795647,-0.02120,0.01990,0.01911,-0.00032,0.00066,-0.00024,0.54031,0.00086,0.22804,-0.00052,0.70683,0.00055,0.70738,1,3,0.99962,0.01024,0.00838,-0.02437,0.06050,0.08371,0.63064,0,0
1768333691.797641,-0.00594,0.00978,-0.02627,0.00109,0.00087,-0.00002,0.54031,0.00086,0.22804,-0.00052,0.70683,0.00055,0.70738,1,3,0.99962,0.01024,0.00838,-0.02437,0.06050,0.08371,0.63064,0,0
1768333691.799643,0.00120,0.04206,0.01156,-0.00201,-0.00100,0.00095,0.54035,0.00086,0.22804,-0.00052,0.70683,0.00055,0.70738,1,3,0.99962,0.01024,0.00838,-0.02437,0.06050,0.08371,0.63064,0,0
1768333691.801644,-0.01325,0.02952,-0.00377,-0.00020,0.00057,0.00027,0.54035,0.00086,0.22804,-0.00052,0.70683,0.00055,0.70738,1,3,0.99962,0.01024,0.00838,-0.02437,0.06050,0.08371,0.63064,0,0
1768333691.803627,0.00174,0.02443,-0.04192,0.00170,0.00102,-0.00005,0.54039,0.00086,0.22804,-0.00052,0.70683,0.00055,0.70738,1,3,0.99962,0.01024,0.00838,-0.02437,0.06050,0.08371,0.63064,0,0
1768333691.805645,-0.00511,0.00933,0.01188,-0.00001,0.00099,0.00041,0.54039,0.00086,0.22804,-0.00052,0.70683,0.00055,0.70738,1,3,0.99962,0.01024,0.00838,-0.02437,0.06050,0.08371,0.63064,0,0
1768333691.807649,-0.00030,-0.00825,0.01243,-0.00066,0.00096,0.00069,0.54043,0.00086,0.22804,-0.00052,0.70683,0.00055,0.70739,1,3,0.99962,0.01030,0.00964,-0.02380,0.06050,0.08370,0.63053,0,0
1768333691.809648,0.00154,0.01751,0.01976,-0.00209,-0.00112,0.00083,0.54043,0.00086,0.22804,-0.00052,0.70683,0.00055,0.70739,1,3,0.99962,0.01030,0.00964,-0.02380,0.06050,0.08370,0.63053,0,0
1768333691.811639,0.00607,0.02244,-0.01888,0.00168,0.00021,0.00024,0.54047,0.00086,0.22805,-0.00052,0.70683,0.00055,0.70739,1,3,0.99962,0.01030,0.00964,-0.02380,0.06050,0.08370,0.63053,0,0
1768333691.813647,-0.01033,0.01779,-0.00340,0.00119,0.00016,0.00041,0.54047,0.00086,0.22805,-0.00052,0.70683,0.00055,0.70739,1,3,0.99962,0.01030,0.00964,-0.02380,0.06050,0.08370,0.63053,0,0
1768333691.815684,-0.01698,0.01197,0.01939,-0.00063,0.00100,0.00016,0.54051,0.00086,0.22805,-0.00052,0.70682,0.00055,0.70739,1,3,0.99962,0.01030,0.00964,-0.02380,0.06050,0.08370,0.63053,0,0
1768333691.817666,0.00353,0.02892,0.01130,-0.00021,0.00087,0.00026,0.54055,0.00086,0.22805,-0.00052,0.70682,0.00055,0.70739,1,3,0.99962,0.01030,0.00964,-0.02380,0.06050,0.08370,0.63053,0,0
1768333691.819712,-0.00214,0.01269,-0.01864,0.00156,0.00032,0.00012,0.54055,0.00086,0.22805,-0.00052,0.70682,0.00055,0.70739,1,3,0.99962,0.01030,0.00964,-0.02380,0.06050,0.08370,0.63053,0,0
1768333691.821659,0.01866,-0.02752,0.03598,-0.00220,-0.00078,0.00083,0.54059,0.00086,0.22805,-0.00052,0.70682,0.00055,0.70739,1,3,0.99962,0.01030,0.00964,-0.02380,0.06050,0.08370,0.63053,0,0
1768333691.823651,-0.01334,0.03429,-0.01917,-0.00014,0.00082,0.00012,0.54059,0.00086,0.22805,-0.00052,0.70682,0.00055,0.70739,1,3,0.99962,0.01030,0.00964,-0.02380,0.06050,0.08370,0.63053,0,0
1768333691.825663,0.02141,0.04349,0.01094,-0.00112,0.00026,0.00025,0.54063,0.00086,0.22805,-0.00052,0.70682,0.00055,0.70739,1,3,0.99962,0.01030,0.00964,-0.02380,0.06050,0.08370,0.63053,0,0
1768333691.827638,-0.01272,0.02956,0.01924,-0.00086,0.00019,0.00069,0.54063,0.00086,0.22805,-0.00052,0.70682,0.00055,0.70739,1,3,0.99962,0.01030,0.00964,-0.02380,0.06050,0.08370,0.63053,0,0
1768333691.829659,0.01101,-0.00461,-0.02584,0.00135,-0.00008,-0.00003,0.54063,0.00086,0.22805,-0.00052,0.70682,0.00055,0.70739,1,3,0.99962,0.01030,0.00964,-0.02380,0.06050,0.08370,0.63053,0,0
1768333691.831645,0.00305,-0.01499,0.01988,0.00079,0.00078,-0.00012,0.54068,0.00086,0.22805,-0.00052,0.70682,0.00055,0.70739,1,3,0.99962,0.01030,0.00964,-0.02380,0.06050,0.08370,0.63053,0,0
1768333691.833663,0.00158,-0.01999,0.01235,0.00204,0.00131,0.00001,0.54068,0.00086,0.22805,-0.00052,0.70682,0.00055,0.70739,1,3,0.99962,0.01030,0.00964,-0.02380,0.06050,0.08370,0.63053,0,0
1768333691.835663,-0.01444,0.02536,-0.00373,0.00128,0.00020,0.00000,0.54072,0.00086,0.22805,-0.00052,0.70682,0.00055,0.70739,1,3,0.99962,0.01030,0.00964,-0.02380,0.06050,0.08370,0.63053,0,0
1768333691.837658,0.00374,0.02448,-0.01121,-0.00026,0.00012,0.00039,0.54072,0.00086,0.22805,-0.00052,0.70682,0.00055,0.70739,1,3,0.99962,0.01030,0.00964,-0.02380,0.06050,0.08370,0.63053,0,0
1768333691.839648,-0.00036,0.05559,0.00291,-0.00076,0.00140,0.00012,0.54076,0.00086,0.22805,-0.00052,0.70682,0.00055,0.70739,1,3,0.99962,0.01032,0.00834,-0.02400,0.06051,0.08372,0.63069,0,0
1768333691.841664,-0.00435,0.02437,0.01142,-0.00048,0.00059,0.00001,0.54076,0.00086,0.22805,-0.00052,0.70682,0.00055,0.70739,1,3,0.99962,0.01032,0.00834,-0.02400,0.06051,0.08372,0.63069,0,0
1768333691.843669,-0.00037,0.01226,-0.00357,0.00003,0.00042,-0.00028,0.54080,0.00086,0.22805,-0.00052,0.70682,0.00055,0.70739,1,3,0.99962,0.01032,0.00834,-0.02400,0.06051,0.08372,0.63069,0,0
1768333691.845654,0.04554,-0.00362,0.01242,-0.00366,-0.00113,0.00052,0.54084,0.00086,0.22805,-0.00052,0.70682,0.00055,0.70740,1,3,0.99962,0.01032,0.00834,-0.02400,0.06051,0.08372,0.63069,0,0
1768333691.847679,0.02727,-0.01109,0.00477,0.00106,0.00114,0.00092,0.54084,0.00086,0.22805,-0.00052,0.70682,0.00055,0.70740,1,3,0.99962,0.01032,0.00834,-0.02400,0.06051,0.08372,0.63069,0,0
1768333691.849671,-0.01840,0.04317,-0.00400,0.00106,-0.00053,0.00014,0.54088,0.00086,0.22806,-0.00052,0.70682,0.00055,0.70740,1,3,0.99962,0.01032,0.00834,-0.02400,0.06051,0.08372,0.63069,0,0
1768333691.851729,-0.02696,0.02241,-0.02620,0.00059,0.00075,0.00067,0.54088,0.00086,0.22806,-0.00052,0.70682,0.00055,0.70740,1,3,0.99962,0.01032,0.00834,-0.02400,0.06051,0.08372,0.63069,0,0
1768333691.853669,-0.00819,0.02685,-0.01115,-0.00111,0.00026,0.00053,0.54092,0.00086,0.22805,-0.00052,0.70682,0.00055,0.70740,1,3,0.99962,0.01032,0.00834,-0.02400,0.06051,0.08372,0.63069,0,0
1768333691.855678,0.01874,-0.00127,-0.00302,0.00096,0.00136,0.00105,0.54092,0.00086,0.22805,-0.00052,0.70682,0.00055,0.70740,1,3,0.99962,0.01032,0.00834,-0.02400,0.06051,0.08372,0.63069,0,0
1768333691.857686,-0.00436,-0.01397,0.00475,0.00036,-0.00041,-0.00052,0.54096,0.00086,0.22805,-0.00052,0.70682,0.00055,0.70740,1,3,0.99962,0.01032,0.00834,-0.02400,0.06051,0.08372,0.63069,0,0
1768333691.859686,0.01614,0.01575,0.01152,-0.00036,0.00149,0.00039,0.54096,0.00086,0.22805,-0.00052,0.70682,0.00055,0.70740,1,3,0.99962,0.01032,0.00834,-0.02400,0.06051,0.08372,0.63069,0,0
1768333691.861681,-0.01820,-0.00574,-0.02593,0.00177,-0.00050,-0.00094,0.54096,0.00086,0.22805,-0.00052,0.70682,0.00055,0.70740,1,3,0.99962,0.01032,0.00834,-0.02400,0.06051,0.08372,0.63069,0,0
1768333691.863663,0.00396,0.05361,-0.00460,-0.00056,0.00072,-0.00002,0.54096,0.00086,0.22805,-0.00052,0.70682,0.00055,0.70740,1,3,0.99962,0.01032,0.00834,-0.02400,0.06051,0.08372,0.63069,0,0
1768333691.865688,-0.01508,0.04840,0.01836,0.00090,0.00210,0.00055,0.54100,0.00086,0.22805,-0.00052,0.70682,0.00055,0.70740,1,3,0.99962,0.01032,0.00834,-0.02400,0.06051,0.08372,0.63069,0,0
1768333691.867675,0.01195,0.01435,-0.01850,-0.00016,0.00016,0.00064,0.54100,0.00086,0.22805,-0.00052,0.70682,0.00055,0.70740,1,3,0.99962,0.01032,0.00834,-0.02400,0.06051,0.08372,0.63069,0,0
1768333691.869690,0.02352,-0.01249,-0.01798,0.00126,0.00003,0.00037,0.54104,0.00086,0.22805,-0.00052,0.70682,0.00055,0.70740,1,3,0.99962,0.01032,0.00834,-0.02400,0.06051,0.08372,0.63069,0,0
1768333691.871691,-0.01687,-0.03179,-0.00216,-0.00029,0.00028,0.00016,0.54104,0.00086,0.22805,-0.00052,0.70682,0.00055,0.70740,1,3,0.99962,0.01032,0.00834,-0.02400,0.06051,0.08372,0.63069,0,0
1768333691.873679,0.00732,0.01694,-0.01887,0.00052,0.00058,-0.00003,0.54108,0.00086,0.22806,-0.00052,0.70681,0.00055,0.70740,1,3,0.99962,0.01032,0.00834,-0.02400,0.06051,0.08372,0.63069,0,0
1768333691.875687,-0.00471,0.03451,-0.00377,-0.00036,0.00008,0.00053,0.54108,0.00086,0.22806,-0.00052,0.70681,0.00055,0.70740,1,3,0.99965,0.01042,0.00863,-0.02268,0.06051,0.08372,0.63071,0,0
1768333691.877676,0.02299,0.03578,-0.03468,0.00119,0.00140,0.00020,0.54112,0.00086,0.22806,-0.00052,0.70681,0.00055,0.70740,1,3,0.99965,0.01042,0.00863,-0.02268,0.06051,0.08372,0.63071,0,0
1768333691.879695,0.00359,0.02898,-0.03407,-0.00042,0.00050,0.00063,0.54116,0.00086,0.22806,-0.00052,0.70681,0.00055,0.70740,1,3,0.99965,0.01042,0.00863,-0.02268,0.06051,0.08372,0.63071,0,0
1768333691.881695,-0.02153,0.00601,0.01978,0.00017,-0.00046,0.00017,0.54120,0.00086,0.22806,-0.00052,0.70681,0.00055,0.70740,1,3,0.99965,0.01042,0.00863,-0.02268,0.06051,0.08372,0.63071,0,0
1768333691.883704,-0.02609,0.00870,-0.00317,0.00064,-0.00041,-0.00011,0.54120,0.00086,0.22806,-0.00052,0.70681,0.00055,0.70740,1,3,0.99965,0.01042,0.00863,-0.02268,0.06051,0.08372,0.63071,0,0
1768333691.885752,0.00510,0.03978,-0.00399,-0.00117,-0.00081,-0.00001,0.54124,0.00086,0.22805,-0.00052,0.70682,0.00055,0.70740,1,3,0.99965,0.01042,0.00863,-0.02268,0.06051,0.08372,0.63071,0,0
1768333691.887774,0.01061,0.02269,0.02654,0.00037,0.00245,0.00080,0.54124,0.00086,0.22805,-0.00052,0.70682,0.00055,0.70740,1,3,0.99965,0.01042,0.00863,-0.02268,0.06051,0.08372,0.63071,0,0
1768333691.889729,-0.02635,0.02644,0.02668,-0.00024,0.00175,0.00057,0.54124,0.00086,0.22805,-0.00052,0.70682,0.00055,0.70740,1,3,0.99965,0.01042,0.00863,-0.02268,0.06051,0.08372,0.63071,0,0
1768333691.891722,-0.00148,0.02310,-0.01888,0.00125,-0.00046,-0.00015,0.54128,0.00086,0.22805,-0.00052,0.70682,0.00055,0.70740,1,3,0.99965,0.01042,0.00863,-0.02268,0.06051,0.08372,0.63071,0,0
1768333691.893717,0.00907,-0.01774,0.00496,-0.00099,0.00021,0.00014,0.54132,0.00086,0.22805,-0.00052,0.70682,0.00055,0.70739,1,3,0.99965,0.01042,0.00863,-0.02268,0.06051,0.08372,0.63071,0,0
1768333691.895705,0.01166,0.03347,-0.00399,-0.00015,0.00103,0.00051,0.54132,0.00086,0.22805,-0.00052,0.70682,0.00055,0.70739,1,3,0.99965,0.01042,0.00863,-0.02268,0.06051,0.08372,0.63071,0,0
1768333691.897703,-0.01903,0.01233,-0.05665,0.00134,0.00116,0.00010,0.54132,0.00086,0.22805,-0.00052,0.70682,0.00055,0.70739,1,3,0.99965,0.01042,0.00863,-0.02268,0.06051,0.08372,0.63071,0,0
1768333691.899703,-0.01790,0.04625,0.02594,0.00000,0.00162,0.00002,0.54132,0.00086,0.22805,-0.00052,0.70682,0.00055,0.70739,1,3,0.99965,0.01042,0.00863,-0.02268,0.06051,0.08372,0.63071,0,0
1768333691.901720,0.01165,0.05331,-0.01972,-0.00013,0.00089,0.00036,0.54136,0.00086,0.22805,-0.00052,0.70682,0.00055,0.70739,1,3,0.99965,0.01042,0.00863,-0.02268,0.06051,0.08372,0.63071,0,0
1768333691.903685,0.03283,0.00626,-0.01864,0.00018,0.00067,0.00022,0.54140,0.00086,0.22805,-0.00052,0.70682,0.00055,0.70739,1,3,0.99965,0.01042,0.00863,-0.02268,0.06051,0.08372,0.63071,0,0
1768333691.905701,0.00297,-0.05858,0.00593,0.00135,-0.00007,-0.00012,0.54140,0.00086,0.22805,-0.00052,0.70682,0.00055,0.70739,1,3,0.99965,0.01042,0.00863,-0.02268,0.06051,0.08372,0.63071,0,0
1768333691.907691,0.00755,-0.04701,-0.02473,0.00062,0.00038,0.00012,0.54140,0.00086,0.22805,-0.00052,0.70682,0.00055,0.70739,1,3,0.99965,0.01042,0.00863,-0.02268,0.06051,0.08372,0.63071,0,0
1768333691.909689,-0.02758,-0.01198,-0.01788,0.00148,0.00103,0.00042,0.54144,0.00086,0.22805,-0.00052,0.70682,0.00055,0.70739,1,3,0.99966,0.01032,0.00669,-0.02279,0.06052,0.08374,0.63090,0,0
1768333691.911726,0.00353,0.03871,-0.01910,-0.00052,0.00062,0.00078,0.54144,0.00086,0.22805,-0.00052,0.70682,0.00055,0.70739,1,3,0.99966,0.01032,0.00669,-0.02279,0.06052,0.08374,0.63090,0,0
1768333691.913728,0.00695,0.03704,-0.03440,0.00077,0.00007,0.00022,0.54148,0.00086,0.22805,-0.00052,0.70682,0.00055,0.70739,1,3,0.99966,0.01032,0.00669,-0.02279,0.06052,0.08374,0.63090,0,0
1768333691.915759,-0.01028,0.05275,-0.02723,0.00139,-0.00025,-0.00016,0.54152,0.00086,0.22805,-0.00052,0.70682,0.00055,0.70739,1,3,0.99966,0.01032,0.00669,-0.02279,0.06052,0.08374,0.63090,0,0
1768333691.917747,-0.00021,0.01130,-0.01112,-0.00064,0.00131,0.00012,0.54156,0.00086,0.22805,-0.00052,0.70683,0.00055,0.70739,1,3,0.99966,0.01032,0.00669,-0.02279,0.06052,0.08374,0.63090,0,0
1768333691.919762,0.00002,0.00692,0.01195,-0.00069,0.00055,0.00028,0.54156,0.00086,0.22805,-0.00052,0.70683,0.00055,0.70739,1,3,0.99966,0.01032,0.00669,-0.02279,0.06052,0.08374,0.63090,0,0
1768333691.921741,0.00877,0.01126,0.00409,-0.00108,0.00095,0.00013,0.54160,0.00086,0.22804,-0.00052,0.70683,0.00055,0.70739,1,3,0.99966,0.01032,0.00669,-0.02279,0.06052,0.08374,0.63090,0,0
1768333691.923716,-0.00460,0.02436,0.02658,-0.00026,0.00071,0.00002,0.54160,0.00086,0.22804,-0.00052,0.70683,0.00055,0.70739,1,3,0.99966,0.01032,0.00669,-0.02279,0.06052,0.08374,0.63090,0,0
1768333691.925728,0.02099,0.05923,0.00309,-0.00049,-0.00076,0.00024,0.54160,0.00086,0.22804,-0.00052,0.70683,0.00055,0.70739,1,3,0.99966,0.01032,0.00669,-0.02279,0.06052,0.08374,0.63090,0,0
1768333691.927713,0.01271,0.05425,-0.01208,-0.00055,-0.00040,-0.00003,0.54164,0.00086,0.22805,-0.00052,0.70682,0.00055,0.70739,1,3,0.99966,0.01032,0.00669,-0.02279,0.06052,0.08374,0.63090,0,0
1768333691.929747,0.01941,0.04331,-0.02702,0.00041,0.00093,0.00062,0.54164,0.00086,0.22805,-0.00052,0.70682,0.00055,0.70739,1,3,0.99966,0.01032,0.00669,-0.02279,0.06052,0.08374,0.63090,0,0
1768333691.931735,-0.01365,-0.00435,0.01243,0.00048,-0.00003,0.00043,0.54164,0.00086,0.22805,-0.00052,0.70682,0.00055,0.70739,1,3,0.99966,0.01032,0.00669,-0.02279,0.06052,0.08374,0.63090,0,0
1768333691.933742,0.00895,0.02603,-0.00405,-0.00112,0.00106,-0.00029,0.54168,0.00086,0.22804,-0.00052,0.70683,0.00055,0.70739,1,3,0.99966,0.01032,0.00669,-0.02279,0.06052,0.08374,0.63090,0,0
1768333691.935720,-0.03121,-0.01077,0.03513,0.00040,0.00247,0.00059,0.54168,0.00086,0.22804,-0.00052,0.70683,0.00055,0.70739,1,3,0.99966,0.01032,0.00669,-0.02279,0.06052,0.08374,0.63090,0,0
1768333691.937727,0.00339,0.01856,0.00399,-0.00033,0.00139,0.00053,0.54172,0.00086,0.22805,-0.00052,0.70682,0.00055,0.70739,1,3,0.99966,0.01032,0.00669,-0.02279,0.06052,0.08374,0.63090,0,0
1768333691.939723,-0.00152,-0.00323,0.01216,0.00050,0.00134,0.00055,0.54172,0.00086,0.22805,-0.00052,0.70682,0.00055,0.70739,1,3,0.99966,0.01032,0.00669,-0.02279,0.06052,0.08374,0.63090,0,0
1768333691.941718,0.00318,0.03492,-0.01153,0.00052,-0.00027,0.00011,0.54176,0.00086,0.22804,-0.00052,0.70683,0.00055,0.70739,1,3,0.99960,0.01018,0.00899,-0.02474,0.06050,0.08371,0.63065,0,0
1768333691.943750,0.00207,0.02261,0.05761,-0.00247,-0.00138,0.00072,0.54176,0.00086,0.22804,-0.00052,0.70683,0.00055,0.70739,1,3,0.99960,0.01018,0.00899,-0.02474,0.06050,0.08371,0.63065,0,0
1768333691.945765,-0.00482,0.04350,0.00349,-0.00069,0.00109,0.00067,0.54180,0.00086,0.22804,-0.00052,0.70683,0.00055,0.70739,1,3,0.99960,0.01018,0.00899,-0.02474,0.06050,0.08371,0.63065,0,0
1768333691.947796,-0.00098,-0.01736,-0.01769,0.00032,0.00034,0.00053,0.54184,0.00086,0.22804,-0.00052,0.70683,0.00055,0.70738,1,3,0.99960,0.01018,0.00899,-0.02474,0.06050,0.08371,0.63065,0,0
1768333691.949776,0.03201,0.00678,-0.01121,0.00127,0.00054,-0.00018,0.54184,0.00086,0.22804,-0.00052,0.70683,0.00055,0.70738,1,3,0.99960,0.01018,0.00899,-0.02474,0.06050,0.08371,0.63065,0,0
1768333691.951742,-0.01314,-0.00931,-0.01773,-0.00002,-0.00028,0.00054,0.54188,0.00086,0.22804,-0.00052,0.70683,0.00055,0.70738,1,3,0.99960,0.01018,0.00899,-0.02474,0.06050,0.08371,0.63065,0,0
1768333691.953764,-0.00837,0.00216,-0.01042,-0.00097,0.00029,0.00081,0.54188,0.00086,0.22804,-0.00052,0.70683,0.00055,0.70738,1,3,0.99960,0.01018,0.00899,-0.02474,0.06050,0.08371,0.63065,0,0
1768333691.955746,-0.02175,-0.00457,-0.00276,0.00004,0.00032,0.00043,0.54192,0.00086,0.22804,-0.00052,0.70683,0.00055,0.70738,1,3,0.99960,0.01018,0.00899,-0.02474,0.06050,0.08371,0.63065,0,0
1768333691.957753,-0.00053,0.04571,-0.00414,-0.00088,0.00117,0.00079,0.54192,0.00086,0.22804,-0.00052,0.70683,0.00055,0.70738,1,3,0.99960,0.01018,0.00899,-0.02474,0.06050,0.08371,0.63065,0,0
1768333691.959748,0.01180,0.01894,-0.02634,-0.00011,0.00066,0.00050,0.54196,0.00086,0.22804,-0.00052,0.70683,0.00055,0.70738,1,3,0.99960,0.01018,0.00899,-0.02474,0.06050,0.08371,0.63065,0,0
1768333691.961759,0.02566,-0.03800,0.01281,-0.00058,0.00065,-0.00014,0.54196,0.00086,0.22804,-0.00052,0.70683,0.00055,0.70738,1,3,0.99960,0.01018,0.00899,-0.02474,0.06050,0.08371,0.63065,0,0
1768333691.963753,-0.00061,-0.01759,0.00490,0.00010,0.00070,0.00014,0.54200,0.00086,0.22804,-0.00052,0.70683,0.00055,0.70738,1,3,0.99960,0.01018,0.00899,-0.02474,0.06050,0.08371,0.63065,0,0
1768333691.965735,0.00875,0.04597,-0.02719,-0.00109,0.00067,-0.00004,0.54200,0.00086,0.22804,-0.00052,0.70683,0.00055,0.70738,1,3,0.99960,0.01018,0.00899,-0.02474,0.06050,0.08371,0.63065,0,0
1768333691.967753,-0.00516,0.04332,-0.00433,-0.00025,0.00160,0.00025,0.54200,0.00086,0.22804,-0.00052,0.70683,0.00055,0.70738,1,3,0.99960,0.01018,0.00899,-0.02474,0.06050,0.08371,0.63065,0,0
1768333691.969735,-0.00482,0.01379,0.00405,-0.00039,0.00149,0.00027,0.54204,0.00086,0.22804,-0.00052,0.70683,0.00055,0.70738,1,3,0.99960,0.01018,0.00899,-0.02474,0.06050,0.08371,0.63065,0,0
1768333691.971742,-0.00497,0.01467,-0.00342,0.00006,0.00048,0.00027,0.54204,0.00086,0.22804,-0.00052,0.70683,0.00055,0.70738,1,3,0.99960,0.01018,0.00899,-0.02474,0.06050,0.08371,0.63065,0,0
1768333691.973747,0.02498,0.02523,0.02648,-0.00090,0.00151,0.00052,0.54208,0.00086,0.22803,-0.00052,0.70683,0.00055,0.70738,1,3,0.99960,0.01018,0.00899,-0.02474,0.06050,0.08371,0.63065,0,0
1768333691.975736,0.00689,0.02203,0.01150,0.00080,0.00046,0.00026,0.54208,0.00086,0.22803,-0.00052,0.70683,0.00055,0.70738,1,3,0.99966,0.01044,0.00742,-0.02266,0.06052,0.08373,0.63078,0,0
1768333691.977755,0.01294,0.05349,-0.00440,-0.00122,0.00023,0.00037,0.54212,0.00086,0.22804,-0.00052,0.70683,0.00055,0.70738,1,3,0.99966,0.01044,0.00742,-0.02266,0.06052,0.08373,0.63078,0,0
1768333691.979762,-0.00929,0.01665,0.00409,-0.00014,0.00117,0.00041,0.54212,0.00086,0.22804,-0.00052,0.70683,0.00055,0.70738,1,3,0.99966,0.01044,0.00742,-0.02266,0.06052,0.08373,0.63078,0,0
1768333691.981772,-0.00908,0.01719,-0.01859,-0.00013,0.00040,0.00039,0.54216,0.00086,0.22803,-0.00052,0.70684,0.00055,0.70738,1,3,0.99966,0.01044,0.00742,-0.02266,0.06052,0.08373,0.63078,0,0
1768333691.983768,0.01487,0.00147,-0.01108,0.00121,0.00152,-0.00003,0.54220,0.00086,0.22803,-0.00052,0.70684,0.00055,0.70738,1,3,0.99966,0.01044,0.00742,-0.02266,0.06052,0.08373,0.63078,0,0
1768333691.985781,0.02568,0.04205,-0.00408,-0.00070,-0.00106,0.00010,0.54220,0.00086,0.22803,-0.00052,0.70684,0.00055,0.70738,1,3,0.99966,0.01044,0.00742,-0.02266,0.06052,0.08373,0.63078,0,0
1768333691.987754,0.01287,0.03970,-0.00388,-0.00073,-0.00090,0.00038,0.54224,0.00086,0.22803,-0.00052,0.70684,0.00055,0.70738,1,3,0.99966,0.01044,0.00742,-0.02266,0.06052,0.08373,0.63078,0,0
1768333691.989793,-0.01800,0.02166,0.00409,-0.00008,0.00127,0.00069,0.54224,0.00086,0.22803,-0.00052,0.70684,0.00055,0.70738,1,3,0.99966,0.01044,0.00742,-0.02266,0.06052,0.08373,0.63078,0,0
1768333691.991785,0.00788,0.02646,0.00353,-0.00002,0.00094,-0.00028,0.54228,0.00086,0.22803,-0.00052,0.70684,0.00055,0.70737,1,3,0.99966,0.01044,0.00742,-0.02266,0.06052,0.08373,0.63078,0,0
1768333691.993778,0.00082,0.01144,-0.00343,-0.00151,0.00079,0.00013,0.54228,0.00086,0.22803,-0.00052,0.70684,0.00055,0.70737,1,3,0.99966,0.01044,0.00742,-0.02266,0.06052,0.08373,0.63078,0,0
1768333691.995767,0.00421,0.02392,-0.01921,-0.00049,0.00099,-0.00043,0.54232,0.00086,0.22803,-0.00052,0.70684,0.00055,0.70737,1,3,0.99966,0.01044,0.00742,-0.02266,0.06052,0.08373,0.63078,0,0
1768333691.997757,-0.00500,-0.00962,0.00497,0.00020,-0.00000,0.00055,0.54232,0.00086,0.22803,-0.00052,0.70684,0.00055,0.70737,1,3,0.99966,0.01044,0.00742,-0.02266,0.06052,0.08373,0.63078,0,0
1768333691.999754,-0.02544,0.02197,0.00404,-0.00073,0.00097,0.00029,0.54232,0.00086,0.22803,-0.00052,0.70684,0.00055,0.70737,1,3,0.99966,0.01044,0.00742,-0.02266,0.06052,0.08373,0.63078,0,0
1768333692.001779,0.04154,0.00623,-0.01881,0.00018,0.00055,-0.00019,0.54236,0.00086,0.22803,-0.00052,0.70685,0.00055,0.70737,1,3,0.99966,0.01044,0.00742,-0.02266,0.06052,0.08373,0.63078,0,0
1768333692.003750,0.01608,0.01140,-0.01135,0.00024,0.00111,-0.00030,0.54236,0.00086,0.22803,-0.00052,0.70685,0.00055,0.70737,1,3,0.99966,0.01044,0.00742,-0.02266,0.06052,0.08373,0.63078,0,0
1768333692.005766,0.00461,0.00934,-0.04897,-0.00088,0.00037,-0.00004,0.54240,0.00086,0.22803,-0.00052,0.70685,0.00055,0.70737,1,3,0.99966,0.01044,0.00742,-0.02266,0.06052,0.08373,0.63078,0,0
1768333692.007778,-0.02607,0.01725,-0.01098,-0.00013,0.00086,0.00042,0.54240,0.00086,0.22803,-0.00052,0.70685,0.00055,0.70737,1,3,0.99966,0.01044,0.00742,-0.02266,0.06052,0.08373,0.63078,0,0
1768333692.009763,-0.00094,0.02667,-0.02629,-0.00023,0.00043,0.00092,0.54244,0.00086,0.22803,-0.00052,0.70684,0.00055,0.70737,1,3,0.99962,0.01034,0.00814,-0.02406,0.06050,0.08371,0.63061,0,0
1768333692.011787,-0.00310,0.00775,-0.03372,0.00238,0.00059,0.00024,0.54244,0.00086,0.22803,-0.00052,0.70684,0.00055,0.70737,1,3,0.99962,0.01034,0.00814,-0.02406,0.06050,0.08371,0.63061,0,0
1768333692.013777,0.01341,-0.02521,-0.02542,-0.00086,0.00028,-0.00029,0.54248,0.00086,0.22803,-0.00052,0.70684,0.00055,0.70737,1,3,0.99962,0.01034,0.00814,-0.02406,0.06050,0.08371,0.63061,0,0
1768333692.015785,-0.01786,-0.01267,-0.01030,0.00016,0.00117,0.00041,0.54252,0.00086,0.22803,-0.00052,0.70684,0.00055,0.70737,1,3,0.99962,0.01034,0.00814,-0.02406,0.06050,0.08371,0.63061,0,0
1768333692.017786,0.00834,0.00134,-0.01058,-0.00098,0.00085,0.00079,0.54252,0.00086,0.22803,-0.00052,0.70684,0.00055,0.70737,1,3,0.99962,0.01034,0.00814,-0.02406,0.06050,0.08371,0.63061,0,0
1768333692.019803,0.00690,0.01697,-0.00334,0.00052,0.00034,0.00079,0.54256,0.00086,0.22803,-0.00052,0.70684,0.00055,0.70737,1,3,0.99962,0.01034,0.00814,-0.02406,0.06050,0.08371,0.63061,0,0
1768333692.021797,-0.01237,0.01075,0.00442,-0.00043,-0.00070,0.00002,0.54256,0.00086,0.22803,-0.00052,0.70684,0.00055,0.70737,1,3,0.99962,0.01034,0.00814,-0.02406,0.06050,0.08371,0.63061,0,0
1768333692.023772,0.00349,0.03446,0.02639,0.00008,0.00023,0.00014,0.54260,0.00086,0.22803,-0.00052,0.70684,0.00055,0.70737,1,3,0.99962,0.01034,0.00814,-0.02406,0.06050,0.08371,0.63061,0,0
1768333692.025798,-0.00072,0.03235,0.01145,0.00005,-0.00022,0.00041,0.54260,0.00086,0.22803,-0.00052,0.70684,0.00055,0.70737,1,3,0.99962,0.01034,0.00814,-0.02406,0.06050,0.08371,0.63061,0,0
1768333692.027769,0.02471,0.04507,0.02592,-0.00066,0.00149,0.00038,0.54264,0.00086,0.22803,-0.00052,0.70684,0.00055,0.70737,1,3,0.99962,0.01034,0.00814,-0.02406,0.06050,0.08371,0.63061,0,0
1768333692.029771,0.01892,0.02913,-0.04955,0.00133,0.00056,0.00020,0.54264,0.00086,0.22803,-0.00052,0.70684,0.00055,0.70737,1,3,0.99962,0.01034,0.00814,-0.02406,0.06050,0.08371,0.63061,0,0
1768333692.031790,-0.03406,0.03285,-0.01878,-0.00038,-0.00007,0.00042,0.54264,0.00086,0.22803,-0.00052,0.70684,0.00055,0.70737,1,3,0.99962,0.01034,0.00814,-0.02406,0.06050,0.08371,0.63061,0,0
1768333692.033786,-0.05648,0.00609,0.00474,0.00082,0.00060,0.00060,0.54268,0.00086,0.22803,-0.00052,0.70684,0.00055,0.70737,1,3,0.99962,0.01034,0.00814,-0.02406,0.06050,0.08371,0.63061,0,0
1768333692.035802,-0.00184,0.03208,0.00355,0.00114,0.00068,-0.00001,0.54268,0.00086,0.22803,-0.00052,0.70684,0.00055,0.70737,1,3,0.99962,0.01034,0.00814,-0.02406,0.06050,0.08371,0.63061,0,0
1768333692.037785,0.02046,0.01740,-0.01139,-0.00078,0.00221,0.00050,0.54273,0.00086,0.22804,-0.00052,0.70684,0.00055,0.70738,1,3,0.99962,0.01034,0.00814,-0.02406,0.06050,0.08371,0.63061,0,0
1768333692.039808,-0.01865,-0.00642,0.00466,0.00155,0.00015,-0.00011,0.54273,0.00086,0.22804,-0.00052,0.70684,0.00055,0.70738,1,3,0.99962,0.01034,0.00814,-0.02406,0.06050,0.08371,0.63061,0,0
1768333692.041823,-0.01286,-0.01916,0.03582,-0.00035,-0.00041,0.00086,0.54276,0.00086,0.22803,-0.00052,0.70684,0.00055,0.70737,1,3,0.99967,0.01043,0.00670,-0.02269,0.06053,0.08375,0.63098,0,0
1768333692.043818,-0.01018,-0.04630,-0.00948,0.00150,0.00034,0.00015,0.54276,0.00086,0.22803,-0.00052,0.70684,0.00055,0.70737,1,3,0.99967,0.01043,0.00670,-0.02269,0.06053,0.08375,0.63098,0,0
1768333692.045819,-0.00509,0.00013,-0.01061,0.00032,0.00024,0.00027,0.54281,0.00086,0.22803,-0.00052,0.70684,0.00055,0.70737,1,3,0.99967,0.01043,0.00670,-0.02269,0.06053,0.08375,0.63098,0,0
1768333692.047817,0.02081,0.01961,-0.02620,-0.00032,-0.00059,0.00050,0.54285,0.00086,0.22803,-0.00052,0.70684,0.00055,0.70737,1,3,0.99967,0.01043,0.00670,-0.02269,0.06053,0.08375,0.63098,0,0
1768333692.049810,-0.03162,-0.00921,-0.02559,0.00151,0.00082,0.00015,0.54285,0.00086,0.22803,-0.00052,0.70684,0.00055,0.70737,1,3,0.99967,0.01043,0.00670,-0.02269,0.06053,0.08375,0.63098,0,0
1768333692.051799,-0.00028,0.02231,0.00405,-0.00029,-0.00009,0.00027,0.54288,0.00086,0.22803,-0.00052,0.70684,0.00055,0.70737,1,3,0.99967,0.01043,0.00670,-0.02269,0.06053,0.08375,0.63098,0,0
1768333692.053802,0.01475,0.00179,-0.03382,0.00143,0.00114,-0.00005,0.54288,0.00086,0.22803,-0.00052,0.70684,0.00055,0.70737,1,3,0.99967,0.01043,0.00670,-0.02269,0.06053,0.08375,0.63098,0,0
1768333692.055799,-0.00053,-0.01729,0.03515,0.00032,0.00057,-0.00024,0.54292,0.00086,0.22803,-0.00052,0.70684,0.00055,0.70737,1,3,0.99967,0.01043,0.00670,-0.02269,0.06053,0.08375,0.63098,0,0
1768333692.057797,-0.00072,-0.00243,-0.00284,0.00007,0.00007,0.00054,0.54292,0.00086,0.22803,-0.00052,0.70684,0.00055,0.70737,1,3,0.99967,0.01043,0.00670,-0.02269,0.06053,0.08375,0.63098,0,0
1768333692.059813,-0.02682,0.01297,-0.01093,0.00091,0.00049,0.00015,0.54296,0.00086,0.22803,-0.00052,0.70684,0.00055,0.70737,1,3,0.99967,0.01043,0.00670,-0.02269,0.06053,0.08375,0.63098,0,0
1768333692.061798,0.00804,0.05520,-0.00457,-0.00098,0.00144,0.00051,0.54296,0.00086,0.22803,-0.00052,0.70684,0.00055,0.70737,1,3,0.99967,0.01043,0.00670,-0.02269,0.06053,0.08375,0.63098,0,0
1768333692.063811,-0.01294,-0.00991,-0.03335,-0.00003,0.00072,-0.00028,0.54296,0.00086,0.22803,-0.00052,0.70684,0.00055,0.70737,1,3,0.99967,0.01043,0.00670,-0.02269,0.06053,0.08375,0.63098,0,0
1768333692.065803,-0.02699,-0.04151,-0.02466,0.00112,0.00079,0.00042,0.54300,0.00086,0.22803,-0.00052,0.70684,0.00055,0.70737,1,3,0.99967,0.01043,0.00670,-0.02269,0.06053,0.08375,0.63098,0,0
1768333692.067809,-0.03088,-0.03332,-0.00210,0.00122,0.00007,0.00004,0.54300,0.00086,0.22803,-0.00052,0.70684,0.00055,0.70737,1,3,0.99967,0.01043,0.00670,-0.02269,0.06053,0.08375,0.63098,0,0
1768333692.069812,-0.00952,0.01732,-0.01860,0.00031,0.00041,0.00039,0.54305,0.00086,0.22803,-0.00052,0.70684,0.00055,0.70737,1,3,0.99967,0.01043,0.00670,-0.02269,0.06053,0.08375,0.63098,0,0
1768333692.071831,-0.00701,0.03363,-0.04205,0.00138,0.00189,0.00050,0.54305,0.00086,0.22803,-0.00052,0.70684,0.00055,0.70737,1,3,0.99967,0.01043,0.00670,-0.02269,0.06053,0.08375,0.63098,0,0
1768333692.073827,0.01679,0.03604,-0.00409,-0.00077,0.00058,0.00024,0.54309,0.00086,0.22803,-0.00052,0.70685,0.00055,0.70737,1,3,0.99960,0.01018,0.00872,-0.02488,0.06049,0.08371,0.63062,0,0
1768333692.075835,-0.01340,-0.00425,0.01228,0.00048,-0.00004,0.00003,0.54309,0.00086,0.22803,-0.00052,0.70685,0.00055,0.70737,1,3,0.99960,0.01018,0.00872,-0.02488,0.06049,0.08371,0.63062,0,0
1768333692.077817,-0.00804,0.01736,0.01189,-0.00100,-0.00012,0.00042,0.54313,0.00086,0.22803,-0.00052,0.70685,0.00055,0.70737,1,3,0.99960,0.01018,0.00872,-0.02488,0.06049,0.08371,0.63062,0,0
1768333692.079834,-0.03389,0.01355,0.06522,-0.00018,-0.00032,0.00022,0.54317,0.00086,0.22803,-0.00052,0.70684,0.00055,0.70737,1,3,0.99960,0.01018,0.00872,-0.02488,0.06049,0.08371,0.63062,0,0
1768333692.081816,0.02419,0.02393,0.06472,-0.00332,-0.00065,0.00003,0.54317,0.00086,0.22803,-0.00052,0.70684,0.00055,0.70737,1,3,0.99960,0.01018,0.00872,-0.02488,0.06049,0.08371,0.63062,0,0
1768333692.083838,0.01215,0.05272,0.03338,-0.00079,0.00151,0.00040,0.54321,0.00086,0.22803,-0.00052,0.70685,0.00055,0.70737,1,3,0.99960,0.01018,0.00872,-0.02488,0.06049,0.08371,0.63062,0,0
1768333692.085832,0.01147,0.03862,0.00344,0.00013,0.00090,0.00038,0.54321,0.00086,0.22803,-0.00052,0.70685,0.00055,0.70737,1,3,0.99960,0.01018,0.00872,-0.02488,0.06049,0.08371,0.63062,0,0
1768333692.087833,-0.02339,0.02615,-0.01123,0.00194,-0.00033,0.00001,0.54325,0.00086,0.22803,-0.00052,0.70684,0.00055,0.70737,1,3,0.99960,0.01018,0.00872,-0.02488,0.06049,0.08371,0.63062,0,0
1768333692.089831,-0.00594,0.03451,-0.02664,0.00073,0.00048,0.00051,0.54325,0.00086,0.22803,-0.00052,0.70684,0.00055,0.70737,1,3,0.99960,0.01018,0.00872,-0.02488,0.06049,0.08371,0.63062,0,0
1768333692.091828,0.00756,0.04100,0.00345,-0.00028,0.00095,0.00052,0.54325,0.00086,0.22803,-0.00052,0.70684,0.00055,0.70737,1,3,0.99960,0.01018,0.00872,-0.02488,0.06049,0.08371,0.63062,0,0
1768333692.093816,0.00465,0.02301,0.03420,-0.00159,0.00163,0.00042,0.54329,0.00086,0.22803,-0.00052,0.70685,0.00055,0.70737,1,3,0.99960,0.01018,0.00872,-0.02488,0.06049,0.08371,0.63062,0,0
1768333692.095830,-0.03000,-0.03431,0.04356,-0.00010,0.00082,0.00048,0.54329,0.00086,0.22803,-0.00052,0.70685,0.00055,0.70737,1,3,0.99960,0.01018,0.00872,-0.02488,0.06049,0.08371,0.63062,0,0
1768333692.097813,0.00378,0.01910,0.00374,-0.00011,0.00100,-0.00028,0.54333,0.00086,0.22803,-0.00052,0.70685,0.00055,0.70736,1,3,0.99960,0.01018,0.00872,-0.02488,0.06049,0.08371,0.63062,0,0
1768333692.099835,0.00302,0.02018,0.01940,0.00056,-0.00038,0.00055,0.54333,0.00086,0.22803,-0.00052,0.70685,0.00055,0.70736,1,3,0.99960,0.01018,0.00872,-0.02488,0.06049,0.08371,0.63062,0,0
1768333692.101820,0.02438,0.05673,-0.03495,0.00035,-0.00054,0.00007,0.54337,0.00086,0.22803,-0.00052,0.70685,0.00055,0.70737,1,3,0.99960,0.01018,0.00872,-0.02488,0.06049,0.08371,0.63062,0,0
1768333692.103846,0.00825,0.04096,0.00332,-0.00072,0.00093,0.00012,0.54337,0.00086,0.22803,-0.00052,0.70685,0.00055,0.70737,1,3,0.99960,0.01018,0.00872,-0.02488,0.06049,0.08371,0.63062,0,0
1768333692.105848,-0.00124,-0.00733,0.01214,0.00088,0.00057,-0.00012,0.54337,0.00086,0.22803,-0.00052,0.70685,0.00055,0.70737,1,3,0.99960,0.01018,0.00872,-0.02488,0.06049,0.08371,0.63062,0,0
1768333692.107850,0.01347,-0.01588,-0.00272,-0.00140,0.00066,0.00026,0.54341,0.00086,0.22802,-0.00052,0.70685,0.00055,0.70736,1,3,0.99960,0.01018,0.00872,-0.02488,0.06049,0.08371,0.63062,0,0
1768333692.109870,0.01341,0.00458,-0.01095,-0.00094,0.00000,-0.00029,0.54345,0.00087,0.22803,-0.00052,0.70685,0.00055,0.70736,1,3,0.99964,0.01023,0.00778,-0.02372,0.06052,0.08374,0.63086,0,0
1768333692.111856,0.00022,0.03232,-0.00385,-0.00060,-0.00036,-0.00001,0.54345,0.00087,0.22803,-0.00052,0.70685,0.00055,0.70736,1,3,0.99964,0.01023,0.00778,-0.02372,0.06052,0.08374,0.63086,0,0
1768333692.113841,-0.00526,0.02881,0.01127,0.00001,0.00136,0.00027,0.54349,0.00086,0.22802,-0.00052,0.70685,0.00055,0.70736,1,3,0.99964,0.01023,0.00778,-0.02372,0.06052,0.08374,0.63086,0,0
1768333692.115865,-0.00307,0.02205,-0.06454,0.00211,0.00109,0.00021,0.54353,0.00087,0.22802,-0.00052,0.70685,0.00055,0.70736,1,3,0.99964,0.01023,0.00778,-0.02372,0.06052,0.08374,0.63086,0,0
1768333692.117850,0.00012,0.02152,0.01137,-0.00073,0.00091,-0.00013,0.54353,0.00087,0.22802,-0.00052,0.70685,0.00055,0.70736,1,3,0.99964,0.01023,0.00778,-0.02372,0.06052,0.08374,0.63086,0,0
1768333692.119859,0.00821,-0.00809,-0.01070,-0.00022,0.00084,-0.00015,0.54357,0.00087,0.22802,-0.00052,0.70686,0.00055,0.70736,1,3,0.99964,0.01023,0.00778,-0.02372,0.06052,0.08374,0.63086,0,0
1768333692.121909,-0.01292,-0.02490,-0.02505,-0.00042,0.00061,0.00054,0.54357,0.00087,0.22802,-0.00052,0.70686,0.00055,0.70736,1,3,0.99964,0.01023,0.00778,-0.02372,0.06052,0.08374,0.63086,0,0
1768333692.123856,-0.00473,-0.02004,-0.04065,0.00007,0.00076,-0.00002,0.54361,0.00086,0.22802,-0.00052,0.70686,0.00055,0.70735,1,3,0.99964,0.01023,0.00778,-0.02372,0.06052,0.08374,0.63086,0,0
1768333692.125842,0.01792,-0.00263,-0.04091,-0.00124,-0.00067,0.00009,0.54361,0.00086,0.22802,-0.00052,0.70686,0.00055,0.70735,1,3,0.99964,0.01023,0.00778,-0.02372,0.06052,0.08374,0.63086,0,0
1768333692.127839,0.00727,-0.00313,0.01219,0.00028,0.00086,0.00054,0.54365,0.00087,0.22801,-0.00052,0.70686,0.00055,0.70735,1,3,0.99964,0.01023,0.00778,-0.02372,0.06052,0.08374,0.63086,0,0
1768333692.129845,-0.03032,0.00961,0.01937,-0.00001,0.00154,0.00004,0.54365,0.00087,0.22801,-0.00052,0.70686,0.00055,0.70735,1,3,0.99964,0.01023,0.00778,-0.02372,0.06052,0.08374,0.63086,0,0
1768333692.131867,-0.01346,0.03889,0.02633,-0.00031,0.00120,0.00042,0.54365,0.00087,0.22801,-0.00052,0.70686,0.00055,0.70735,1,3,0.99964,0.01023,0.00778,-0.02372,0.06052,0.08374,0.63086,0,0
1768333692.133845,0.02368,0.00233,-0.03389,0.00144,0.00026,-0.00046,0.54365,0.00087,0.22801,-0.00052,0.70686,0.00055,0.70735,1,3,0.99964,0.01023,0.00778,-0.02372,0.06052,0.08374,0.63086,0,0
1768333692.135862,0.01173,0.00525,0.01199,0.00060,-0.00035,0.00013,0.54369,0.00086,0.22801,-0.00052,0.70686,0.00055,0.70735,1,3,0.99964,0.01023,0.00778,-0.02372,0.06052,0.08374,0.63086,0,0
1768333692.137864,-0.01058,-0.02201,-0.02514,0.00136,0.00059,0.00067,0.54369,0.00086,0.22801,-0.00052,0.70686,0.00055,0.70735,1,3,0.99964,0.01023,0.00778,-0.02372,0.06052,0.08374,0.63086,0,0
1768333692.139868,0.01039,-0.01395,0.03543,-0.00291,0.00083,0.00083,0.54373,0.00087,0.22801,-0.00052,0.70686,0.00055,0.70735,1,3,0.99964,0.01023,0.00778,-0.02372,0.06052,0.08374,0.63086,0,0
1768333692.141852,-0.00485,0.01925,0.00412,-0.00032,0.00073,0.00054,0.54377,0.00087,0.22801,-0.00052,0.70686,0.00055,0.70735,1,3,0.99964,0.01023,0.00778,-0.02372,0.06052,0.08374,0.63086,0,0
1768333692.143863,-0.00010,0.04694,0.01109,-0.00064,-0.00024,0.00040,0.54377,0.00087,0.22801,-0.00052,0.70686,0.00055,0.70735,1,3,0.99964,0.01023,0.00778,-0.02372,0.06052,0.08374,0.63086,0,0
1768333692.145872,-0.01789,0.00360,-0.01841,0.00101,-0.00025,-0.00040,0.54377,0.00087,0.22801,-0.00052,0.70686,0.00055,0.70735,1,3,0.99962,0.01029,0.00856,-0.02419,0.06050,0.08371,0.63061,0,0
1768333692.147877,-0.02208,0.02007,0.00406,0.00034,0.00055,0.00015,0.54381,0.00087,0.22801,-0.00052,0.70686,0.00055,0.70735,1,3,0.99962,0.01029,0.00856,-0.02419,0.06050,0.08371,0.63061,0,0
1768333692.149874,-0.01410,0.01941,0.01133,0.00077,0.00146,-0.00026,0.54381,0.00087,0.22801,-0.00052,0.70686,0.00055,0.70735,1,3,0.99962,0.01029,0.00856,-0.02419,0.06050,0.08371,0.63061,0,0
1768333692.151871,-0.01371,0.02390,0.01924,-0.00027,0.00135,0.00083,0.54389,0.00086,0.22801,-0.00052,0.70686,0.00055,0.70735,1,3,0.99962,0.01029,0.00856,-0.02419,0.06050,0.08371,0.63061,0,0
1768333692.153896,0.00440,0.03369,0.00338,-0.00081,0.00098,-0.00028,0.54389,0.00086,0.22801,-0.00052,0.70686,0.00055,0.70735,1,3,0.99962,0.01029,0.00856,-0.02419,0.06050,0.08371,0.63061,0,0
1768333692.155901,0.01236,-0.00003,0.00458,-0.00012,-0.00023,0.00026,0.54393,0.00087,0.22802,-0.00052,0.70686,0.00055,0.70735,1,3,0.99962,0.01029,0.00856,-0.02419,0.06050,0.08371,0.63061,0,0
1768333692.157877,0.02986,0.05333,0.01056,-0.00100,0.00015,-0.00003,0.54393,0.00087,0.22802,-0.00052,0.70686,0.00055,0.70735,1,3,0.99962,0.01029,0.00856,-0.02419,0.06050,0.08371,0.63061,0,0
1768333692.159851,0.00579,-0.00082,0.01238,-0.00231,0.00011,0.00068,0.54397,0.00086,0.22802,-0.00052,0.70686,0.00055,0.70735,1,3,0.99962,0.01029,0.00856,-0.02419,0.06050,0.08371,0.63061,0,0
1768333692.161848,-0.01345,0.00905,0.01963,-0.00045,0.00135,0.00083,0.54397,0.00086,0.22802,-0.00052,0.70686,0.00055,0.70735,1,3,0.99962,0.01029,0.00856,-0.02419,0.06050,0.08371,0.63061,0,0
1768333692.163871,0.01406,0.01418,0.01942,-0.00191,-0.00013,0.00027,0.54401,0.00087,0.22801,-0.00052,0.70686,0.00055,0.70735,1,3,0.99962,0.01029,0.00856,-0.02419,0.06050,0.08371,0.63061,0,0
1768333692.165880,0.03177,-0.00590,0.02015,-0.00281,-0.00070,0.00080,0.54401,0.00087,0.22801,-0.00052,0.70686,0.00055,0.70735,1,3,0.99962,0.01029,0.00856,-0.02419,0.06050,0.08371,0.63061,0,0
1768333692.167875,-0.01045,0.03798,-0.01909,0.00143,-0.00036,0.00025,0.54401,0.00087,0.22801,-0.00052,0.70686,0.00055,0.70735,1,3,0.99962,0.01029,0.00856,-0.02419,0.06050,0.08371,0.63061,0,0
1768333692.169873,-0.02754,0.00319,-0.03374,0.00188,0.00088,-0.00041,0.54401,0.00087,0.22801,-0.00052,0.70686,0.00055,0.70735,1,3,0.99962,0.01029,0.00856,-0.02419,0.06050,0.08371,0.63061,0,0
1768333692.171868,-0.00936,0.04127,0.02630,-0.00028,0.00115,0.00055,0.54405,0.00087,0.22801,-0.00052,0.70686,0.00055,0.70735,1,3,0.99962,0.01029,0.00856,-0.02419,0.06050,0.08371,0.63061,0,0
1768333692.173866,0.01664,-0.00773,-0.01047,-0.00021,-0.00002,0.00025,0.54409,0.00087,0.22801,-0.00052,0.70686,0.00055,0.70735,1,3,0.99962,0.01029,0.00856,-0.02419,0.06050,0.08371,0.63061,0,0
1768333692.175891,-0.00946,-0.01294,0.02002,0.00016,0.00132,0.00043,0.54409,0.00087,0.22801,-0.00052,0.70686,0.00055,0.70735,1,3,0.99962,0.01029,0.00856,-0.02419,0.06050,0.08371,0.63061,0,0
1768333692.177888,-0.00502,-0.01458,-0.02540,0.00036,0.00013,0.00026,0.54409,0.00087,0.22801,-0.00052,0.70686,0.00055,0.70735,1,3,0.99962,0.01029,0.00856,-0.02419,0.06050,0.08371,0.63061,0,0
1768333692.179899,-0.00919,-0.00724,-0.01040,0.00023,0.00030,0.00027,0.54413,0.00087,0.22801,-0.00052,0.70686,0.00055,0.70735,1,3,0.99963,0.01037,0.00853,-0.02358,0.06050,0.08371,0.63068,0,0
1768333692.181909,0.00208,-0.02008,-0.05579,0.00138,0.00094,0.00036,0.54413,0.00087,0.22801,-0.00052,0.70686,0.00055,0.70735,1,3,0.99963,0.01037,0.00853,-0.02358,0.06050,0.08371,0.63068,0,0
1768333692.183903,-0.00632,0.00018,-0.04125,0.00163,0.00076,-0.00016,0.54417,0.00087,0.22801,-0.00052,0.70687,0.00055,0.70735,1,3,0.99963,0.01037,0.00853,-0.02358,0.06050,0.08371,0.63068,0,0
1768333692.185910,-0.02631,0.00319,-0.01086,0.00079,0.00048,-0.00039,0.54417,0.00087,0.22801,-0.00052,0.70687,0.00055,0.70735,1,3,0.99963,0.01037,0.00853,-0.02358,0.06050,0.08371,0.63068,0,0
1768333692.187899,0.00428,0.04401,0.00307,-0.00046,0.00058,-0.00055,0.54426,0.00087,0.22801,-0.00052,0.70687,0.00055,0.70735,1,3,0.99963,0.01037,0.00853,-0.02358,0.06050,0.08371,0.63068,0,0
1768333692.189879,0.02544,0.01599,0.01903,-0.00080,0.00087,-0.00002,0.54426,0.00087,0.22801,-0.00052,0.70687,0.00055,0.70735,1,3,0.99963,0.01037,0.00853,-0.02358,0.06050,0.08371,0.63068,0,0
1768333692.191902,0.02903,0.00841,0.01913,-0.00023,0.00121,-0.00002,0.54430,0.00087,0.22802,-0.00052,0.70686,0.00055,0.70735,1,3,0.99963,0.01037,0.00853,-0.02358,0.06050,0.08371,0.63068,0,0
1768333692.193877,0.01219,0.00380,0.01957,-0.00051,0.00105,0.00054,0.54430,0.00087,0.22802,-0.00052,0.70686,0.00055,0.70735,1,3,0.99963,0.01037,0.00853,-0.02358,0.06050,0.08371,0.63068,0,0
1768333692.195894,-0.01374,0.04875,-0.02723,0.00003,0.00132,0.00011,0.54434,0.00087,0.22802,-0.00052,0.70686,0.00055,0.70735,1,3,0.99963,0.01037,0.00853,-0.02358,0.06050,0.08371,0.63068,0,0
1768333692.197891,-0.00965,0.05249,-0.01204,0.00073,-0.00013,-0.00015,0.54434,0.00087,0.22802,-0.00052,0.70686,0.00055,0.70735,1,3,0.99963,0.01037,0.00853,-0.02358,0.06050,0.08371,0.63068,0,0
1768333692.199917,-0.02625,0.05782,-0.04991,0.00036,-0.00044,0.00011,0.54434,0.00087,0.22802,-0.00052,0.70686,0.00055,0.70735,1,3,0.99963,0.01037,0.00853,-0.02358,0.06050,0.08371,0.63068,0,0
1768333692.201916,0.01421,-0.00285,-0.04086,0.00159,0.00053,0.00089,0.54434,0.00087,0.22802,-0.00052,0.70686,0.00055,0.70735,1,3,0.99963,0.01037,0.00853,-0.02358,0.06050,0.08371,0.63068,0,0
1768333692.203947,0.02661,-0.00412,0.05017,-0.00213,0.00075,0.00056,0.54438,0.00087,0.22802,-0.00052,0.70686,0.00055,0.70736,1,3,0.99963,0.01037,0.00853,-0.02358,0.06050,0.08371,0.63068,0,0
1768333692.205898,0.00476,0.00406,0.02730,-0.00138,0.00063,0.00056,0.54438,0.00087,0.22802,-0.00052,0.70686,0.00055,0.70736,1,3,0.99963,0.01037,0.00853,-0.02358,0.06050,0.08371,0.63068,0,0
1768333692.207893,-0.01027,-0.00178,-0.01077,0.00160,0.00030,-0.00027,0.54442,0.00087,0.22802,-0.00052,0.70686,0.00055,0.70735,1,3,0.99963,0.01037,0.00853,-0.02358,0.06050,0.08371,0.63068,0,0
1768333692.209908,0.00588,0.03249,-0.02665,0.00180,-0.00004,0.00037,0.54442,0.00087,0.22802,-0.00052,0.70686,0.00055,0.70735,1,3,0.99963,0.01037,0.00853,-0.02358,0.06050,0.08371,0.63068,0,0
1768333692.211911,-0.00163,0.04250,-0.03451,0.00105,-0.00022,0.00010,0.54446,0.00087,0.22802,-0.00052,0.70686,0.00055,0.70735,1,3,0.99963,0.01037,0.00853,-0.02358,0.06050,0.08371,0.63068,0,0
1768333692.213911,0.00782,0.01134,0.01163,-0.00020,0.00121,0.00013,0.54446,0.00087,0.22802,-0.00052,0.70686,0.00055,0.70735,1,3,0.99966,0.01037,0.00730,-0.02288,0.06051,0.08373,0.63082,0,0
1768333692.215916,0.00637,0.02492,0.04151,0.00040,0.00300,0.00055,0.54450,0.00087,0.22802,-0.00052,0.70686,0.00055,0.70735,1,3,0.99966,0.01037,0.00730,-0.02288,0.06051,0.08373,0.63082,0,0
1768333692.217930,0.01509,0.02782,-0.00365,-0.00350,0.00061,0.00065,0.54450,0.00087,0.22802,-0.00052,0.70686,0.00055,0.70735,1,3,0.99966,0.01037,0.00730,-0.02288,0.06051,0.08373,0.63082,0,0
1768333692.219915,-0.02220,0.02540,0.00393,0.00062,0.00017,0.00002,0.54450,0.00087,0.22802,-0.00052,0.70686,0.00055,0.70735,1,3,0.99966,0.01037,0.00730,-0.02288,0.06051,0.08373,0.63082,0,0
1768333692.221939,-0.00807,-0.00187,0.03513,-0.00058,-0.00049,0.00018,0.54458,0.00087,0.22802,-0.00052,0.70686,0.00055,0.70735,1,3,0.99966,0.01037,0.00730,-0.02288,0.06051,0.08373,0.63082,0,0
1768333692.223904,0.00296,-0.01976,0.01285,0.00052,0.00017,0.00082,0.54458,0.00087,0.22802,-0.00052,0.70686,0.00055,0.70735,1,3,0.99966,0.01037,0.00730,-0.02288,0.06051,0.08373,0.63082,0,0
1768333692.225903,0.02856,-0.02074,0.02769,0.00029,0.00074,0.00040,0.54462,0.00087,0.22802,-0.00052,0.70686,0.00055,0.70735,1,3,0.99966,0.01037,0.00730,-0.02288,0.06051,0.08373,0.63082,0,0
1768333692.227910,0.01193,-0.02105,-0.00269,-0.00016,0.00145,0.00039,0.54462,0.00087,0.22802,-0.00052,0.70686,0.00055,0.70735,1,3,0.99966,0.01037,0.00730,-0.02288,0.06051,0.08373,0.63082,0,0
1768333692.229918,-0.01629,0.01671,-0.03375,-0.00145,0.00075,0.00039,0.54466,0.00087,0.22802,-0.00052,0.70686,0.00055,0.70735,1,3,0.99966,0.01037,0.00730,-0.02288,0.06051,0.08373,0.63082,0,0
1768333692.231908,-0.01240,0.02975,-0.00349,-0.00107,-0.00020,0.00068,0.54466,0.00087,0.22802,-0.00052,0.70686,0.00055,0.70735,1,3,0.99966,0.01037,0.00730,-0.02288,0.06051,0.08373,0.63082,0,0
1768333692.233915,-0.03536,-0.00564,-0.01796,0.00155,-0.00041,-0.00011,0.54466,0.00087,0.22802,-0.00052,0.70686,0.00055,0.70735,1,3,0.99966,0.01037,0.00730,-0.02288,0.06051,0.08373,0.63082,0,0
1768333692.235915,0.00026,0.00197,-0.03359,-0.00075,0.00055,-0.00003,0.54470,0.00087,0.22802,-0.00052,0.70686,0.00055,0.70735,1,3,0.99966,0.01037,0.00730,-0.02288,0.06051,0.08373,0.63082,0,0
1768333692.237914,0.01564,-0.01414,0.01237,-0.00007,0.00191,0.00080,0.54470,0.00087,0.22802,-0.00052,0.70686,0.00055,0.70735,1,3,0.99966,0.01037,0.00730,-0.02288,0.06051,0.08373,0.63082,0,0
1768333692.239932,-0.00457,0.05355,0.00299,-0.00056,0.00107,-0.00001,0.54474,0.00087,0.22802,-0.00052,0.70686,0.00055,0.70735,1,3,0.99966,0.01037,0.00730,-0.02288,0.06051,0.08373,0.63082,0,0
1768333692.241931,-0.01174,0.00917,-0.00337,-0.00154,0.00094,0.00001,0.54474,0.00087,0.22802,-0.00052,0.70686,0.00055,0.70735,1,3,0.99966,0.01037,0.00730,-0.02288,0.06051,0.08373,0.63082,0,0
1768333692.243936,-0.00406,0.03994,-0.00382,-0.00073,-0.00069,0.00040,0.54478,0.00087,0.22802,-0.00052,0.70686,0.00055,0.70735,1,3,0.99966,0.01037,0.00730,-0.02288,0.06051,0.08373,0.63082,0,0
1768333692.245945,0.02579,0.00130,0.04241,-0.00119,0.00050,0.00041,0.54478,0.00087,0.22802,-0.00052,0.70686,0.00055,0.70735,1,3,0.99964,0.01048,0.00887,-0.02325,0.06051,0.08372,0.63071,0,0
1768333692.247941,0.01970,0.00367,0.01206,0.00015,0.00109,0.00093,0.54482,0.00087,0.22802,-0.00052,0.70686,0.00055,0.70735,1,3,0.99964,0.01048,0.00887,-0.02325,0.06051,0.08372,0.63071,0,0
1768333692.249952,0.00715,0.02085,0.01115,0.00035,0.00197,-0.00014,0.54486,0.00087,0.22802,-0.00052,0.70686,0.00055,0.70735,1,3,0.99964,0.01048,0.00887,-0.02325,0.06051,0.08372,0.63071,0,0
1768333692.251927,-0.00758,0.02552,-0.05700,0.00281,0.00025,-0.00005,0.54486,0.00087,0.22802,-0.00052,0.70686,0.00055,0.70735,1,3,0.99964,0.01048,0.00887,-0.02325,0.06051,0.08372,0.63071,0,0
1768333692.253937,-0.00900,0.02311,-0.04917,0.00038,-0.00062,-0.00017,0.54490,0.00087,0.22802,-0.00052,0.70687,0.00055,0.70735,1,3,0.99964,0.01048,0.00887,-0.02325,0.06051,0.08372,0.63071,0,0
1768333692.255934,-0.00520,0.01538,-0.00333,0.00050,-0.00028,0.00027,0.54490,0.00087,0.22802,-0.00052,0.70687,0.00055,0.70735,1,3,0.99964,0.01048,0.00887,-0.02325,0.06051,0.08372,0.63071,0,0
1768333692.257939,0.02171,0.02811,0.01884,-0.00153,0.00091,0.00025,0.54494,0.00087,0.22801,-0.00052,0.70687,0.00055,0.70735,1,3,0.99964,0.01048,0.00887,-0.02325,0.06051,0.08372,0.63071,0,0
1768333692.259922,0.01397,-0.00903,-0.01070,0.00152,0.00231,0.00064,0.54494,0.00087,0.22801,-0.00052,0.70687,0.00055,0.70735,1,3,0.99964,0.01048,0.00887,-0.02325,0.06051,0.08372,0.63071,0,0
1768333692.261936,0.01744,0.00547,-0.02640,-0.00137,0.00173,-0.00018,0.54498,0.00087,0.22801,-0.00052,0.70687,0.00055,0.70735,1,3,0.99964,0.01048,0.00887,-0.02325,0.06051,0.08372,0.63071,0,0
1768333692.263936,-0.02335,-0.01409,-0.02560,0.00189,0.00072,-0.00013,0.54498,0.00087,0.22801,-0.00052,0.70687,0.00055,0.70735,1,3,0.99964,0.01048,0.00887,-0.02325,0.06051,0.08372,0.63071,0,0
1768333692.265940,-0.03753,0.01534,0.01200,-0.00103,0.00024,0.00031,0.54498,0.00087,0.22801,-0.00052,0.70687,0.00055,0.70735,1,3,0.99964,0.01048,0.00887,-0.02325,0.06051,0.08372,0.63071,0,0
1768333692.267936,-0.00213,0.01998,0.01963,-0.00250,-0.00108,0.00056,0.54502,0.00087,0.22801,-0.00052,0.70687,0.00055,0.70734,1,3,0.99964,0.01048,0.00887,-0.02325,0.06051,0.08372,0.63071,0,0
1768333692.269960,0.00971,0.02524,0.01162,-0.00265,0.00119,0.00094,0.54502,0.00087,0.22801,-0.00052,0.70687,0.00055,0.70734,1,3,0.99964,0.01048,0.00887,-0.02325,0.06051,0.08372,0.63071,0,0
1768333692.271952,0.03256,0.02022,-0.00343,-0.00053,0.00118,0.00144,0.54506,0.00087,0.22801,-0.00052,0.70687,0.00055,0.70734,1,3,0.99964,0.01048,0.00887,-0.02325,0.06051,0.08372,0.63071,0,0
1768333692.273954,-0.00548,0.01445,-0.02591,0.00006,0.00050,0.00106,0.54506,0.00087,0.22801,-0.00052,0.70687,0.00055,0.70734,1,3,0.99964,0.01048,0.00887,-0.02325,0.06051,0.08372,0.63071,0,0
1768333692.275942,-0.01256,0.03071,0.00406,-0.00040,-0.00109,0.00028,0.54510,0.00087,0.22801,-0.00052,0.70687,0.00055,0.70734,1,3,0.99964,0.01048,0.00887,-0.02325,0.06051,0.08372,0.63071,0,0
1768333692.277962,0.00315,0.01561,-0.00331,0.00072,-0.00076,0.00026,0.54510,0.00087,0.22801,-0.00052,0.70687,0.00055,0.70734,1,3,0.99964,0.01032,0.00859,-0.02344,0.06050,0.08371,0.63067,0,0
1768333692.279958,0.00336,0.00933,0.04966,0.00021,0.00101,0.00003,0.54514,0.00087,0.22801,-0.00052,0.70687,0.00055,0.70735,1,3,0.99964,0.01032,0.00859,-0.02344,0.06050,0.08371,0.63067,0,0
1768333692.281969,0.00300,0.01819,0.03428,-0.00012,0.00203,0.00055,0.54514,0.00087,0.22801,-0.00052,0.70687,0.00055,0.70735,1,3,0.99964,0.01032,0.00859,-0.02344,0.06050,0.08371,0.63067,0,0
1768333692.283960,0.02908,0.00281,0.01181,-0.00074,0.00173,0.00051,0.54518,0.00087,0.22801,-0.00052,0.70687,0.00055,0.70735,1,3,0.99964,0.01032,0.00859,-0.02344,0.06050,0.08371,0.63067,0,0
1768333692.285964,0.02169,0.00953,-0.01857,-0.00088,-0.00035,-0.00004,0.54522,0.00087,0.22801,-0.00052,0.70687,0.00055,0.70735,1,3,0.99964,0.01032,0.00859,-0.02344,0.06050,0.08371,0.63067,0,0
1768333692.287985,-0.01724,0.04789,0.01124,-0.00020,-0.00079,0.00042,0.54522,0.00087,0.22801,-0.00052,0.70687,0.00055,0.70735,1,3,0.99964,0.01032,0.00859,-0.02344,0.06050,0.08371,0.63067,0,0
1768333692.289994,-0.02278,0.04577,-0.01954,0.00152,-0.00023,-0.00054,0.54526,0.00087,0.22801,-0.00052,0.70687,0.00055,0.70735,1,3,0.99964,0.01032,0.00859,-0.02344,0.06050,0.08371,0.63067,0,0
1768333692.291941,-0.00918,0.05605,0.01816,-0.00032,0.00125,0.00014,0.54526,0.00087,0.22801,-0.00052,0.70687,0.00055,0.70735,1,3,0.99964,0.01032,0.00859,-0.02344,0.06050,0.08371,0.63067,0,0
1768333692.293960,0.02551,0.02107,-0.00373,-0.00096,0.00049,0.00024,0.54530,0.00087,0.22802,-0.00052,0.70686,0.00055,0.70735,1,3,0.99964,0.01032,0.00859,-0.02344,0.06050,0.08371,0.63067,0,0
1768333692.295941,0.01167,-0.02599,0.00489,0.00022,0.00171,0.00013,0.54530,0.00087,0.22802,-0.00052,0.70686,0.00055,0.70735,1,3,0.99964,0.01032,0.00859,-0.02344,0.06050,0.08371,0.63067,0,0
1768333692.297957,-0.04244,-0.00147,0.02000,-0.00014,0.00018,0.00020,0.54530,0.00087,0.22802,-0.00052,0.70686,0.00055,0.70735,1,3,0.99964,0.01032,0.00859,-0.02344,0.06050,0.08371,0.63067,0,0
1768333692.299964,-0.03115,0.02117,-0.02618,0.00123,-0.00035,0.00014,0.54534,0.00087,0.22802,-0.00052,0.70686,0.00055,0.70735,1,3,0.99964,0.01032,0.00859,-0.02344,0.06050,0.08371,0.63067,0,0
1768333692.301992,-0.00002,0.00745,0.00444,-0.00047,-0.00008,0.00027,0.54534,0.00087,0.22802,-0.00052,0.70686,0.00055,0.70735,1,3,0.99964,0.01032,0.00859,-0.02344,0.06050,0.08371,0.63067,0,0
1768333692.303967,0.01213,0.04274,-0.01960,-0.00069,0.00165,0.00023,0.54538,0.00087,0.22802,-0.00052,0.70686,0.00055,0.70735,1,3,0.99964,0.01032,0.00859,-0.02344,0.06050,0.08371,0.63067,0,0
1768333692.305962,-0.01340,-0.00066,-0.02590,-0.00013,0.00136,0.00026,0.54538,0.00087,0.22802,-0.00052,0.70686,0.00055,0.70735,1,3,0.99964,0.01032,0.00859,-0.02344,0.06050,0.08371,0.63067,0,0
1768333692.307964,0.00078,-0.00293,-0.01817,-0.00125,0.00030,0.00012,0.54542,0.00087,0.22801,-0.00052,0.70686,0.00055,0.70735,1,3,0.99964,0.01032,0.00859,-0.02344,0.06050,0.08371,0.63067,0,0
1768333692.309964,-0.00174,-0.02155,-0.03318,0.00180,0.00021,-0.00056,0.54542,0.00087,0.22801,-0.00052,0.70686,0.00055,0.70735,1,3,0.99964,0.01032,0.00859,-0.02344,0.06050,0.08371,0.63067,0,0
1768333692.311982,-0.00045,-0.02226,-0.00228,-0.00017,0.00008,0.00068,0.54546,0.00087,0.22802,-0.00052,0.70686,0.00055,0.70735,1,3,0.99964,0.01019,0.00826,-0.02358,0.06050,0.08372,0.63071,0,0
1768333692.313973,-0.00951,0.01735,0.00418,0.00031,0.00041,0.00041,0.54546,0.00087,0.22802,-0.00052,0.70686,0.00055,0.70735,1,3,0.99964,0.01019,0.00826,-0.02358,0.06050,0.08372,0.63071,0,0
1768333692.315972,-0.01526,0.02939,-0.04950,0.00154,0.00136,0.00023,0.54546,0.00087,0.22802,-0.00052,0.70686,0.00055,0.70735,1,3,0.99964,0.01019,0.00826,-0.02358,0.06050,0.08372,0.63071,0,0
1768333692.317971,-0.02262,0.02913,0.01908,0.00023,0.00145,0.00070,0.54550,0.00087,0.22801,-0.00052,0.70686,0.00055,0.70735,1,3,0.99964,0.01019,0.00826,-0.02358,0.06050,0.08372,0.63071,0,0
1768333692.319999,-0.00600,0.01465,0.02669,0.00115,0.00112,-0.00012,0.54550,0.00087,0.22801,-0.00052,0.70686,0.00055,0.70735,1,3,0.99964,0.01019,0.00826,-0.02358,0.06050,0.08372,0.63071,0,0
1768333692.322017,-0.00623,-0.02452,-0.02513,0.00133,0.00053,0.00053,0.54559,0.00087,0.22802,-0.00052,0.70686,0.00055,0.70736,1,3,0.99964,0.01019,0.00826,-0.02358,0.06050,0.08372,0.63071,0,0
1768333692.324021,-0.02352,-0.01895,-0.01004,0.00183,0.00048,0.00042,0.54559,0.00087,0.22802,-0.00052,0.70686,0.00055,0.70736,1,3,0.99964,0.01019,0.00826,-0.02358,0.06050,0.08372,0.63071,0,0
1768333692.325978,0.01705,0.03600,-0.01149,-0.00121,0.00033,0.00064,0.54563,0.00087,0.22802,-0.00052,0.70685,0.00055,0.70736,1,3,0.99964,0.01019,0.00826,-0.02358,0.06050,0.08372,0.63071,0,0
1768333692.327982,0.00934,0.02685,0.02703,-0.00176,-0.00058,0.00095,0.54563,0.00087,0.22802,-0.00052,0.70685,0.00055,0.70736,1,3,0.99964,0.01019,0.00826,-0.02358,0.06050,0.08372,0.63071,0,0
1768333692.329962,-0.01485,0.05962,-0.01975,0.00126,0.00044,0.00025,0.54563,0.00087,0.22802,-0.00052,0.70685,0.00055,0.70736,1,3,0.99964,0.01019,0.00826,-0.02358,0.06050,0.08372,0.63071,0,0
1768333692.331968,-0.00851,0.00196,0.03474,-0.00053,0.00103,0.00003,0.54567,0.00087,0.22802,-0.00052,0.70685,0.00055,0.70736,1,3,0.99964,0.01019,0.00826,-0.02358,0.06050,0.08372,0.63071,0,0
1768333692.333967,0.00904,-0.00228,0.02747,-0.00080,-0.00057,0.00015,0.54567,0.00087,0.22802,-0.00052,0.70685,0.00055,0.70736,1,3,0.99964,0.01019,0.00826,-0.02358,0.06050,0.08372,0.63071,0,0
1768333692.335973,-0.00231,-0.01821,-0.02570,0.00141,0.00200,0.00011,0.54571,0.00087,0.22802,-0.00052,0.70685,0.00055,0.70736,1,3,0.99964,0.01019,0.00826,-0.02358,0.06050,0.08372,0.63071,0,0
1768333692.337972,-0.00290,-0.00737,-0.04079,0.00197,0.00074,0.00064,0.54571,0.00087,0.22802,-0.00052,0.70685,0.00055,0.70736,1,3,0.99964,0.01019,0.00826,-0.02358,0.06050,0.08372,0.63071,0,0
1768333692.339972,-0.00722,0.04509,-0.04237,0.00239,0.00035,-0.00018,0.54575,0.00087,0.22803,-0.00052,0.70685,0.00055,0.70736,1,3,0.99964,0.01019,0.00826,-0.02358,0.06050,0.08372,0.63071,0,0
1768333692.341965,-0.00450,0.00546,0.01191,0.00016,-0.00016,-0.00025,0.54575,0.00087,0.22803,-0.00052,0.70685,0.00055,0.70736,1,3,0.99964,0.01019,0.00826,-0.02358,0.06050,0.08372,0.63071,0,0
1768333692.343962,-0.00430,0.02869,0.01150,-0.00108,0.00097,0.00068,0.54579,0.00087,0.22803,-0.00052,0.70685,0.00055,0.70736,1,3,0.99964,0.01019,0.00826,-0.02358,0.06050,0.08372,0.63071,0,0
1768333692.345973,-0.00145,-0.03276,0.00515,0.00079,0.00149,0.00015,0.54579,0.00087,0.22803,-0.00052,0.70685,0.00055,0.70736,1,3,0.99964,0.01036,0.00785,-0.02364,0.06051,0.08373,0.63079,0,0
1768333692.347987,-0.00912,-0.02187,-0.01018,0.00049,0.00030,-0.00013,0.54579,0.00087,0.22803,-0.00052,0.70685,0.00055,0.70736,1,3,0.99964,0.01036,0.00785,-0.02364,0.06051,0.08373,0.63079,0,0
1768333692.350003,0.00420,0.02319,0.02642,-0.00093,0.00175,0.00001,0.54583,0.00087,0.22803,-0.00052,0.70685,0.00055,0.70736,1,3,0.99964,0.01036,0.00785,-0.02364,0.06051,0.08373,0.63079,0,0
1768333692.351991,0.00751,0.03660,-0.01165,0.00011,0.00044,0.00024,0.54587,0.00087,0.22803,-0.00052,0.70685,0.00055,0.70736,1,3,0.99964,0.01036,0.00785,-0.02364,0.06051,0.08373,0.63079,0,0
1768333692.353990,-0.02256,0.01085,0.01191,0.00110,0.00006,0.00003,0.54587,0.00087,0.22803,-0.00052,0.70685,0.00055,0.70736,1,3,0.99964,0.01036,0.00785,-0.02364,0.06051,0.08373,0.63079,0,0
1768333692.355994,-0.01957,0.01778,-0.02624,0.00184,0.00066,0.00039,0.54591,0.00087,0.22803,-0.00052,0.70685,0.00055,0.70736,1,3,0.99964,0.01036,0.00785,-0.02364,0.06051,0.08373,0.63079,0,0
1768333692.357990,0.04077,-0.00391,-0.03355,0.00049,0.00084,0.00047,0.54595,0.00087,0.22803,-0.00052,0.70685,0.00055,0.70736,1,3,0.99964,0.01036,0.00785,-0.02364,0.06051,0.08373,0.63079,0,0
1768333692.359987,-0.03476,-0.00172,-0.00289,0.00051,0.00047,0.00017,0.54595,0.00087,0.22803,-0.00052,0.70685,0.00055,0.70736,1,3,0.99964,0.01036,0.00785,-0.02364,0.06051,0.08373,0.63079,0,0
1768333692.361990,0.00745,0.02156,0.01146,0.00014,0.00083,0.00026,0.54600,0.00087,0.22803,-0.00052,0.70685,0.00055,0.70737,1,3,0.99964,0.01036,0.00785,-0.02364,0.06051,0.08373,0.63079,0,0
1768333692.363995,-0.03030,0.01156,-0.01829,0.00067,-0.00086,0.00002,0.54600,0.00087,0.22803,-0.00052,0.70685,0.00055,0.70737,1,3,0.99964,0.01036,0.00785,-0.02364,0.06051,0.08373,0.63079,0,0
1768333692.365989,0.01241,0.02795,0.02636,-0.00087,0.00165,0.00027,0.54604,0.00087,0.22803,-0.00052,0.70684,0.00055,0.70737,1,3,0.99964,0.01036,0.00785,-0.02364,0.06051,0.08373,0.63079,0,0
1768333692.367994,0.00648,0.01168,-0.01120,0.00111,0.00123,0.00011,0.54604,0.00087,0.22803,-0.00052,0.70684,0.00055,0.70737,1,3,0.99964,0.01036,0.00785,-0.02364,0.06051,0.08373,0.63079,0,0
1768333692.369998,-0.04007,0.00576,-0.01056,0.00126,0.00066,0.00057,0.54604,0.00087,0.22803,-0.00052,0.70684,0.00055,0.70737,1,3,0.99964,0.01036,0.00785,-0.02364,0.06051,0.08373,0.63079,0,0
1768333692.371999,-0.01567,0.02691,0.03468,-0.00220,-0.00003,0.00098,0.54608,0.00087,0.22803,-0.00052,0.70684,0.00055,0.70737,1,3,0.99964,0.01036,0.00785,-0.02364,0.06051,0.08373,0.63079,0,0
1768333692.373992,0.03382,0.04664,0.00342,-0.00064,-0.00090,0.00036,0.54608,0.00087,0.22803,-0.00052,0.70684,0.00055,0.70737,1,3,0.99964,0.01036,0.00785,-0.02364,0.06051,0.08373,0.63079,0,0
1768333692.375997,0.03233,-0.01360,0.02743,0.00059,0.00107,0.00039,0.54608,0.00087,0.22803,-0.00052,0.70684,0.00055,0.70737,1,3,0.99964,0.01036,0.00785,-0.02364,0.06051,0.08373,0.63079,0,0
1768333692.378009,-0.00006,0.03157,0.00360,-0.00061,0.00066,-0.00001,0.54612,0.00087,0.22803,-0.00052,0.70685,0.00055,0.70737,1,3,0.99964,0.01036,0.00785,-0.02364,0.06051,0.08373,0.63079,0,0
1768333692.379992,-0.02302,0.01882,0.01916,0.00054,0.00222,0.00056,0.54615,0.00087,0.22803,-0.00052,0.70685,0.00055,0.70737,1,3,0.99963,0.01024,0.00817,-0.02376,0.06051,0.08372,0.63073,0,0
1768333692.381985,-0.00441,0.03892,-0.00383,-0.00096,0.00046,0.00080,0.54615,0.00087,0.22803,-0.00052,0.70685,0.00055,0.70737,1,3,0.99963,0.01024,0.00817,-0.02376,0.06051,0.08372,0.63073,0,0
1768333692.384019,0.00593,0.01706,-0.02637,0.00162,0.00073,0.00037,0.54619,0.00087,0.22803,-0.00052,0.70685,0.00055,0.70737,1,3,0.99963,0.01024,0.00817,-0.02376,0.06051,0.08372,0.63073,0,0
1768333692.386006,0.01423,0.02937,0.04986,-0.00238,-0.00102,0.00110,0.54619,0.00087,0.22803,-0.00052,0.70685,0.00055,0.70737,1,3,0.99963,0.01024,0.00817,-0.02376,0.06051,0.08372,0.63073,0,0
1768333692.388016,0.00739,-0.01136,-0.01791,0.00105,-0.00092,-0.00002,0.54623,0.00087,0.22803,-0.00052,0.70684,0.00055,0.70737,1,3,0.99963,0.01024,0.00817,-0.02376,0.06051,0.08372,0.63073,0,0
1768333692.390028,-0.03530,-0.00121,0.01993,0.00117,0.00009,0.00019,0.54623,0.00087,0.22803,-0.00052,0.70684,0.00055,0.70737,1,3,0.99963,0.01024,0.00817,-0.02376,0.06051,0.08372,0.63073,0,0
1768333692.392016,0.02103,0.02760,-0.02685,-0.00110,0.00168,0.00022,0.54627,0.00087,0.22803,-0.00052,0.70684,0.00055,0.70737,1,3,0.99963,0.01024,0.00817,-0.02376,0.06051,0.08372,0.63073,0,0
1768333692.394046,0.01817,-0.00576,-0.03336,0.00178,0.00112,0.00076,0.54631,0.00087,0.22803,-0.00052,0.70684,0.00055,0.70737,1,3,0.99963,0.01024,0.00817,-0.02376,0.06051,0.08372,0.63073,0,0
1768333692.396004,-0.00472,0.01468,-0.01859,-0.00016,0.00035,0.00026,0.54631,0.00087,0.22803,-0.00052,0.70684,0.00055,0.70737,1,3,0.99963,0.01024,0.00817,-0.02376,0.06051,0.08372,0.63073,0,0
1768333692.398022,-0.02085,-0.00487,0.00504,-0.00105,0.00019,0.00084,0.54635,0.00087,0.22803,-0.00052,0.70685,0.00055,0.70737,1,3,0.99963,0.01024,0.00817,-0.02376,0.06051,0.08372,0.63073,0,0
1768333692.400020,-0.03154,0.00590,-0.00313,0.00148,0.00042,0.00016,0.54635,0.00087,0.22803,-0.00052,0.70685,0.00055,0.70737,1,3,0.99963,0.01024,0.00817,-0.02376,0.06051,0.08372,0.63073,0,0
1768333692.402032,0.01187,0.00439,-0.01110,0.00037,0.00078,-0.00029,0.54635,0.00087,0.22803,-0.00052,0.70685,0.00055,0.70737,1,3,0.99963,0.01024,0.00817,-0.02376,0.06051,0.08372,0.63073,0,0
1768333692.404020,0.02987,0.01358,-0.00355,-0.00105,0.00044,0.00023,0.54639,0.00087,0.22803,-0.00052,0.70684,0.00055,0.70737,1,3,0.99963,0.01024,0.00817,-0.02376,0.06051,0.08372,0.63073,0,0
1768333692.406022,0.00488,0.00444,-0.01838,-0.00116,0.00024,0.00012,0.54639,0.00087,0.22803,-0.00052,0.70684,0.00055,0.70737,1,3,0.99963,0.01024,0.00817,-0.02376,0.06051,0.08372,0.63073,0,0
1768333692.408026,-0.03436,0.02717,-0.01891,-0.00023,0.00108,0.00014,0.54643,0.00087,0.22803,-0.00052,0.70685,0.00055,0.70737,1,3,0.99963,0.01024,0.00817,-0.02376,0.06051,0.08372,0.63073,0,0
1768333692.410022,0.00703,0.04586,-0.03475,0.00022,0.00120,0.00035,0.54643,0.00087,0.22803,-0.00052,0.70685,0.00055,0.70737,1,3,0.99963,0.01024,0.00817,-0.02376,0.06051,0.08372,0.63073,0,0
1768333692.412004,-0.00099,0.00256,-0.01841,0.00057,0.00031,-0.00001,0.54647,0.00087,0.22803,-0.00052,0.70684,0.00055,0.70737,1,3,0.99963,0.01024,0.00817,-0.02376,0.06051,0.08372,0.63073,0,0
1768333692.414022,-0.02152,0.01461,0.00421,-0.00038,0.00093,0.00029,0.54647,0.00087,0.22803,-0.00052,0.70684,0.00055,0.70737,1,3,0.99965,0.01049,0.00739,-0.02322,0.06053,0.08375,0.63096,0,0
1768333692.416013,-0.03864,-0.00353,-0.00276,0.00049,-0.00025,0.00004,0.54651,0.00087,0.22803,-0.00052,0.70684,0.00055,0.70737,1,3,0.99965,0.01049,0.00739,-0.02322,0.06053,0.08375,0.63096,0,0
1768333692.418029,-0.00693,0.01640,0.01182,-0.00233,0.00063,0.00042,0.54651,0.00087,0.22803,-0.00052,0.70684,0.00055,0.70737,1,3,0.99965,0.01049,0.00739,-0.02322,0.06053,0.08375,0.63096,0,0
1768333692.420035,0.04859,0.02272,0.03442,-0.00312,-0.00004,0.00079,0.54651,0.00087,0.22803,-0.00052,0.70684,0.00055,0.70737,1,3,0.99965,0.01049,0.00739,-0.02322,0.06053,0.08375,0.63096,0,0
1768333692.422045,0.00366,-0.01107,0.03495,-0.00025,0.00166,0.00016,0.54651,0.00087,0.22803,-0.00052,0.70684,0.00055,0.70737,1,3,0.99965,0.01049,0.00739,-0.02322,0.06053,0.08375,0.63096,0,0
1768333692.424024,-0.02986,-0.01334,-0.01014,0.00037,-0.00060,-0.00011,0.54660,0.00087,0.22803,-0.00052,0.70684,0.00055,0.70737,1,3,0.99965,0.01049,0.00739,-0.02322,0.06053,0.08375,0.63096,0,0
1768333692.426026,-0.03252,0.03567,-0.04949,0.00227,0.00042,0.00011,0.54664,0.00087,0.22803,-0.00052,0.70684,0.00055,0.70737,1,3,0.99965,0.01049,0.00739,-0.02322,0.06053,0.08375,0.63096,0,0
1768333692.428028,0.01704,0.06086,-0.00461,-0.00113,0.00018,0.00037,0.54664,0.00087,0.22803,-0.00052,0.70684,0.00055,0.70737,1,3,0.99965,0.01049,0.00739,-0.02322,0.06053,0.08375,0.63096,0,0
1768333692.430038,0.02725,0.01880,0.00370,0.00142,0.00110,0.00010,0.54668,0.00087,0.22804,-0.00052,0.70684,0.00055,0.70737,1,3,0.99965,0.01049,0.00739,-0.02322,0.06053,0.08375,0.63096,0,0
1768333692.432063,0.00224,-0.01472,-0.01775,0.00123,0.00030,0.00066,0.54668,0.00087,0.22804,-0.00052,0.70684,0.00055,0.70737,1,3,0.99965,0.01049,0.00739,-0.02322,0.06053,0.08375,0.63096,0,0
1768333692.434026,-0.01469,-0.03929,-0.03234,0.00137,0.00077,0.00054,0.54672,0.00087,0.22804,-0.00052,0.70684,0.00055,0.70737,1,3,0.99965,0.01049,0.00739,-0.02322,0.06053,0.08375,0.63096,0,0
1768333692.436028,-0.02055,0.01530,-0.02617,-0.00081,-0.00010,-0.00014,0.54672,0.00087,0.22804,-0.00052,0.70684,0.00055,0.70737,1,3,0.99965,0.01049,0.00739,-0.02322,0.06053,0.08375,0.63096,0,0
1768333692.438078,-0.00497,0.02450,-0.01103,-0.00026,0.00023,0.00080,0.54672,0.00087,0.22804,-0.00052,0.70684,0.00055,0.70737,1,3,0.99965,0.01049,0.00739,-0.02322,0.06053,0.08375,0.63096,0,0
1768333692.440030,-0.00852,0.04160,0.01104,-0.00071,0.00062,0.00014,0.54672,0.00087,0.22804,-0.00052,0.70684,0.00055,0.70737,1,3,0.99965,0.01049,0.00739,-0.02322,0.06053,0.08375,0.63096,0,0
1768333692.442022,0.00396,0.01386,-0.01871,-0.00061,0.00101,0.00025,0.54676,0.00087,0.22804,-0.00052,0.70684,0.00055,0.70737,1,3,0.99965,0.01049,0.00739,-0.02322,0.06053,0.08375,0.63096,0,0
1768333692.444022,-0.00239,-0.00723,-0.03332,0.00176,0.00060,0.00024,0.54676,0.00087,0.22804,-0.00052,0.70684,0.00055,0.70737,1,3,0.99965,0.01049,0.00739,-0.02322,0.06053,0.08375,0.63096,0,0
1768333692.446063,0.00463,-0.00039,0.02700,-0.00056,0.00062,-0.00052,0.54680,0.00087,0.22804,-0.00052,0.70684,0.00055,0.70737,1,3,0.99959,0.01025,0.00951,-0.02481,0.06049,0.08369,0.63048,0,0
1768333692.448025,-0.01290,0.03054,-0.00376,0.00003,-0.00059,-0.00013,0.54680,0.00087,0.22804,-0.00052,0.70684,0.00055,0.70737,1,3,0.99959,0.01025,0.00951,-0.02481,0.06049,0.08369,0.63048,0,0
1768333692.450026,-0.01306,0.02938,0.01141,-0.00042,0.00069,0.00028,0.54684,0.00087,0.22804,-0.00052,0.70684,0.00055,0.70737,1,3,0.99959,0.01025,0.00951,-0.02481,0.06049,0.08369,0.63048,0,0
1768333692.452027,-0.00621,0.01892,0.01916,0.00076,0.00164,0.00055,0.54688,0.00087,0.22804,-0.00052,0.70684,0.00055,0.70737,1,3,0.99959,0.01025,0.00951,-0.02481,0.06049,0.08369,0.63048,0,0
1768333692.454062,0.01086,0.00488,-0.04888,0.00125,0.00030,0.00008,0.54692,0.00087,0.22804,-0.00052,0.70684,0.00055,0.70737,1,3,0.99959,0.01025,0.00951,-0.02481,0.06049,0.08369,0.63048,0,0
1768333692.456051,-0.00910,0.01779,0.01947,0.00009,-0.00023,0.00043,0.54692,0.00087,0.22804,-0.00052,0.70684,0.00055,0.70737,1,3,0.99959,0.01025,0.00951,-0.02481,0.06049,0.08369,0.63048,0,0
1768333692.458061,-0.00593,0.03454,-0.00385,0.00074,0.00048,0.00053,0.54692,0.00087,0.22804,-0.00052,0.70684,0.00055,0.70737,1,3,0.99959,0.01025,0.00951,-0.02481,0.06049,0.08369,0.63048,0,0
1768333692.460119,0.00164,0.03210,0.01918,-0.00213,-0.00075,0.00042,0.54696,0.00087,0.22804,-0.00052,0.70684,0.00055,0.70738,1,3,0.99959,0.01025,0.00951,-0.02481,0.06049,0.08369,0.63048,0,0
1768333692.462052,0.00870,0.04084,0.00333,-0.00115,0.00093,0.00012,0.54696,0.00087,0.22804,-0.00052,0.70684,0.00055,0.70738,1,3,0.99959,0.01025,0.00951,-0.02481,0.06049,0.08369,0.63048,0,0
1768333692.464049,0.00993,0.01092,0.00449,-0.00261,0.00057,0.00094,0.54700,0.00087,0.22804,-0.00052,0.70684,0.00055,0.70738,1,3,0.99959,0.01025,0.00951,-0.02481,0.06049,0.08369,0.63048,0,0
1768333692.466049,0.01462,0.02067,-0.07249,0.00122,0.00214,-0.00022,0.54700,0.00087,0.22804,-0.00052,0.70684,0.00055,0.70738,1,3,0.99959,0.01025,0.00951,-0.02481,0.06049,0.08369,0.63048,0,0
1768333692.468149,0.00427,-0.01013,0.00477,-0.00046,0.00026,0.00014,0.54700,0.00087,0.22804,-0.00052,0.70684,0.00055,0.70738,1,3,0.99959,0.01025,0.00951,-0.02481,0.06049,0.08369,0.63048,0,0
1768333692.470092,-0.03865,0.00644,-0.00311,0.00061,-0.00026,-0.00023,0.54704,0.00087,0.22804,-0.00052,0.70683,0.00055,0.70738,1,3,0.99959,0.01025,0.00951,-0.02481,0.06049,0.08369,0.63048,0,0
1768333692.472059,-0.02373,-0.01471,-0.04037,0.00145,0.00100,0.00107,0.54704,0.00087,0.22804,-0.00052,0.70683,0.00055,0.70738,1,3,0.99959,0.01025,0.00951,-0.02481,0.06049,0.08369,0.63048,0,0
1768333692.474044,-0.01338,0.00013,-0.02596,0.00032,0.00059,-0.00014,0.54708,0.00087,0.22804,-0.00052,0.70683,0.00055,0.70738,1,3,0.99959,0.01025,0.00951,-0.02481,0.06049,0.08369,0.63048,0,0
1768333692.476068,0.03571,0.02357,-0.01152,0.00126,0.00087,0.00035,0.54708,0.00087,0.22804,-0.00052,0.70683,0.00055,0.70738,1,3,0.99959,0.01025,0.00951,-0.02481,0.06049,0.08369,0.63048,0,0
1768333692.478057,0.02060,0.00907,-0.02595,-0.00045,0.00019,0.00077,0.54713,0.00087,0.22804,-0.00052,0.70683,0.00055,0.70738,1,3,0.99959,0.01025,0.00951,-0.02481,0.06049,0.08369,0.63048,0,0
1768333692.480048,0.00584,-0.00502,0.04306,-0.00215,-0.00077,0.00085,0.54713,0.00087,0.22804,-0.00052,0.70683,0.00055,0.70738,1,3,0.99959,0.01025,0.00951,-0.02481,0.06049,0.08369,0.63048,0,0
1768333692.482059,-0.03988,0.02043,-0.00316,0.00078,0.00053,0.00097,0.54716,0.00087,0.22804,-0.00052,0.70683,0.00055,0.70738,1,3,0.99966,0.01064,0.00829,-0.02243,0.06052,0.08374,0.63086,0,0
1768333692.484051,0.00264,0.02914,-0.01152,0.00067,0.00088,0.00025,0.54716,0.00087,0.22804,-0.00052,0.70683,0.00055,0.70738,1,3,0.99966,0.01064,0.00829,-0.02243,0.06052,0.08374,0.63086,0,0
1768333692.486054,-0.00114,0.02196,-0.03404,0.00036,0.00056,0.00024,0.54720,0.00087,0.22804,-0.00052,0.70683,0.00055,0.70738,1,3,0.99966,0.01064,0.00829,-0.02243,0.06052,0.08374,0.63086,0,0
1768333692.488072,0.02250,0.00673,-0.04166,0.00215,0.00117,-0.00020,0.54720,0.00087,0.22804,-0.00052,0.70683,0.00055,0.70738,1,3,0.99966,0.01064,0.00829,-0.02243,0.06052,0.08374,0.63086,0,0
1768333692.490074,-0.00607,-0.01806,0.01284,-0.00296,0.00027,0.00057,0.54720,0.00087,0.22804,-0.00052,0.70683,0.00055,0.70738,1,3,0.99966,0.01064,0.00829,-0.02243,0.06052,0.08374,0.63086,0,0
1768333692.492100,-0.01311,0.01009,-0.01092,-0.00000,0.00032,0.00000,0.54725,0.00087,0.22804,-0.00052,0.70683,0.00055,0.70738,1,3,0.99966,0.01064,0.00829,-0.02243,0.06052,0.08374,0.63086,0,0
1768333692.494084,0.00766,0.01947,0.01964,-0.00382,-0.00120,0.00055,0.54729,0.00087,0.22804,-0.00052,0.70683,0.00055,0.70738,1,3,0.99966,0.01064,0.00829,-0.02243,0.06052,0.08374,0.63086,0,0
1768333692.496084,-0.02837,0.00074,0.06597,-0.00186,-0.00074,0.00116,0.54733,0.00087,0.22804,-0.00052,0.70683,0.00055,0.70738,1,3,0.99966,0.01064,0.00829,-0.02243,0.06052,0.08374,0.63086,0,0
1768333692.498075,0.02114,0.02354,-0.02652,-0.00093,0.00054,0.00036,0.54733,0.00087,0.22804,-0.00052,0.70683,0.00055,0.70738,1,3,0.99966,0.01064,0.00829,-0.02243,0.06052,0.08374,0.63086,0,0
1768333692.500118,0.00754,-0.00726,-0.01062,0.00067,0.00009,-0.00015,0.54737,0.00087,0.22804,-0.00052,0.70683,0.00055,0.70738,1,3,0.99966,0.01064,0.00829,-0.02243,0.06052,0.08374,0.63086,0,0
1768333692.502080,-0.00465,0.02988,0.01889,0.00002,0.00007,-0.00012,0.54737,0.00087,0.22804,-0.00052,0.70683,0.00055,0.70738,1,3,0.99966,0.01064,0.00829,-0.02243,0.06052,0.08374,0.63086,0,0
1768333692.504077,-0.01415,0.00914,0.01199,0.00021,0.00149,0.00082,0.54737,0.00087,0.22804,-0.00052,0.70683,0.00055,0.70738,1,3,0.99966,0.01064,0.00829,-0.02243,0.06052,0.08374,0.63086,0,0
1768333692.506075,-0.02380,-0.00752,0.02048,-0.00240,-0.00002,0.00113,0.54741,0.00087,0.22804,-0.00052,0.70683,0.00055,0.70738,1,3,0.99966,0.01064,0.00829,-0.02243,0.06052,0.08374,0.63086,0,0
1768333692.508065,0.01365,0.02362,-0.01124,-0.00180,0.00038,0.00038,0.54741,0.00087,0.22804,-0.00052,0.70683,0.00055,0.70738,1,3,0.99966,0.01064,0.00829,-0.02243,0.06052,0.08374,0.63086,0,0
1768333692.510101,0.00207,0.00979,-0.02631,0.00153,0.00078,-0.00003,0.54745,0.00087,0.22804,-0.00052,0.70683,0.00055,0.70738,1,3,0.99966,0.01064,0.00829,-0.02243,0.06052,0.08374,0.63086,0,0
1768333692.512068,-0.00017,0.01697,0.00418,-0.00057,0.00029,0.00040,0.54745,0.00087,0.22804,-0.00052,0.70683,0.00055,0.70738,1,3,0.99966,0.01064,0.00829,-0.02243,0.06052,0.08374,0.63086,0,0
1768333692.514159,0.00731,-0.00868,-0.00290,-0.00001,0.00150,0.00066,0.54749,0.00087,0.22804,-0.00052,0.70683,0.00055,0.70738,1,3,0.99961,0.01022,0.00974,-0.02419,0.06050,0.08370,0.63059,0,0
1768333692.516135,-0.02140,0.01502,-0.01868,-0.00016,0.00055,-0.00013,0.54749,0.00087,0.22804,-0.00052,0.70683,0.00055,0.70738,1,3,0.99961,0.01022,0.00974,-0.02419,0.06050,0.08370,0.63059,0,0
1768333692.518146,-0.00801,0.02676,-0.00374,-0.00111,0.00050,0.00013,0.54753,0.00087,0.22804,-0.00052,0.70683,0.00055,0.70738,1,3,0.99961,0.01022,0.00974,-0.02419,0.06050,0.08370,0.63059,0,0
1768333692.520111,-0.02289,0.03535,0.01148,0.00096,0.00005,0.00056,0.54753,0.00087,0.22804,-0.00052,0.70683,0.00055,0.70738,1,3,0.99961,0.01022,0.00974,-0.02419,0.06050,0.08370,0.63059,0,0
1768333692.522099,0.02513,0.02632,-0.03427,-0.00046,0.00023,0.00008,0.54757,0.00087,0.22804,-0.00052,0.70683,0.00055,0.70738,1,3,0.99961,0.01022,0.00974,-0.02419,0.06050,0.08370,0.63059,0,0
1768333692.524136,-0.01469,-0.02933,-0.03270,0.00149,0.00076,0.00026,0.54761,0.00087,0.22804,-0.00052,0.70683,0.00055,0.70738,1,3,0.99961,0.01022,0.00974,-0.02419,0.06050,0.08370,0.63059,0,0
1768333692.526115,-0.00365,-0.03402,-0.00969,-0.00053,-0.00051,0.00001,0.54761,0.00087,0.22804,-0.00052,0.70683,0.00055,0.70738,1,3,0.99961,0.01022,0.00974,-0.02419,0.06050,0.08370,0.63059,0,0
1768333692.528116,-0.00893,-0.00719,-0.00278,0.00001,0.00016,0.00028,0.54765,0.00087,0.22804,-0.00052,0.70683,0.00055,0.70738,1,3,0.99961,0.01022,0.00974,-0.02419,0.06050,0.08370,0.63059,0,0
1768333692.530121,-0.00470,0.03939,0.01159,-0.00073,-0.00016,0.00122,0.54765,0.00087,0.22804,-0.00052,0.70683,0.00055,0.70738,1,3,0.99961,0.01022,0.00974,-0.02419,0.06050,0.08370,0.63059,0,0
1768333692.532121,0.01209,0.05808,-0.03490,-0.00073,0.00075,0.00062,0.54769,0.00087,0.22804,-0.00052,0.70683,0.00055,0.70738,1,3,0.99961,0.01022,0.00974,-0.02419,0.06050,0.08370,0.63059,0,0
1768333692.534105,0.04618,0.04836,0.02604,-0.00062,-0.00029,0.00050,0.54769,0.00087,0.22804,-0.00052,0.70683,0.00055,0.70738,1,3,0.99961,0.01022,0.00974,-0.02419,0.06050,0.08370,0.63059,0,0
1768333692.536093,0.03213,0.00059,0.02730,0.00011,0.00145,0.00120,0.54769,0.00087,0.22804,-0.00052,0.70683,0.00055,0.70738,1,3,0.99961,0.01022,0.00974,-0.02419,0.06050,0.08370,0.63059,0,0
1768333692.538093,-0.01770,-0.01731,0.00531,-0.00011,0.00054,0.00097,0.54773,0.00087,0.22804,-0.00052,0.70683,0.00055,0.70738,1,3,0.99961,0.01022,0.00974,-0.02419,0.06050,0.08370,0.63059,0,0
1768333692.540092,-0.04211,-0.01107,0.02766,-0.00004,0.00005,-0.00033,0.54773,0.00087,0.22804,-0.00052,0.70683,0.00055,0.70738,1,3,0.99961,0.01022,0.00974,-0.02419,0.06050,0.08370,0.63059,0,0
1768333692.542103,-0.00595,0.01387,-0.01085,0.00027,0.00139,0.00107,0.54777,0.00087,0.22804,-0.00052,0.70683,0.00055,0.70738,1,3,0.99961,0.01022,0.00974,-0.02419,0.06050,0.08370,0.63059,0,0
1768333692.544090,0.00825,0.04586,-0.01188,-0.00087,0.00081,0.00037,0.54777,0.00087,0.22804,-0.00052,0.70683,0.00055,0.70738,1,3,0.99961,0.01022,0.00974,-0.02419,0.06050,0.08370,0.63059,0,0
1768333692.546089,0.01177,0.03818,0.01081,-0.00009,0.00152,-0.00002,0.54781,0.00087,0.22804,-0.00052,0.70683,0.00055,0.70738,1,3,0.99961,0.01022,0.00974,-0.02419,0.06050,0.08370,0.63059,0,0
1768333692.548110,-0.00130,0.02293,-0.02649,0.00103,-0.00034,-0.00016,0.54781,0.00087,0.22804,-0.00052,0.70683,0.00055,0.70738,1,3,0.99967,0.01035,0.00717,-0.02229,0.06053,0.08376,0.63104,0,0
1768333692.550118,-0.00863,0.03697,0.01127,-0.00055,0.00025,0.00028,0.54785,0.00087,0.22804,-0.00052,0.70683,0.00055,0.70738,1,3,0.99967,0.01035,0.00717,-0.02229,0.06053,0.08376,0.63104,0,0
1768333692.552131,-0.03591,0.00837,-0.02591,0.00151,0.00048,0.00028,0.54785,0.00087,0.22804,-0.00052,0.70683,0.00055,0.70738,1,3,0.99967,0.01035,0.00717,-0.02229,0.06053,0.08376,0.63104,0,0
1768333692.554112,-0.00088,-0.00358,0.01234,-0.00038,0.00134,0.00095,0.54789,0.00087,0.22804,-0.00052,0.70683,0.00055,0.70739,1,3,0.99967,0.01035,0.00717,-0.02229,0.06053,0.08376,0.63104,0,0
1768333692.556134,-0.01713,-0.01694,-0.00255,-0.00011,0.00027,0.00016,0.54793,0.00087,0.22805,-0.00052,0.70683,0.00055,0.70739,1,3,0.99967,0.01035,0.00717,-0.02229,0.06053,0.08376,0.63104,0,0
1768333692.558134,0.02972,0.03805,-0.00434,-0.00097,0.00080,-0.00004,0.54793,0.00087,0.22805,-0.00052,0.70683,0.00055,0.70739,1,3,0.99967,0.01035,0.00717,-0.02229,0.06053,0.08376,0.63104,0,0
1768333692.560110,0.01624,0.02166,0.01150,-0.00007,0.00034,0.00026,0.54797,0.00087,0.22805,-0.00052,0.70683,0.00055,0.70739,1,3,0.99967,0.01035,0.00717,-0.02229,0.06053,0.08376,0.63104,0,0
1768333692.562124,-0.00434,0.01441,0.01177,-0.00060,0.00060,0.00028,0.54797,0.00087,0.22805,-0.00052,0.70683,0.00055,0.70739,1,3,0.99967,0.01035,0.00717,-0.02229,0.06053,0.08376,0.63104,0,0
1768333692.564142,0.01642,0.03635,-0.01166,-0.00033,0.00033,0.00023,0.54801,0.00087,0.22805,-0.00052,0.70682,0.00055,0.70739,1,3,0.99967,0.01035,0.00717,-0.02229,0.06053,0.08376,0.63104,0,0
1768333692.566156,-0.01753,0.04705,0.00367,-0.00042,0.00011,0.00082,0.54801,0.00087,0.22805,-0.00052,0.70682,0.00055,0.70739,1,3,0.99967,0.01035,0.00717,-0.02229,0.06053,0.08376,0.63104,0,0
1768333692.568121,-0.00939,0.03274,0.00355,0.00071,-0.00000,-0.00040,0.54805,0.00087,0.22805,-0.00052,0.70682,0.00055,0.70739,1,3,0.99967,0.01035,0.00717,-0.02229,0.06053,0.08376,0.63104,0,0
1768333692.570111,0.01155,0.02884,-0.00376,0.00001,0.00066,0.00065,0.54805,0.00087,0.22805,-0.00052,0.70682,0.00055,0.70739,1,3,0.99967,0.01035,0.00717,-0.02229,0.06053,0.08376,0.63104,0,0
1768333692.572127,0.01258,-0.00566,-0.00311,-0.00041,0.00066,-0.00001,0.54805,0.00087,0.22805,-0.00052,0.70682,0.00055,0.70739,1,3,0.99967,0.01035,0.00717,-0.02229,0.06053,0.08376,0.63104,0,0
1768333692.574124,-0.01303,0.01392,-0.01109,-0.00061,0.00147,0.00027,0.54809,0.00087,0.22805,-0.00052,0.70682,0.00055,0.70739,1,3,0.99967,0.01035,0.00717,-0.02229,0.06053,0.08376,0.63104,0,0
1768333692.576125,-0.04273,0.00777,0.04988,-0.00003,0.00118,-0.00006,0.54809,0.00087,0.22805,-0.00052,0.70682,0.00055,0.70739,1,3,0.99967,0.01035,0.00717,-0.02229,0.06053,0.08376,0.63104,0,0
1768333692.578169,0.01295,0.05341,-0.01942,-0.00144,0.00012,0.00077,0.54813,0.00087,0.22805,-0.00052,0.70682,0.00055,0.70739,1,3,0.99967,0.01035,0.00717,-0.02229,0.06053,0.08376,0.63104,0,0
1768333692.580156,0.02696,-0.00820,0.01255,-0.00218,-0.00052,0.00067,0.54813,0.00087,0.22805,-0.00052,0.70682,0.00055,0.70739,1,3,0.99967,0.01035,0.00717,-0.02229,0.06053,0.08376,0.63104,0,0
1768333692.582134,0.01188,-0.01064,-0.02558,-0.00003,0.00068,0.00051,0.54817,0.00087,0.22805,-0.00052,0.70683,0.00055,0.70739,1,3,0.99962,0.01021,0.00850,-0.02401,0.06050,0.08372,0.63072,0,0
1768333692.584169,-0.01772,-0.01721,-0.01023,0.00032,0.00078,0.00015,0.54817,0.00087,0.22805,-0.00052,0.70683,0.00055,0.70739,1,3,0.99962,0.01021,0.00850,-0.02401,0.06050,0.08372,0.63072,0,0
1768333692.586143,-0.00584,-0.00256,0.04296,-0.00299,-0.00064,0.00059,0.54821,0.00087,0.22805,-0.00052,0.70683,0.00055,0.70739,1,3,0.99962,0.01021,0.00850,-0.02401,0.06050,0.08372,0.63072,0,0
1768333692.588145,0.01506,0.01194,-0.05691,0.00133,0.00074,-0.00034,0.54821,0.00087,0.22805,-0.00052,0.70683,0.00055,0.70739,1,3,0.99962,0.01021,0.00850,-0.02401,0.06050,0.08372,0.63072,0,0
1768333692.590145,0.02814,0.03078,0.01904,-0.00346,-0.00031,0.00039,0.54825,0.00087,0.22804,-0.00052,0.70683,0.00055,0.70738,1,3,0.99962,0.01021,0.00850,-0.02401,0.06050,0.08372,0.63072,0,0
1768333692.592165,0.02749,-0.01807,0.02815,-0.00274,-0.00076,0.00095,0.54829,0.00087,0.22804,-0.00052,0.70683,0.00055,0.70738,1,3,0.99962,0.01021,0.00850,-0.02401,0.06050,0.08372,0.63072,0,0
1768333692.594140,-0.01469,-0.02933,-0.03270,0.00149,0.00076,0.00026,0.54829,0.00087,0.22804,-0.00052,0.70683,0.00055,0.70738,1,3,0.99962,0.01021,0.00850,-0.02401,0.06050,0.08372,0.63072,0,0
1768333692.596137,-0.00537,0.02908,-0.00371,0.00001,0.00086,0.00067,0.54833,0.00087,0.22804,-0.00052,0.70683,0.00055,0.70739,1,3,0.99962,0.01021,0.00850,-0.02401,0.06050,0.08372,0.63072,0,0
1768333692.598156,0.01246,0.03798,-0.01936,-0.00097,0.00127,0.00036,0.54833,0.00087,0.22804,-0.00052,0.70683,0.00055,0.70739,1,3,0.99962,0.01021,0.00850,-0.02401,0.06050,0.08372,0.63072,0,0
1768333692.600163,-0.02145,0.03462,0.01147,-0.00058,0.00041,0.00056,0.54837,0.00087,0.22805,-0.00052,0.70682,0.00055,0.70739,1,3,0.99962,0.01021,0.00850,-0.02401,0.06050,0.08372,0.63072,0,0
1768333692.602150,0.01113,-0.00496,-0.02589,0.00113,0.00030,-0.00003,0.54837,0.00087,0.22805,-0.00052,0.70682,0.00055,0.70739,1,3,0.99962,0.01021,0.00850,-0.02401,0.06050,0.08372,0.63072,0,0
1768333692.604168,-0.01000,-0.00178,0.00462,0.00117,0.00004,0.00015,0.54841,0.00087,0.22805,-0.00052,0.70682,0.00055,0.70739,1,3,0.99962,0.01021,0.00850,-0.02401,0.06050,0.08372,0.63072,0,0
1768333692.606189,0.00017,-0.00766,-0.00264,-0.00087,0.00006,0.00068,0.54841,0.00087,0.22805,-0.00052,0.70682,0.00055,0.70739,1,3,0.99962,0.01021,0.00850,-0.02401,0.06050,0.08372,0.63072,0,0
1768333692.608145,-0.02839,0.02072,0.05749,-0.00140,-0.00064,0.00021,0.54841,0.00087,0.22805,-0.00052,0.70682,0.00055,0.70739,1,3,0.99962,0.01021,0.00850,-0.02401,0.06050,0.08372,0.63072,0,0
1768333692.610149,-0.01165,0.04668,0.01082,0.00197,0.00142,0.00040,0.54845,0.00087,0.22805,-0.00052,0.70682,0.00055,0.70739,1,3,0.99962,0.01021,0.00850,-0.02401,0.06050,0.08372,0.63072,0,0
1768333692.612156,-0.01318,0.02472,-0.01115,-0.00026,0.00032,0.00040,0.54845,0.00087,0.22805,-0.00052,0.70682,0.00055,0.70739,1,3,0.99962,0.01021,0.00850,-0.02401,0.06050,0.08372,0.63072,0,0
1768333692.614155,0.05580,0.04756,0.00286,-0.00151,0.00035,-0.00033,0.54849,0.00087,0.22805,-0.00052,0.70682,0.00055,0.70740,1,3,0.99962,0.01021,0.00850,-0.02401,0.06050,0.08372,0.63072,0,0
1768333692.616175,0.00850,0.03167,0.07214,-0.00083,0.00017,0.00045,0.54849,0.00087,0.22805,-0.00052,0.70682,0.00055,0.70740,1,3,0.99962,0.01021,0.00850,-0.02401,0.06050,0.08372,0.63072,0,0
1768333692.618167,-0.03841,0.01062,0.01215,-0.00021,0.00025,0.00045,0.54853,0.00087,0.22805,-0.00052,0.70682,0.00055,0.70739,1,3,0.99959,0.01034,0.01003,-0.02473,0.06049,0.08369,0.63051,0,0
1768333692.620218,-0.00349,0.01851,0.04172,-0.00143,0.00159,-0.00024,0.54853,0.00087,0.22805,-0.00052,0.70682,0.00055,0.70739,1,3,0.99959,0.01034,0.01003,-0.02473,0.06049,0.08369,0.63051,0,0
1768333692.622164,-0.03956,-0.01398,-0.01014,0.00102,0.00067,0.00030,0.54857,0.00087,0.22805,-0.00052,0.70682,0.00055,0.70739,1,3,0.99959,0.01034,0.01003,-0.02473,0.06049,0.08369,0.63051,0,0
1768333692.624211,-0.00257,0.00040,0.04260,-0.00165,-0.00069,-0.00009,0.54857,0.00087,0.22805,-0.00052,0.70682,0.00055,0.70739,1,3,0.99959,0.01034,0.01003,-0.02473,0.06049,0.08369,0.63051,0,0
1768333692.626163,0.01481,0.02467,0.02716,-0.00266,-0.00141,0.00082,0.54861,0.00087,0.22805,-0.00052,0.70682,0.00055,0.70739,1,3,0.99959,0.01034,0.01003,-0.02473,0.06049,0.08369,0.63051,0,0
1768333692.628170,0.00042,-0.01255,-0.00260,-0.00093,0.00006,0.00041,0.54865,0.00087,0.22805,-0.00052,0.70682,0.00055,0.70739,1,3,0.99959,0.01034,0.01003,-0.02473,0.06049,0.08369,0.63051,0,0
1768333692.630182,-0.01780,-0.01603,0.01255,0.00099,-0.00037,-0.00024,0.54865,0.00087,0.22805,-0.00052,0.70682,0.00055,0.70739,1,3,0.99959,0.01034,0.01003,-0.02473,0.06049,0.08369,0.63051,0,0
1768333692.632196,0.00400,0.00469,-0.01841,-0.00028,0.00025,0.00012,0.54869,0.00087,0.22805,-0.00052,0.70682,0.00055,0.70739,1,3,0.99959,0.01034,0.01003,-0.02473,0.06049,0.08369,0.63051,0,0
1768333692.634158,0.01191,0.00369,-0.03362,-0.00029,0.00118,0.00050,0.54869,0.00087,0.22805,-0.00052,0.70682,0.00055,0.70739,1,3,0.99959,0.01034,0.01003,-0.02473,0.06049,0.08369,0.63051,0,0
1768333692.636169,-0.01749,-0.00098,-0.02573,0.00074,-0.00089,-0.00027,0.54874,0.00087,0.22805,-0.00052,0.70682,0.00055,0.70739,1,3,0.99959,0.01034,0.01003,-0.02473,0.06049,0.08369,0.63051,0,0
1768333692.638176,-0.00807,0.01662,0.00418,-0.00123,0.00077,0.00041,0.54874,0.00087,0.22805,-0.00052,0.70682,0.00055,0.70739,1,3,0.99959,0.01034,0.01003,-0.02473,0.06049,0.08369,0.63051,0,0
1768333692.640177,-0.00538,0.03406,-0.00389,0.00007,0.00085,0.00053,0.54877,0.00087,0.22805,-0.00052,0.70682,0.00055,0.70739,1,3,0.99959,0.01034,0.01003,-0.02473,0.06049,0.08369,0.63051,0,0
1768333692.642154,0.02930,0.00338,0.01191,-0.00073,0.00097,0.00052,0.54877,0.00087,0.22805,-0.00052,0.70682,0.00055,0.70739,1,3,0.99959,0.01034,0.01003,-0.02473,0.06049,0.08369,0.63051,0,0
1768333692.644180,0.02044,0.00881,-0.02637,-0.00001,0.00094,-0.00005,0.54877,0.00087,0.22805,-0.00052,0.70682,0.00055,0.70739,1,3,0.99959,0.01034,0.01003,-0.02473,0.06049,0.08369,0.63051,0,0
1768333692.646168,0.00657,-0.00431,0.05064,-0.00236,-0.00167,0.00045,0.54881,0.00087,0.22805,-0.00052,0.70683,0.00055,0.70739,1,3,0.99959,0.01034,0.01003,-0.02473,0.06049,0.08369,0.63051,0,0
1768333692.648184,-0.00072,0.02243,0.00404,0.00015,-0.00009,0.00027,0.54881,0.00087,0.22805,-0.00052,0.70683,0.00055,0.70739,1,3,0.99959,0.01034,0.01003,-0.02473,0.06049,0.08369,0.63051,0,0
1768333692.650181,-0.02071,-0.00434,0.01996,-0.00061,-0.00008,0.00004,0.54885,0.00087,0.22804,-0.00052,0.70683,0.00055,0.70738,1,3,0.99959,0.01034,0.01003,-0.02473,0.06049,0.08369,0.63051,0,0
1768333692.652205,-0.00892,0.04120,0.01854,-0.00050,0.00126,0.00014,0.54885,0.00087,0.22804,-0.00052,0.70683,0.00055,0.70738,1,3,0.99959,0.01034,0.01003,-0.02473,0.06049,0.08369,0.63051,0,0
1768333692.654184,0.01224,0.02379,-0.02651,-0.00049,0.00065,0.00036,0.54889,0.00087,0.22804,-0.00052,0.70683,0.00055,0.70738,1,3,0.99959,0.01034,0.01003,-0.02473,0.06049,0.08369,0.63051,0,0
1768333692.656224,-0.01797,0.01241,-0.01063,0.00003,0.00040,0.00095,0.54889,0.00087,0.22804,-0.00052,0.70683,0.00055,0.70738,1,3,0.99961,0.01035,0.00977,-0.02406,0.06050,0.08371,0.63063,0,0
1768333692.658186,-0.00432,0.03500,0.00375,-0.00035,-0.00044,0.00014,0.54893,0.00087,0.22804,-0.00052,0.70683,0.00055,0.70739,1,3,0.99961,0.01035,0.00977,-0.02406,0.06050,0.08371,0.63063,0,0
1768333692.660196,0.01451,0.05367,0.02630,-0.00274,-0.00067,0.00081,0.54893,0.00087,0.22804,-0.00052,0.70683,0.00055,0.70739,1,3,0.99961,0.01035,0.00977,-0.02406,0.06050,0.08371,0.63063,0,0
1768333692.662199,0.00024,0.01251,0.03467,-0.00062,-0.00022,0.00016,0.54898,0.00087,0.22805,-0.00052,0.70683,0.00055,0.70739,1,3,0.99961,0.01035,0.00977,-0.02406,0.06050,0.08371,0.63063,0,0
1768333692.664196,-0.00827,-0.02866,0.01293,-0.00134,0.00183,0.00083,0.54902,0.00087,0.22804,-0.00052,0.70683,0.00055,0.70738,1,3,0.99961,0.01035,0.00977,-0.02406,0.06050,0.08371,0.63063,0,0
1768333692.666183,-0.01477,-0.00103,-0.03365,0.00096,0.00226,0.00025,0.54902,0.00087,0.22804,-0.00052,0.70683,0.00055,0.70738,1,3,0.99961,0.01035,0.00977,-0.02406,0.06050,0.08371,0.63063,0,0
1768333692.668212,0.01924,0.00609,-0.00285,-0.00332,-0.00017,0.00106,0.54906,0.00087,0.22804,-0.00052,0.70683,0.00055,0.70738,1,3,0.99961,0.01035,0.00977,-0.02406,0.06050,0.08371,0.63063,0,0
1768333692.670181,0.00708,0.02259,-0.04174,0.00103,-0.00018,-0.00018,0.54906,0.00087,0.22804,-0.00052,0.70683,0.00055,0.70738,1,3,0.99961,0.01035,0.00977,-0.02406,0.06050,0.08371,0.63063,0,0
1768333692.672192,-0.00917,0.00263,0.00478,-0.00009,0.00004,0.00082,0.54910,0.00087,0.22804,-0.00052,0.70683,0.00055,0.70738,1,3,0.99961,0.01035,0.00977,-0.02406,0.06050,0.08371,0.63063,0,0
1768333692.674168,-0.00675,0.01017,-0.02609,0.00175,0.00051,0.00038,0.54910,0.00087,0.22804,-0.00052,0.70683,0.00055,0.70738,1,3,0.99961,0.01035,0.00977,-0.02406,0.06050,0.08371,0.63063,0,0
1768333692.676196,0.00275,0.03862,-0.01917,0.00013,0.00101,0.00078,0.54914,0.00087,0.22804,-0.00052,0.70683,0.00055,0.70738,1,3,0.99961,0.01035,0.00977,-0.02406,0.06050,0.08371,0.63063,0,0
1768333692.678221,0.01527,-0.00311,-0.01840,0.00093,0.00088,0.00010,0.54914,0.00087,0.22804,-0.00052,0.70683,0.00055,0.70738,1,3,0.99961,0.01035,0.00977,-0.02406,0.06050,0.08371,0.63063,0,0
1768333692.680243,0.00862,0.01712,-0.00355,-0.00057,-0.00007,-0.00001,0.54914,0.00087,0.22804,-0.00052,0.70683,0.00055,0.70738,1,3,0.99961,0.01035,0.00977,-0.02406,0.06050,0.08371,0.63063,0,0
1768333692.682199,-0.01702,-0.00248,-0.01038,-0.00059,0.00039,0.00055,0.54918,0.00087,0.22804,-0.00052,0.70683,0.00055,0.70738,1,3,0.99961,0.01035,0.00977,-0.02406,0.06050,0.08371,0.63063,0,0
1768333692.684199,-0.01470,0.00051,-0.02600,0.00163,0.00060,-0.00014,0.54918,0.00087,0.22804,-0.00052,0.70683,0.00055,0.70738,1,3,0.99961,0.01035,0.00977,-0.02406,0.06050,0.08371,0.63063,0,0
1768333692.686197,-0.00430,0.01017,0.01966,-0.00043,-0.00029,0.00042,0.54918,0.00087,0.22804,-0.00052,0.70683,0.00055,0.70738,1,3,0.99961,0.01035,0.00977,-0.02406,0.06050,0.08371,0.63063,0,0
1768333692.688205,0.00109,-0.00455,-0.02575,0.00245,0.00043,0.00038,0.54922,0.00087,0.22804,-0.00052,0.70683,0.00055,0.70738,1,3,0.99961,0.01035,0.00977,-0.02406,0.06050,0.08371,0.63063,0,0
1768333692.690209,-0.01295,0.02413,0.02656,-0.00049,0.00120,0.00003,0.54922,0.00087,0.22804,-0.00052,0.70683,0.00055,0.70738,1,3,0.99961,0.01040,0.00841,-0.02434,0.06051,0.08371,0.63072,0,0
1768333692.692203,-0.03847,0.05955,-0.00459,-0.00028,0.00084,-0.00012,0.54926,0.00087,0.22804,-0.00052,0.70683,0.00055,0.70738,1,3,0.99961,0.01040,0.00841,-0.02434,0.06051,0.08371,0.63072,0,0
1768333692.694217,0.00075,0.00632,-0.00346,-0.00136,0.00117,-0.00014,0.54930,0.00087,0.22804,-0.00052,0.70684,0.00055,0.70738,1,3,0.99961,0.01040,0.00841,-0.02434,0.06051,0.08371,0.63072,0,0
1768333692.696217,0.01510,0.01697,0.01905,0.00118,0.00061,-0.00001,0.54934,0.00087,0.22804,-0.00052,0.70683,0.00055,0.70738,1,3,0.99961,0.01040,0.00841,-0.02434,0.06051,0.08371,0.63072,0,0
1768333692.698204,0.01159,-0.01638,-0.01795,-0.00010,0.00171,0.00065,0.54934,0.00087,0.22804,-0.00052,0.70683,0.00055,0.70738,1,3,0.99961,0.01040,0.00841,-0.02434,0.06051,0.08371,0.63072,0,0
1768333692.700229,-0.00598,0.02026,-0.00358,0.00122,0.00010,0.00013,0.54938,0.00087,0.22804,-0.00052,0.70683,0.00055,0.70738,1,3,0.99961,0.01040,0.00841,-0.02434,0.06051,0.08371,0.63072,0,0
1768333692.702255,-0.00866,0.01766,0.01948,-0.00034,-0.00024,0.00043,0.54938,0.00087,0.22804,-0.00052,0.70683,0.00055,0.70738,1,3,0.99961,0.01040,0.00841,-0.02434,0.06051,0.08371,0.63072,0,0
1768333692.704212,-0.04515,0.01582,0.01956,-0.00146,-0.00019,-0.00007,0.54942,0.00088,0.22804,-0.00052,0.70684,0.00055,0.70738,1,3,0.99961,0.01040,0.00841,-0.02434,0.06051,0.08371,0.63072,0,0
1768333692.706208,-0.00014,0.00658,-0.00348,-0.00048,0.00118,-0.00014,0.54942,0.00088,0.22804,-0.00052,0.70684,0.00055,0.70738,1,3,0.99961,0.01040,0.00841,-0.02434,0.06051,0.08371,0.63072,0,0
1768333692.708210,-0.00414,-0.01549,0.03527,-0.00075,0.00100,0.00031,0.54946,0.00088,0.22804,-0.00052,0.70683,0.00055,0.70738,1,3,0.99961,0.01040,0.00841,-0.02434,0.06051,0.08371,0.63072,0,0
1768333692.710215,0.01035,-0.00007,-0.02614,0.00184,0.00068,-0.00017,0.54946,0.00088,0.22804,-0.00052,0.70683,0.00055,0.70738,1,3,0.99961,0.01040,0.00841,-0.02434,0.06051,0.08371,0.63072,0,0
1768333692.712212,0.01646,-0.01254,-0.00269,-0.00005,-0.00013,0.00039,0.54946,0.00088,0.22804,-0.00052,0.70683,0.00055,0.70738,1,3,0.99961,0.01040,0.00841,-0.02434,0.06051,0.08371,0.63072,0,0
1768333692.714276,-0.01644,-0.00208,0.00455,-0.00059,0.00012,-0.00025,0.54946,0.00088,0.22804,-0.00052,0.70683,0.00055,0.70738,1,3,0.99961,0.01040,0.00841,-0.02434,0.06051,0.08371,0.63072,0,0
1768333692.716251,-0.00506,0.01365,0.01196,-0.00061,0.00138,0.00109,0.54950,0.00088,0.22804,-0.00052,0.70684,0.00055,0.70738,1,3,0.99961,0.01040,0.00841,-0.02434,0.06051,0.08371,0.63072,0,0
1768333692.718229,-0.00507,0.01378,0.01921,-0.00017,0.00162,0.00028,0.54950,0.00088,0.22804,-0.00052,0.70684,0.00055,0.70738,1,3,0.99961,0.01040,0.00841,-0.02434,0.06051,0.08371,0.63072,0,0
1768333692.720219,0.00270,0.03936,-0.00441,0.00101,0.00074,-0.00042,0.54954,0.00088,0.22804,-0.00052,0.70683,0.00055,0.70738,1,3,0.99961,0.01040,0.00841,-0.02434,0.06051,0.08371,0.63072,0,0
1768333692.722224,0.00455,0.02907,-0.01156,-0.00086,0.00047,-0.00016,0.54954,0.00088,0.22804,-0.00052,0.70683,0.00055,0.70738,1,3,0.99961,0.01040,0.00841,-0.02434,0.06051,0.08371,0.63072,0,0
1768333692.724218,0.00759,0.04673,0.01099,0.00001,0.00005,0.00039,0.54958,0.00088,0.22804,-0.00052,0.70683,0.00055,0.70738,1,3,0.99961,0.01040,0.00841,-0.02434,0.06051,0.08371,0.63072,0,0
1768333692.726214,-0.00941,0.03684,-0.01159,0.00011,0.00064,0.00026,0.54958,0.00088,0.22804,-0.00052,0.70683,0.00055,0.70738,1,3,0.99961,0.01040,0.00841,-0.02434,0.06051,0.08371,0.63072,0,0
1768333692.728232,-0.01782,0.04638,0.02615,-0.00022,0.00124,0.00043,0.54962,0.00088,0.22804,-0.00052,0.70683,0.00055,0.70738,1,3,0.99961,0.01040,0.00841,-0.02434,0.06051,0.08371,0.63072,0,0
1768333692.730228,-0.02383,0.01500,-0.03388,0.00181,0.00122,0.00026,0.54962,0.00088,0.22804,-0.00052,0.70683,0.00055,0.70738,1,3,0.99966,0.01034,0.00726,-0.02298,0.06052,0.08374,0.63082,0,0
1768333692.732222,0.00413,0.01922,0.01933,-0.00076,0.00037,0.00055,0.54966,0.00088,0.22804,-0.00052,0.70683,0.00055,0.70738,1,3,0.99966,0.01034,0.00726,-0.02298,0.06052,0.08374,0.63082,0,0
1768333692.734223,0.03465,0.03207,-0.01907,-0.00104,-0.00128,-0.00005,0.54966,0.00088,0.22804,-0.00052,0.70683,0.00055,0.70738,1,3,0.99966,0.01034,0.00726,-0.02298,0.06052,0.08374,0.63082,0,0
1768333692.736318,-0.00881,0.01228,0.01199,-0.00041,0.00028,0.00055,0.54970,0.00088,0.22804,-0.00052,0.70683,0.00055,0.70738,1,3,0.99966,0.01034,0.00726,-0.02298,0.06052,0.08374,0.63082,0,0
1768333692.738240,-0.00940,0.01692,-0.01088,-0.00013,0.00067,0.00080,0.54974,0.00087,0.22804,-0.00052,0.70683,0.00055,0.70738,1,3,0.99966,0.01034,0.00726,-0.02298,0.06052,0.08374,0.63082,0,0
1768333692.740233,0.00308,0.01901,-0.03393,0.00011,0.00089,0.00050,0.54978,0.00088,0.22804,-0.00052,0.70683,0.00055,0.70738,1,3,0.99966,0.01034,0.00726,-0.02298,0.06052,0.08374,0.63082,0,0
1768333692.742274,-0.01331,0.03500,-0.03425,0.00008,-0.00007,0.00011,0.54978,0.00088,0.22804,-0.00052,0.70683,0.00055,0.70738,1,3,0.99966,0.01034,0.00726,-0.02298,0.06052,0.08374,0.63082,0,0
1768333692.744262,-0.00434,0.04420,0.02624,-0.00068,0.00032,0.00028,0.54982,0.00088,0.22804,-0.00052,0.70683,0.00055,0.70738,1,3,0.99966,0.01034,0.00726,-0.02298,0.06052,0.08374,0.63082,0,0
1768333692.746252,0.00577,-0.00030,0.03542,-0.00231,-0.00064,0.00111,0.54982,0.00088,0.22804,-0.00052,0.70683,0.00055,0.70738,1,3,0.99966,0.01034,0.00726,-0.02298,0.06052,0.08374,0.63082,0,0
1768333692.748253,0.02636,0.00648,0.00434,-0.00157,-0.00002,0.00025,0.54982,0.00088,0.22804,-0.00052,0.70683,0.00055,0.70738,1,3,0.99966,0.01034,0.00726,-0.02298,0.06052,0.08374,0.63082,0,0
1768333692.750247,0.01272,-0.02147,-0.02566,-0.00082,0.00182,-0.00003,0.54986,0.00088,0.22804,-0.00052,0.70684,0.00055,0.70738,1,3,0.99966,0.01034,0.00726,-0.02298,0.06052,0.08374,0.63082,0,0
1768333692.752249,-0.01286,0.00010,-0.04852,-0.00034,0.00021,0.00025,0.54986,0.00088,0.22804,-0.00052,0.70684,0.00055,0.70738,1,3,0.99966,0.01034,0.00726,-0.02298,0.06052,0.08374,0.63082,0,0
1768333692.754274,-0.04114,-0.00125,0.05810,-0.00123,-0.00047,0.00023,0.54986,0.00088,0.22804,-0.00052,0.70684,0.00055,0.70738,1,3,0.99966,0.01034,0.00726,-0.02298,0.06052,0.08374,0.63082,0,0
1768333692.756256,-0.01716,0.01704,0.01180,-0.00057,0.00075,0.00043,0.54990,0.00088,0.22804,-0.00052,0.70684,0.00055,0.70738,1,3,0.99966,0.01034,0.00726,-0.02298,0.06052,0.08374,0.63082,0,0
1768333692.758252,0.00812,-0.00294,-0.01031,-0.00059,0.00009,0.00093,0.54990,0.00088,0.22804,-0.00052,0.70684,0.00055,0.70738,1,3,0.99966,0.01034,0.00726,-0.02298,0.06052,0.08374,0.63082,0,0
1768333692.760243,0.01971,-0.00259,0.01204,-0.00037,0.00262,0.00106,0.54994,0.00088,0.22804,-0.00052,0.70684,0.00055,0.70738,1,3,0.99966,0.01034,0.00726,-0.02298,0.06052,0.08374,0.63082,0,0
1768333692.762265,0.00013,-0.00343,-0.01053,-0.00104,0.00095,0.00053,0.54994,0.00088,0.22804,-0.00052,0.70684,0.00055,0.70738,1,3,0.99966,0.01034,0.00726,-0.02298,0.06052,0.08374,0.63082,0,0
1768333692.764237,-0.00831,0.02235,-0.00368,-0.00051,0.00013,-0.00013,0.54998,0.00088,0.22804,-0.00052,0.70684,0.00055,0.70738,1,3,0.99964,0.01060,0.00767,-0.02361,0.06051,0.08373,0.63082,0,0
1768333692.766257,-0.02172,0.04454,0.00349,-0.00024,0.00053,0.00028,0.54998,0.00088,0.22804,-0.00052,0.70684,0.00055,0.70738,1,3,0.99964,0.01060,0.00767,-0.02361,0.06051,0.08373,0.63082,0,0
1768333692.768262,0.01590,0.06609,0.01035,0.00003,0.00031,0.00024,0.55002,0.00088,0.22804,-0.00052,0.70683,0.00055,0.70738,1,3,0.99964,0.01060,0.00767,-0.02361,0.06051,0.08373,0.63082,0,0
1768333692.770259,0.01178,0.01447,-0.00312,-0.00016,-0.00009,0.00106,0.55002,0.00088,0.22804,-0.00052,0.70683,0.00055,0.70738,1,3,0.99964,0.01060,0.00767,-0.02361,0.06051,0.08373,0.63082,0,0
1768333692.772239,0.00316,0.01926,0.00408,0.00011,0.00064,0.00053,0.55006,0.00088,0.22804,-0.00052,0.70683,0.00055,0.70738,1,3,0.99964,0.01060,0.00767,-0.02361,0.06051,0.08373,0.63082,0,0
1768333692.774270,0.00034,0.00711,-0.01078,-0.00091,0.00017,0.00026,0.55010,0.00088,0.22804,-0.00052,0.70683,0.00055,0.70738,1,3,0.99964,0.01060,0.00767,-0.02361,0.06051,0.08373,0.63082,0,0
1768333692.776289,-0.00993,0.03177,-0.02666,0.00048,0.00091,0.00038,0.55010,0.00088,0.22804,-0.00052,0.70683,0.00055,0.70738,1,3,0.99964,0.01060,0.00767,-0.02361,0.06051,0.08373,0.63082,0,0
1768333692.778746,0.00355,0.05938,-0.01210,-0.00006,-0.00029,0.00024,0.55014,0.00088,0.22804,-0.00052,0.70683,0.00055,0.70738,1,3,0.99964,0.01060,0.00767,-0.02361,0.06051,0.08373,0.63082,0,0
1768333692.780317,0.00416,0.01005,0.01964,-0.00043,-0.00039,0.00042,0.55014,0.00088,0.22804,-0.00052,0.70683,0.00055,0.70738,1,3,0.99964,0.01060,0.00767,-0.02361,0.06051,0.08373,0.63082,0,0
1768333692.782290,0.02525,0.01242,0.00422,-0.00019,-0.00077,0.00011,0.55018,0.00088,0.22804,-0.00052,0.70683,0.00055,0.70738,1,3,0.99964,0.01060,0.00767,-0.02361,0.06051,0.08373,0.63082,0,0
1768333692.784269,0.01164,-0.01070,-0.00265,-0.00003,0.00069,0.00093,0.55018,0.00088,0.22804,-0.00052,0.70683,0.00055,0.70738,1,3,0.99964,0.01060,0.00767,-0.02361,0.06051,0.08373,0.63082,0,0
1768333692.786280,-0.02096,0.03477,-0.01161,-0.00058,0.00039,-0.00027,0.55022,0.00088,0.22804,-0.00052,0.70683,0.00055,0.70738,1,3,0.99964,0.01060,0.00767,-0.02361,0.06051,0.08373,0.63082,0,0
1768333692.788275,-0.03086,0.04052,-0.02678,0.00080,0.00001,-0.00000,0.55022,0.00088,0.22804,-0.00052,0.70683,0.00055,0.70738,1,3,0.99964,0.01060,0.00767,-0.02361,0.06051,0.08373,0.63082,0,0
1768333692.790271,-0.03545,0.01819,0.00430,0.00097,0.00034,0.00044,0.55026,0.00088,0.22804,-0.00052,0.70683,0.00055,0.70738,1,3,0.99964,0.01060,0.00767,-0.02361,0.06051,0.08373,0.63082,0,0
1768333692.792275,0.02002,0.03863,0.00362,-0.00009,0.00042,0.00078,0.55026,0.00088,0.22804,-0.00052,0.70683,0.00055,0.70738,1,3,0.99964,0.01060,0.00767,-0.02361,0.06051,0.08373,0.63082,0,0
1768333692.794268,0.05701,0.00090,-0.01086,0.00099,0.00064,0.00074,0.55026,0.00088,0.22804,-0.00052,0.70683,0.00055,0.70738,1,3,0.99964,0.01060,0.00767,-0.02361,0.06051,0.08373,0.63082,0,0
1768333692.796289,-0.00896,0.00198,-0.00308,-0.00032,0.00092,0.00041,0.55030,0.00088,0.22804,-0.00052,0.70683,0.00055,0.70738,1,3,0.99964,0.01060,0.00767,-0.02361,0.06051,0.08373,0.63082,0,0
1768333692.798268,-0.00893,-0.02702,-0.01761,0.00021,0.00043,0.00000,0.55030,0.00088,0.22804,-0.00052,0.70683,0.00055,0.70738,1,3,0.99964,0.01060,0.00767,-0.02361,0.06051,0.08373,0.63082,0,0
1768333692.800279,-0.01762,-0.00139,-0.00284,0.00052,-0.00050,0.00015,0.55034,0.00088,0.22804,-0.00052,0.70683,0.00055,0.70738,1,3,0.99964,0.01060,0.00767,-0.02361,0.06051,0.08373,0.63082,0,0
1768333692.802280,-0.01712,0.03210,-0.04187,-0.00039,0.00048,-0.00002,0.55034,0.00088,0.22804,-0.00052,0.70683,0.00055,0.70738,1,3,0.99961,0.01037,0.00898,-0.02446,0.06049,0.08371,0.63065,0,0
1768333692.804292,-0.00628,0.00953,-0.04911,0.00130,0.00126,-0.00004,0.55038,0.00088,0.22804,-0.00052,0.70684,0.00055,0.70738,1,3,0.99961,0.01037,0.00898,-0.02446,0.06049,0.08371,0.63065,0,0
1768333692.806283,0.05594,0.02924,-0.03414,-0.00129,-0.00166,0.00019,0.55038,0.00088,0.22804,-0.00052,0.70684,0.00055,0.70738,1,3,0.99961,0.01037,0.00898,-0.02446,0.06049,0.08371,0.63065,0,0
1768333692.808368,0.00647,-0.01683,-0.02547,0.00164,-0.00001,0.00011,0.55042,0.00088,0.22803,-0.00052,0.70684,0.00055,0.70737,1,3,0.99961,0.01037,0.00898,-0.02446,0.06049,0.08371,0.63065,0,0
1768333692.810375,0.00780,0.01258,-0.01096,0.00025,-0.00031,0.00012,0.55046,0.00088,0.22803,-0.00052,0.70684,0.00055,0.70737,1,3,0.99961,0.01037,0.00898,-0.02446,0.06049,0.08371,0.63065,0,0
1768333692.812399,-0.01874,0.02309,-0.04167,0.00147,0.00013,-0.00016,0.55046,0.00088,0.22803,-0.00052,0.70684,0.00055,0.70737,1,3,0.99961,0.01037,0.00898,-0.02446,0.06049,0.08371,0.63065,0,0
1768333692.814311,0.00019,0.02170,0.00381,-0.00073,0.00066,-0.00014,0.55050,0.00088,0.22804,-0.00052,0.70684,0.00055,0.70738,1,3,0.99961,0.01037,0.00898,-0.02446,0.06049,0.08371,0.63065,0,0
1768333692.816295,0.01822,-0.01614,0.01232,0.00165,0.00188,0.00066,0.55050,0.00088,0.22804,-0.00052,0.70684,0.00055,0.70738,1,3,0.99961,0.01037,0.00898,-0.02446,0.06049,0.08371,0.63065,0,0
1768333692.818287,-0.00071,-0.00741,-0.00266,0.00001,0.00007,0.00068,0.55054,0.00088,0.22804,-0.00052,0.70684,0.00055,0.70738,1,3,0.99961,0.01037,0.00898,-0.02446,0.06049,0.08371,0.63065,0,0
1768333692.820298,-0.00670,0.01693,0.01970,-0.00254,-0.00025,0.00083,0.55054,0.00088,0.22804,-0.00052,0.70684,0.00055,0.70738,1,3,0.99961,0.01037,0.00898,-0.02446,0.06049,0.08371,0.63065,0,0
1768333692.822300,-0.01329,0.03008,0.01151,0.00002,-0.00007,0.00028,0.55054,0.00088,0.22804,-0.00052,0.70684,0.00055,0.70738,1,3,0.99961,0.01037,0.00898,-0.02446,0.06049,0.08371,0.63065,0,0
1768333692.824282,-0.01883,0.02214,-0.01127,0.00102,0.00115,0.00027,0.55058,0.00088,0.22804,-0.00052,0.70683,0.00055,0.70738,1,3,0.99961,0.01037,0.00898,-0.02446,0.06049,0.08371,0.63065,0,0
1768333692.826284,0.01290,0.04292,-0.00451,-0.00113,0.00138,-0.00017,0.55058,0.00088,0.22804,-0.00052,0.70683,0.00055,0.70738,1,3,0.99961,0.01037,0.00898,-0.02446,0.06049,0.08371,0.63065,0,0
1768333692.828279,0.03448,0.03598,0.01095,-0.00121,0.00011,-0.00017,0.55063,0.00088,0.22804,-0.00052,0.70683,0.00055,0.70739,1,3,0.99961,0.01037,0.00898,-0.02446,0.06049,0.08371,0.63065,0,0
1768333692.830295,0.00809,0.03614,0.04166,-0.00077,0.00069,0.00069,0.55063,0.00088,0.22804,-0.00052,0.70683,0.00055,0.70739,1,3,0.99961,0.01037,0.00898,-0.02446,0.06049,0.08371,0.63065,0,0
1768333692.832288,-0.00701,-0.01468,-0.04835,0.00210,0.00091,0.00024,0.55066,0.00088,0.22804,-0.00052,0.70683,0.00055,0.70738,1,3,0.99963,0.01029,0.00858,-0.02366,0.06050,0.08372,0.63070,0,0
1768333692.834288,-0.00019,0.02247,0.02705,-0.00050,-0.00047,0.00069,0.55066,0.00088,0.22804,-0.00052,0.70683,0.00055,0.70738,1,3,0.99963,0.01029,0.00858,-0.02366,0.06050,0.08372,0.63070,0,0
1768333692.836311,-0.00916,0.03694,-0.01174,0.00011,0.00063,-0.00015,0.55071,0.00088,0.22804,-0.00052,0.70683,0.00055,0.70738,1,3,0.99963,0.01029,0.00858,-0.02366,0.06050,0.08372,0.63070,0,0
1768333692.838319,-0.02289,0.06383,0.00296,0.00043,0.00129,0.00054,0.55075,0.00088,0.22804,-0.00052,0.70683,0.00055,0.70738,1,3,0.99963,0.01029,0.00858,-0.02366,0.06050,0.08372,0.63070,0,0
1768333692.840319,-0.00269,0.04165,-0.02713,0.00169,0.00119,0.00010,0.55075,0.00088,0.22804,-0.00052,0.70683,0.00055,0.70738,1,3,0.99963,0.01029,0.00858,-0.02366,0.06050,0.08372,0.63070,0,0
1768333692.842353,-0.01367,0.03036,-0.01886,0.00046,-0.00032,0.00026,0.55079,0.00088,0.22804,-0.00052,0.70683,0.00055,0.70738,1,3,0.99963,0.01029,0.00858,-0.02366,0.06050,0.08372,0.63070,0,0
1768333692.844305,-0.02211,-0.01414,0.00505,0.00058,0.00020,0.00030,0.55079,0.00088,0.22804,-0.00052,0.70683,0.00055,0.70738,1,3,0.99963,0.01029,0.00858,-0.02366,0.06050,0.08372,0.63070,0,0
1768333692.846301,-0.02107,-0.00528,0.03497,-0.00062,0.00119,0.00005,0.55083,0.00088,0.22804,-0.00052,0.70683,0.00055,0.70738,1,3,0.99963,0.01029,0.00858,-0.02366,0.06050,0.08372,0.63070,0,0
1768333692.848304,-0.02793,0.01752,-0.04904,0.00162,0.00114,0.00038,0.55083,0.00088,0.22804,-0.00052,0.70683,0.00055,0.70738,1,3,0.99963,0.01029,0.00858,-0.02366,0.06050,0.08372,0.63070,0,0
1768333692.850316,0.00684,0.04603,-0.02715,0.00044,0.00108,0.00036,0.55087,0.00088,0.22804,-0.00052,0.70683,0.00055,0.70738,1,3,0.99963,0.01029,0.00858,-0.02366,0.06050,0.08372,0.63070,0,0
1768333692.852411,0.00282,0.02897,-0.01912,0.00045,0.00101,0.00024,0.55087,0.00088,0.22804,-0.00052,0.70683,0.00055,0.70738,1,3,0.99963,0.01029,0.00858,-0.02366,0.06050,0.08372,0.63070,0,0
1768333692.854389,0.01961,-0.00903,0.01251,-0.00351,0.00034,0.00067,0.55087,0.00088,0.22804,-0.00052,0.70683,0.00055,0.70738,1,3,0.99963,0.01029,0.00858,-0.02366,0.06050,0.08372,0.63070,0,0
1768333692.856339,-0.02784,-0.00701,-0.00289,0.00176,0.00115,0.00029,0.55090,0.00088,0.22804,-0.00052,0.70683,0.00055,0.70738,1,3,0.99963,0.01029,0.00858,-0.02366,0.06050,0.08372,0.63070,0,0
1768333692.858309,-0.00080,0.01724,-0.01101,0.00009,0.00018,0.00039,0.55090,0.00088,0.22804,-0.00052,0.70683,0.00055,0.70738,1,3,0.99963,0.01029,0.00858,-0.02366,0.06050,0.08372,0.63070,0,0
1768333692.860302,-0.02339,0.00986,-0.05647,0.00131,0.00122,0.00038,0.55094,0.00088,0.22804,-0.00052,0.70683,0.00055,0.70738,1,3,0.99963,0.01029,0.00858,-0.02366,0.06050,0.08372,0.63070,0,0
1768333692.862310,0.02156,0.00903,-0.01070,-0.00132,-0.00008,0.00078,0.55094,0.00088,0.22804,-0.00052,0.70683,0.00055,0.70738,1,3,0.99963,0.01029,0.00858,-0.02366,0.06050,0.08372,0.63070,0,0
1768333692.864324,-0.00510,0.01916,0.00427,-0.00032,0.00074,0.00094,0.55098,0.00088,0.22804,-0.00052,0.70683,0.00055,0.70738,1,3,0.99963,0.01029,0.00858,-0.02366,0.06050,0.08372,0.63070,0,0
1768333692.866312,0.00680,0.01677,-0.04913,0.00074,0.00072,0.00035,0.55098,0.00088,0.22804,-0.00052,0.70683,0.00055,0.70738,1,3,0.99960,0.01032,0.00924,-0.02485,0.06049,0.08369,0.63051,0,0
1768333692.868332,-0.00402,0.01460,-0.01096,-0.00082,0.00022,0.00026,0.55102,0.00088,0.22804,-0.00052,0.70683,0.00055,0.70738,1,3,0.99960,0.01032,0.00924,-0.02485,0.06049,0.08369,0.63051,0,0
1768333692.870334,-0.00870,0.02190,0.01159,-0.00051,0.00064,0.00028,0.55102,0.00088,0.22804,-0.00052,0.70683,0.00055,0.70738,1,3,0.99960,0.01032,0.00924,-0.02485,0.06049,0.08369,0.63051,0,0
1768333692.872332,0.00705,0.00617,-0.00329,0.00017,0.00149,0.00066,0.55107,0.00088,0.22804,-0.00052,0.70683,0.00055,0.70738,1,3,0.99960,0.01032,0.00924,-0.02485,0.06049,0.08369,0.63051,0,0
1768333692.874326,0.00763,0.03620,-0.00393,-0.00034,0.00070,0.00065,0.55111,0.00088,0.22804,-0.00052,0.70683,0.00055,0.70738,1,3,0.99960,0.01032,0.00924,-0.02485,0.06049,0.08369,0.63051,0,0
1768333692.876326,-0.00479,0.01450,-0.01103,-0.00016,0.00061,0.00026,0.55111,0.00088,0.22804,-0.00052,0.70683,0.00055,0.70738,1,3,0.99960,0.01032,0.00924,-0.02485,0.06049,0.08369,0.63051,0,0
1768333692.878330,-0.00896,0.01687,0.00415,-0.00035,0.00078,0.00041,0.55115,0.00088,0.22804,-0.00052,0.70683,0.00055,0.70738,1,3,0.99960,0.01032,0.00924,-0.02485,0.06049,0.08369,0.63051,0,0
1768333692.880340,-0.01844,-0.01168,0.01277,0.00083,0.00004,0.00084,0.55115,0.00088,0.22804,-0.00052,0.70683,0.00055,0.70738,1,3,0.99960,0.01032,0.00924,-0.02485,0.06049,0.08369,0.63051,0,0
1768333692.882446,-0.01717,0.03696,0.01109,-0.00033,0.00073,-0.00012,0.55119,0.00088,0.22804,-0.00052,0.70684,0.00055,0.70738,1,3,0.99960,0.01032,0.00924,-0.02485,0.06049,0.08369,0.63051,0,0
1768333692.884337,0.00289,0.02915,-0.02668,0.00045,0.00076,0.00023,0.55119,0.00088,0.22804,-0.00052,0.70684,0.00055,0.70738,1,3,0.99960,0.01032,0.00924,-0.02485,0.06049,0.08369,0.63051,0,0
1768333692.886329,-0.00516,0.01354,-0.01880,-0.00018,0.00188,0.00025,0.55123,0.00088,0.22804,-0.00052,0.70683,0.00055,0.70738,1,3,0.99960,0.01032,0.00924,-0.02485,0.06049,0.08369,0.63051,0,0
1768333692.888336,-0.03113,0.04473,0.01105,0.00064,0.00090,0.00029,0.55123,0.00088,0.22804,-0.00052,0.70683,0.00055,0.70738,1,3,0.99960,0.01032,0.00924,-0.02485,0.06049,0.08369,0.63051,0,0
1768333692.890336,0.00176,0.05158,0.03396,-0.00255,-0.00064,0.00069,0.55123,0.00088,0.22804,-0.00052,0.70683,0.00055,0.70738,1,3,0.99960,0.01032,0.00924,-0.02485,0.06049,0.08369,0.63051,0,0
1768333692.892333,-0.00932,0.03701,0.01140,-0.00011,0.00027,0.00068,0.55127,0.00088,0.22804,-0.00052,0.70683,0.00055,0.70738,1,3,0.99960,0.01032,0.00924,-0.02485,0.06049,0.08369,0.63051,0,0
1768333692.894343,0.00898,0.01687,-0.00375,-0.00079,0.00030,-0.00042,0.55127,0.00088,0.22804,-0.00052,0.70683,0.00055,0.70738,1,3,0.99960,0.01032,0.00924,-0.02485,0.06049,0.08369,0.63051,0,0
1768333692.896326,-0.00576,-0.00606,0.01229,0.00024,0.00178,0.00082,0.55131,0.00088,0.22804,-0.00052,0.70683,0.00055,0.70738,1,3,0.99960,0.01032,0.00924,-0.02485,0.06049,0.08369,0.63051,0,0
1768333692.898330,-0.01224,-0.01072,0.01991,-0.00113,0.00135,0.00016,0.55131,0.00088,0.22804,-0.00052,0.70683,0.00055,0.70738,1,3,0.99960,0.01032,0.00924,-0.02485,0.06049,0.08369,0.63051,0,0
1768333692.900367,-0.00634,0.00174,-0.01052,-0.00272,0.00026,0.00041,0.55131,0.00088,0.22804,-0.00052,0.70683,0.00055,0.70738,1,3,0.99963,0.01028,0.00799,-0.02375,0.06051,0.08372,0.63068,0,0
1768333692.902356,0.00038,-0.00695,0.00472,-0.00042,-0.00046,-0.00013,0.55135,0.00088,0.22804,-0.00052,0.70684,0.00055,0.70738,1,3,0.99963,0.01028,0.00799,-0.02375,0.06051,0.08372,0.63068,0,0
1768333692.904392,-0.03026,0.00104,-0.03321,0.00033,-0.00022,0.00028,0.55139,0.00088,0.22803,-0.00052,0.70684,0.00055,0.70737,1,3,0.99963,0.01028,0.00799,-0.02375,0.06051,0.08372,0.63068,0,0
1768333692.906348,-0.00097,0.02605,0.00381,-0.00024,0.00144,0.00053,0.55143,0.00088,0.22803,-0.00052,0.70684,0.00055,0.70737,1,3,0.99963,0.01028,0.00799,-0.02375,0.06051,0.08372,0.63068,0,0
1768333692.908361,0.02037,0.03336,-0.01918,-0.00037,0.00080,0.00049,0.55143,0.00088,0.22803,-0.00052,0.70684,0.00055,0.70737,1,3,0.99963,0.01028,0.00799,-0.02375,0.06051,0.08372,0.63068,0,0
1768333692.910408,-0.00523,0.04314,0.00323,-0.00025,0.00185,0.00026,0.55147,0.00088,0.22804,-0.00052,0.70684,0.00055,0.70738,1,3,0.99963,0.01028,0.00799,-0.02375,0.06051,0.08372,0.63068,0,0
1768333692.912415,-0.00870,0.01691,0.01177,-0.00057,0.00065,0.00042,0.55147,0.00088,0.22804,-0.00052,0.70684,0.00055,0.70738,1,3,0.99963,0.01028,0.00799,-0.02375,0.06051,0.08372,0.63068,0,0
1768333692.914354,-0.01506,-0.02898,-0.01748,0.00193,0.00051,0.00028,0.55150,0.00088,0.22803,-0.00052,0.70684,0.00055,0.70738,1,3,0.99963,0.01028,0.00799,-0.02375,0.06051,0.08372,0.63068,0,0
1768333692.916350,-0.03115,0.01126,-0.03359,0.00132,-0.00022,0.00000,0.55150,0.00088,0.22803,-0.00052,0.70684,0.00055,0.70738,1,3,0.99963,0.01028,0.00799,-0.02375,0.06051,0.08372,0.63068,0,0
1768333692.918363,0.00356,-0.00016,-0.01824,0.00010,0.00026,0.00025,0.55154,0.00088,0.22804,-0.00052,0.70684,0.00055,0.70738,1,3,0.99963,0.01028,0.00799,-0.02375,0.06051,0.08372,0.63068,0,0
1768333692.920355,-0.01034,0.03624,-0.05714,0.00054,0.00143,0.00062,0.55154,0.00088,0.22804,-0.00052,0.70684,0.00055,0.70738,1,3,0.99963,0.01028,0.00799,-0.02375,0.06051,0.08372,0.63068,0,0
1768333692.922348,0.00460,0.00870,0.01168,-0.00111,0.00125,0.00000,0.55158,0.00088,0.22804,-0.00052,0.70684,0.00055,0.70738,1,3,0.99963,0.01028,0.00799,-0.02375,0.06051,0.08372,0.63068,0,0
1768333692.924387,-0.01698,-0.00655,0.02755,0.00002,-0.00025,-0.00009,0.55158,0.00088,0.22804,-0.00052,0.70684,0.00055,0.70738,1,3,0.99963,0.01028,0.00799,-0.02375,0.06051,0.08372,0.63068,0,0
1768333692.926364,0.02157,0.02605,-0.01109,-0.00024,-0.00239,-0.00003,0.55158,0.00088,0.22804,-0.00052,0.70684,0.00055,0.70738,1,3,0.99963,0.01028,0.00799,-0.02375,0.06051,0.08372,0.63068,0,0
1768333692.928353,-0.01565,-0.00946,-0.03313,0.00217,0.00076,0.00053,0.55158,0.00088,0.22804,-0.00052,0.70684,0.00055,0.70738,1,3,0.99963,0.01028,0.00799,-0.02375,0.06051,0.08372,0.63068,0,0
1768333692.930364,-0.00878,0.03658,0.00360,-0.00055,0.00076,0.00027,0.55163,0.00088,0.22804,-0.00052,0.70684,0.00055,0.70738,1,3,0.99963,0.01028,0.00799,-0.02375,0.06051,0.08372,0.63068,0,0
1768333692.932369,-0.01552,0.01947,-0.04175,0.00186,0.00162,0.00010,0.55167,0.00088,0.22804,-0.00052,0.70683,0.00055,0.70738,1,3,0.99963,0.01028,0.00799,-0.02375,0.06051,0.08372,0.63068,0,0
1768333692.934349,-0.02047,0.02411,-0.02652,-0.00136,0.00104,-0.00001,0.55167,0.00088,0.22804,-0.00052,0.70683,0.00055,0.70738,1,3,0.99963,0.01028,0.00799,-0.02375,0.06051,0.08372,0.63068,0,0
1768333692.936347,-0.00490,0.03966,0.00366,-0.00008,-0.00005,0.00040,0.55171,0.00088,0.22804,-0.00052,0.70683,0.00055,0.70738,1,3,0.99963,0.01028,0.00799,-0.02375,0.06051,0.08372,0.63068,0,0
1768333692.938364,0.01434,0.03237,-0.02667,0.00180,-0.00014,0.00036,0.55171,0.00088,0.22804,-0.00052,0.70683,0.00055,0.70738,1,3,0.99963,0.01028,0.00799,-0.02375,0.06051,0.08372,0.63068,0,0
1768333692.940368,-0.00226,0.01729,0.02686,0.00140,0.00070,0.00042,0.55175,0.00088,0.22804,-0.00052,0.70683,0.00055,0.70738,1,3,0.99965,0.01042,0.00783,-0.02302,0.06052,0.08374,0.63089,0,0
1768333692.942371,-0.02618,0.00282,0.01964,0.00035,0.00074,0.00004,0.55175,0.00088,0.22804,-0.00052,0.70683,0.00055,0.70738,1,3,0.99965,0.01042,0.00783,-0.02302,0.06052,0.08374,0.63089,0,0
1768333692.944397,0.00367,0.01438,-0.01106,-0.00016,0.00050,0.00025,0.55179,0.00088,0.22804,-0.00052,0.70683,0.00055,0.70738,1,3,0.99965,0.01042,0.00783,-0.02302,0.06052,0.08374,0.63089,0,0
1768333692.946380,-0.03003,-0.00041,0.04288,-0.00078,0.00118,0.00114,0.55179,0.00088,0.22804,-0.00052,0.70683,0.00055,0.70738,1,3,0.99965,0.01042,0.00783,-0.02302,0.06052,0.08374,0.63089,0,0
1768333692.948377,0.01725,0.01688,-0.01895,-0.00057,0.00007,-0.00044,0.55179,0.00088,0.22804,-0.00052,0.70683,0.00055,0.70738,1,3,0.99965,0.01042,0.00783,-0.02302,0.06052,0.08374,0.63089,0,0
1768333692.950388,-0.00936,0.00864,-0.02617,0.00107,-0.00062,-0.00055,0.55179,0.00088,0.22804,-0.00052,0.70683,0.00055,0.70738,1,3,0.99965,0.01042,0.00783,-0.02302,0.06052,0.08374,0.63089,0,0
1768333692.952456,0.00030,0.05603,0.00303,-0.00119,0.00063,0.00012,0.55187,0.00088,0.22804,-0.00052,0.70683,0.00055,0.70738,1,3,0.99965,0.01042,0.00783,-0.02302,0.06052,0.08374,0.63089,0,0
1768333692.954380,-0.00284,0.03048,-0.00383,0.00091,0.00236,0.00119,0.55191,0.00088,0.22805,-0.00052,0.70682,0.00055,0.70739,1,3,0.99965,0.01042,0.00783,-0.02302,0.06052,0.08374,0.63089,0,0
1768333692.956368,-0.00876,0.03525,0.01117,-0.00122,0.00216,0.00068,0.55191,0.00088,0.22805,-0.00052,0.70682,0.00055,0.70739,1,3,0.99965,0.01042,0.00783,-0.02302,0.06052,0.08374,0.63089,0,0
1768333692.958393,0.00016,0.00230,-0.00299,-0.00075,0.00005,0.00040,0.55195,0.00088,0.22805,-0.00052,0.70682,0.00055,0.70739,1,3,0.99965,0.01042,0.00783,-0.02302,0.06052,0.08374,0.63089,0,0
1768333692.960377,0.00686,0.00770,0.01954,0.00107,-0.00004,0.00028,0.55195,0.00088,0.22805,-0.00052,0.70682,0.00055,0.70739,1,3,0.99965,0.01042,0.00783,-0.02302,0.06052,0.08374,0.63089,0,0
1768333692.962383,-0.03395,0.03258,-0.00380,-0.00039,0.00043,0.00002,0.55199,0.00088,0.22805,-0.00052,0.70682,0.00055,0.70739,1,3,0.99965,0.01042,0.00783,-0.02302,0.06052,0.08374,0.63089,0,0
1768333692.964381,0.01037,0.02831,-0.01912,0.00088,0.00169,0.00063,0.55199,0.00088,0.22805,-0.00052,0.70682,0.00055,0.70739,1,3,0.99965,0.01042,0.00783,-0.02302,0.06052,0.08374,0.63089,0,0
1768333692.966384,0.00422,0.01888,-0.01127,-0.00077,0.00087,0.00012,0.55203,0.00088,0.22805,-0.00052,0.70682,0.00055,0.70739,1,3,0.99965,0.01042,0.00783,-0.02302,0.06052,0.08374,0.63089,0,0
1768333692.968407,0.01577,-0.01654,-0.02573,0.00143,-0.00052,-0.00070,0.55203,0.00088,0.22805,-0.00052,0.70682,0.00055,0.70739,1,3,0.99965,0.01042,0.00783,-0.02302,0.06052,0.08374,0.63089,0,0
1768333692.970414,0.00773,0.02228,-0.01878,0.00015,-0.00019,0.00024,0.55203,0.00088,0.22805,-0.00052,0.70682,0.00055,0.70739,1,3,0.99965,0.01042,0.00783,-0.02302,0.06052,0.08374,0.63089,0,0
1768333692.972390,0.00748,0.04577,-0.01195,-0.00022,0.00120,0.00037,0.55203,0.00088,0.22805,-0.00052,0.70682,0.00055,0.70739,1,3,0.99965,0.01042,0.00783,-0.02302,0.06052,0.08374,0.63089,0,0
1768333692.974406,-0.00783,0.01169,-0.01858,-0.00129,0.00077,0.00013,0.55207,0.00088,0.22805,-0.00052,0.70682,0.00055,0.70739,1,3,0.99965,0.01042,0.00783,-0.02302,0.06052,0.08374,0.63089,0,0
1768333692.976420,0.01972,-0.01174,-0.01821,0.00018,0.00199,0.00050,0.55207,0.00088,0.22805,-0.00052,0.70682,0.00055,0.70739,1,3,0.99965,0.01042,0.00783,-0.02302,0.06052,0.08374,0.63089,0,0
1768333692.978409,-0.01702,-0.00741,-0.01797,-0.00043,0.00052,0.00028,0.55211,0.00088,0.22805,-0.00052,0.70682,0.00055,0.70739,1,3,0.99965,0.01042,0.00783,-0.02302,0.06052,0.08374,0.63089,0,0
1768333692.980407,0.00722,0.02716,-0.00364,0.00043,-0.00005,0.00052,0.55211,0.00088,0.22805,-0.00052,0.70682,0.00055,0.70739,1,3,0.99961,0.01024,0.00954,-0.02400,0.06049,0.08370,0.63051,0,0
1768333692.982403,-0.01353,0.01011,0.00460,0.00000,0.00009,0.00082,0.55215,0.00088,0.22805,-0.00052,0.70682,0.00055,0.70739,1,3,0.99961,0.01024,0.00954,-0.02400,0.06049,0.08370,0.63051,0,0
1768333692.984423,0.00438,0.03919,0.02624,-0.00074,0.00021,0.00001,0.55215,0.00088,0.22805,-0.00052,0.70682,0.00055,0.70739,1,3,0.99961,0.01024,0.00954,-0.02400,0.06049,0.08370,0.63051,0,0
1768333692.986398,-0.00641,-0.01566,-0.01808,0.00122,0.00192,0.00026,0.55219,0.00088,0.22805,-0.00052,0.70682,0.00055,0.70739,1,3,0.99961,0.01024,0.00954,-0.02400,0.06049,0.08370,0.63051,0,0
1768333692.988392,0.00072,0.01051,-0.00358,-0.00174,0.00194,0.00013,0.55223,0.00088,0.22805,-0.00052,0.70682,0.00055,0.70739,1,3,0.99961,0.01024,0.00954,-0.02400,0.06049,0.08370,0.63051,0,0
1768333692.990420,0.01737,0.01158,0.00396,-0.00085,0.00046,-0.00029,0.55227,0.00088,0.22805,-0.00052,0.70682,0.00055,0.70739,1,3,0.99961,0.01024,0.00954,-0.02400,0.06049,0.08370,0.63051,0,0
1768333692.992396,0.01320,0.03873,0.01100,-0.00118,0.00036,-0.00001,0.55227,0.00088,0.22805,-0.00052,0.70682,0.00055,0.70739,1,3,0.99961,0.01024,0.00954,-0.02400,0.06049,0.08370,0.63051,0,0
1768333692.994409,-0.00074,0.05216,-0.02707,0.00007,-0.00036,0.00024,0.55231,0.00088,0.22805,-0.00052,0.70682,0.00055,0.70739,1,3,0.99961,0.01024,0.00954,-0.02400,0.06049,0.08370,0.63051,0,0
1768333692.996426,-0.01481,0.03559,-0.00389,0.00162,-0.00018,0.00014,0.55231,0.00088,0.22805,-0.00052,0.70682,0.00055,0.70739,1,3,0.99961,0.01024,0.00954,-0.02400,0.06049,0.08370,0.63051,0,0
1768333692.998415,0.00334,0.02905,-0.00388,0.00001,0.00075,0.00025,0.55231,0.00088,0.22805,-0.00052,0.70682,0.00055,0.70739,1,3,0.99961,0.01024,0.00954,-0.02400,0.06049,0.08370,0.63051,0,0
1768333693.000410,0.01485,0.01549,-0.01881,0.00051,0.00203,0.00077,0.55235,0.00088,0.22805,-0.00052,0.70682,0.00055,0.70739,1,3,0.99961,0.01024,0.00954,-0.02400,0.06049,0.08370,0.63051,0,0
1768333693.002430,0.00350,-0.00031,0.01210,0.00009,0.00052,0.00028,0.55239,0.00088,0.22805,-0.00052,0.70682,0.00055,0.70739,1,3,0.99961,0.01024,0.00954,-0.02400,0.06049,0.08370,0.63051,0,0
1768333693.004411,-0.00494,0.02522,-0.02611,-0.00003,-0.00066,0.00079,0.55239,0.00088,0.22805,-0.00052,0.70682,0.00055,0.70739,1,3,0.99961,0.01024,0.00954,-0.02400,0.06049,0.08370,0.63051,0,0
1768333693.006416,-0.01020,0.03525,-0.04121,-0.00297,-0.00187,0.00092,0.55239,0.00088,0.22805,-0.00052,0.70682,0.00055,0.70739,1,3,0.99961,0.01024,0.00954,-0.02400,0.06049,0.08370,0.63051,0,0
1768333693.008406,0.00025,0.05781,-0.02707,-0.00051,-0.00152,0.00010,0.55243,0.00088,0.22805,-0.00052,0.70682,0.00055,0.70739,1,3,0.99961,0.01024,0.00954,-0.02400,0.06049,0.08370,0.63051,0,0
1768333693.010429,-0.00225,0.01671,-0.04176,0.00139,0.00146,-0.00004,0.55243,0.00088,0.22805,-0.00052,0.70682,0.00055,0.70739,1,3,0.99961,0.01024,0.00954,-0.02400,0.06049,0.08370,0.63051,0,0
1768333693.012428,-0.00202,-0.01244,-0.01055,0.00148,0.00097,-0.00001,0.55243,0.00088,0.22805,-0.00052,0.70682,0.00055,0.70739,1,3,0.99961,0.01024,0.00954,-0.02400,0.06049,0.08370,0.63051,0,0
1768333693.014418,-0.00366,0.01442,0.00387,-0.00082,0.00070,-0.00054,0.55247,0.00088,0.22805,-0.00052,0.70682,0.00055,0.70739,1,3,0.99961,0.01024,0.00954,-0.02400,0.06049,0.08370,0.63051,0,0
1768333693.016440,0.00289,-0.01994,0.02041,0.00051,0.00042,0.00083,0.55251,0.00088,0.22805,-0.00052,0.70682,0.00055,0.70739,1,3,0.99961,0.01024,0.00954,-0.02400,0.06049,0.08370,0.63051,0,0
1768333693.018420,0.00003,0.01185,0.01954,-0.00085,0.00042,0.00055,0.55251,0.00088,0.22805,-0.00052,0.70682,0.00055,0.70739,1,3,0.99965,0.01041,0.00763,-0.02311,0.06053,0.08375,0.63096,0,0
1768333693.020436,0.00366,0.02941,0.00343,0.00023,0.00060,-0.00055,0.55251,0.00088,0.22805,-0.00052,0.70682,0.00055,0.70739,1,3,0.99965,0.01041,0.00763,-0.02311,0.06053,0.08375,0.63096,0,0
1768333693.022430,0.02422,0.02080,-0.03406,-0.00008,0.00102,0.00061,0.55255,0.00088,0.22805,-0.00052,0.70682,0.00055,0.70739,1,3,0.99965,0.01041,0.00763,-0.02311,0.06053,0.08375,0.63096,0,0
1768333693.024420,-0.01086,0.01277,-0.02623,0.00178,0.00055,0.00012,0.55255,0.00088,0.22805,-0.00052,0.70682,0.00055,0.70739,1,3,0.99965,0.01041,0.00763,-0.02311,0.06053,0.08375,0.63096,0,0
1768333693.026419,-0.01808,0.01357,-0.04120,0.00092,-0.00063,0.00012,0.55259,0.00088,0.22805,-0.00052,0.70682,0.00055,0.70739,1,3,0.99965,0.01041,0.00763,-0.02311,0.06053,0.08375,0.63096,0,0
1768333693.028465,-0.02201,-0.01452,-0.01779,0.00036,0.00058,0.00028,0.55263,0.00088,0.22805,-0.00052,0.70682,0.00055,0.70739,1,3,0.99965,0.01041,0.00763,-0.02311,0.06053,0.08375,0.63096,0,0
1768333693.030450,-0.01735,0.00228,-0.01062,-0.00031,0.00077,0.00041,0.55263,0.00088,0.22805,-0.00052,0.70682,0.00055,0.70739,1,3,0.99965,0.01041,0.00763,-0.02311,0.06053,0.08375,0.63096,0,0
1768333693.032449,0.03131,0.00335,0.02761,-0.00292,-0.00006,0.00134,0.55267,0.00088,0.22805,-0.00052,0.70682,0.00055,0.70739,1,3,0.99965,0.01041,0.00763,-0.02311,0.06053,0.08375,0.63096,0,0
1768333693.034443,0.02545,0.03083,0.03403,-0.00105,0.00061,0.00040,0.55267,0.00088,0.22805,-0.00052,0.70682,0.00055,0.70739,1,3,0.99965,0.01041,0.00763,-0.02311,0.06053,0.08375,0.63096,0,0
1768333693.036487,0.00245,0.02931,-0.00391,0.00089,0.00076,0.00025,0.55271,0.00088,0.22805,-0.00052,0.70682,0.00055,0.70739,1,3,0.99965,0.01041,0.00763,-0.02311,0.06053,0.08375,0.63096,0,0
1768333693.038445,-0.02164,0.03475,-0.00371,-0.00036,0.00029,0.00055,0.55271,0.00088,0.22805,-0.00052,0.70682,0.00055,0.70739,1,3,0.99965,0.01041,0.00763,-0.02311,0.06053,0.08375,0.63096,0,0
1768333693.040450,-0.02752,0.00314,-0.02597,0.00166,0.00076,0.00000,0.55275,0.00088,0.22804,-0.00052,0.70682,0.00055,0.70739,1,3,0.99965,0.01041,0.00763,-0.02311,0.06053,0.08375,0.63096,0,0
1768333693.042435,-0.01420,0.01963,0.00412,0.00055,0.00084,0.00055,0.55275,0.00088,0.22804,-0.00052,0.70682,0.00055,0.70739,1,3,0.99965,0.01041,0.00763,-0.02311,0.06053,0.08375,0.63096,0,0
1768333693.044436,0.01601,0.02024,0.01921,-0.00075,0.00176,0.00107,0.55279,0.00088,0.22804,-0.00052,0.70682,0.00055,0.70739,1,3,0.99965,0.01041,0.00763,-0.02311,0.06053,0.08375,0.63096,0,0
1768333693.046458,0.02289,0.00865,-0.01066,-0.00263,-0.00010,0.00078,0.55279,0.00088,0.22804,-0.00052,0.70682,0.00055,0.70739,1,3,0.99965,0.01041,0.00763,-0.02311,0.06053,0.08375,0.63096,0,0
1768333693.048503,-0.00506,0.03570,0.00362,0.00075,-0.00081,-0.00027,0.55279,0.00088,0.22804,-0.00052,0.70682,0.00055,0.70739,1,3,0.99965,0.01041,0.00763,-0.02311,0.06053,0.08375,0.63096,0,0
1768333693.050555,-0.02597,0.04304,-0.00395,0.00018,-0.00043,0.00015,0.55283,0.00088,0.22804,-0.00052,0.70683,0.00055,0.70739,1,3,0.99965,0.01041,0.00763,-0.02311,0.06053,0.08375,0.63096,0,0
1768333693.052507,-0.04293,0.00698,0.02751,-0.00069,0.00159,0.00114,0.55283,0.00088,0.22804,-0.00052,0.70683,0.00055,0.70739,1,3,0.99965,0.01041,0.00763,-0.02311,0.06053,0.08375,0.63096,0,0
1768333693.054459,0.02109,0.00216,-0.01844,-0.00162,0.00234,0.00090,0.55287,0.00088,0.22804,-0.00052,0.70683,0.00055,0.70739,1,3,0.99965,0.01041,0.00763,-0.02311,0.06053,0.08375,0.63096,0,0
1768333693.056466,0.00114,-0.01134,-0.01826,0.00171,0.00259,0.00052,0.55287,0.00088,0.22804,-0.00052,0.70683,0.00055,0.70739,1,3,0.99965,0.01041,0.00763,-0.02311,0.06053,0.08375,0.63096,0,0
1768333693.058463,-0.00045,0.01324,-0.03362,0.00026,-0.00097,0.00011,0.55291,0.00088,0.22804,-0.00052,0.70683,0.00055,0.70738,1,3,0.99962,0.01055,0.00958,-0.02377,0.06049,0.08370,0.63047,0,0
1768333693.060468,-0.04780,0.01732,-0.02615,0.00161,-0.00092,-0.00051,0.55291,0.00088,0.22804,-0.00052,0.70683,0.00055,0.70738,1,3,0.99962,0.01055,0.00958,-0.02377,0.06049,0.08370,0.63047,0,0
1768333693.062465,0.00002,0.04659,0.01104,-0.00087,0.00014,0.00040,0.55295,0.00088,0.22804,-0.00052,0.70683,0.00055,0.70738,1,3,0.99962,0.01055,0.00958,-0.02377,0.06049,0.08370,0.63047,0,0
1768333693.064468,-0.00989,0.01635,-0.02638,0.00029,0.00168,0.00038,0.55299,0.00088,0.22804,-0.00052,0.70683,0.00055,0.70738,1,3,0.99962,0.01055,0.00958,-0.02377,0.06049,0.08370,0.63047,0,0
1768333693.066471,0.08092,0.05246,-1.84998,-0.00387,0.00110,0.00074,0.55299,0.00088,0.22804,-0.00052,0.70683,0.00055,0.70738,1,3,0.99962,0.01055,0.00958,-0.02377,0.06049,0.08370,0.63047,0,0
1768333693.068451,0.05536,0.08451,-1.55537,-0.00938,0.00707,0.00057,0.55303,0.00088,0.22804,-0.00052,0.70683,0.00055,0.70739,1,3,0.99962,0.01055,0.00958,-0.02377,0.06049,0.08370,0.63047,0,0
1768333693.070477,0.07725,0.19343,-0.85378,-0.01504,0.02113,0.00157,0.55303,0.00088,0.22804,-0.00052,0.70683,0.00055,0.70739,1,3,0.99962,0.01055,0.00958,-0.02377,0.06049,0.08370,0.63047,0,0
1768333693.072543,0.12923,0.17126,-1.05078,-0.01422,0.01659,0.00004,0.55307,0.00088,0.22804,-0.00052,0.70683,0.00055,0.70738,1,3,0.99962,0.01055,0.00958,-0.02377,0.06049,0.08370,0.63047,0,0
1768333693.074458,0.28517,0.16945,-1.52401,-0.01817,0.02795,0.00015,0.55307,0.00088,0.22804,-0.00052,0.70683,0.00055,0.70738,1,3,0.99962,0.01055,0.00958,-0.02377,0.06049,0.08370,0.63047,0,0
1768333693.076463,0.33526,0.15528,-1.29564,-0.01724,0.02620,0.00069,0.55311,0.00088,0.22804,-0.00052,0.70683,0.00055,0.70739,1,3,0.99962,0.01055,0.00958,-0.02377,0.06049,0.08370,0.63047,0,0
1768333693.078476,0.14433,0.11790,-0.64623,-0.01005,0.01083,-0.00004,0.55311,0.00088,0.22804,-0.00052,0.70683,0.00055,0.70739,1,3,0.99962,0.01055,0.00958,-0.02377,0.06049,0.08370,0.63047,0,0
1768333693.080509,0.07717,0.06159,-0.50723,-0.00506,0.00787,0.00043,0.55315,0.00088,0.22804,-0.00052,0.70683,0.00055,0.70738,1,3,0.99962,0.01055,0.00958,-0.02377,0.06049,0.08370,0.63047,0,0
1768333693.082476,-0.00307,0.04876,-0.86400,-0.01025,0.01179,0.00009,0.55315,0.00088,0.22804,-0.00052,0.70683,0.00055,0.70738,1,3,0.99962,0.01055,0.00958,-0.02377,0.06049,0.08370,0.63047,0,0
1768333693.084490,0.09072,0.03528,-1.17558,-0.01172,0.01248,0.00003,0.55315,0.00088,0.22804,-0.00052,0.70683,0.00055,0.70738,1,3,0.99962,0.01055,0.00958,-0.02377,0.06049,0.08370,0.63047,0,0
1768333693.086475,0.18211,0.13383,-1.14771,-0.01051,0.01003,0.00047,0.55319,0.00088,0.22804,-0.00052,0.70683,0.00055,0.70738,1,3,0.99962,0.01055,0.00958,-0.02377,0.06049,0.08370,0.63047,0,0
1768333693.088490,0.23131,0.13146,-1.13359,-0.00704,0.01604,0.00095,0.55319,0.00088,0.22804,-0.00052,0.70683,0.00055,0.70738,1,3,0.99962,0.01055,0.00958,-0.02377,0.06049,0.08370,0.63047,0,0
1768333693.090491,0.24080,0.15239,-1.23427,-0.00635,0.02404,0.00069,0.55323,0.00088,0.22804,-0.00052,0.70683,0.00055,0.70738,1,3,0.99962,0.01055,0.00958,-0.02377,0.06049,0.08370,0.63047,0,0
1768333693.092482,0.14298,0.11187,-1.21697,-0.00860,0.02119,0.00083,0.55323,0.00088,0.22804,-0.00052,0.70683,0.00055,0.70738,1,3,0.99962,0.01055,0.00958,-0.02377,0.06049,0.08370,0.63047,0,0
1768333693.094487,0.15477,0.13277,-1.12617,-0.01097,0.01873,0.00035,0.55328,0.00088,0.22804,-0.00052,0.70683,0.00055,0.70738,1,3,0.99962,0.01055,0.00958,-0.02377,0.06049,0.08370,0.63047,0,0
1768333693.096507,0.08593,0.15127,-1.13322,-0.00944,0.01626,0.00122,0.55328,0.00088,0.22804,-0.00052,0.70683,0.00055,0.70738,1,3,0.99962,0.01055,0.00958,-0.02377,0.06049,0.08370,0.63047,0,0
1768333693.098481,0.10410,0.17656,-1.23939,-0.01306,0.01019,0.00074,0.55328,0.00088,0.22804,-0.00052,0.70683,0.00055,0.70738,1,3,0.99962,0.01055,0.00958,-0.02377,0.06049,0.08370,0.63047,0,0
1768333693.100517,0.06813,0.22572,-1.32315,-0.01706,0.00360,-0.00008,0.55332,0.00088,0.22804,-0.00052,0.70683,0.00055,0.70739,1,3,0.99963,0.01027,0.00821,-0.02365,0.06052,0.08373,0.63082,0,0
1768333693.102474,0.00674,0.24824,-1.28458,-0.02226,-0.00012,0.00029,0.55336,0.00088,0.22805,-0.00052,0.70682,0.00055,0.70739,1,3,0.99963,0.01027,0.00821,-0.02365,0.06052,0.08373,0.63082,0,0
1768333693.104517,-0.05325,0.28134,-1.28450,-0.02798,-0.00476,-0.00044,0.55336,0.00088,0.22805,-0.00052,0.70682,0.00055,0.70739,1,3,0.99963,0.01027,0.00821,-0.02365,0.06052,0.08373,0.63082,0,0
1768333693.106506,-0.09505,0.30473,-1.37542,-0.03229,-0.00693,-0.00006,0.55340,0.00088,0.22805,-0.00052,0.70683,0.00055,0.70739,1,3,0.99963,0.01027,0.00821,-0.02365,0.06052,0.08373,0.63082,0,0
1768333693.108474,-0.05546,0.34808,-1.46737,-0.03307,-0.01048,-0.00030,0.55340,0.00088,0.22805,-0.00052,0.70683,0.00055,0.70739,1,3,0.99963,0.01027,0.00821,-0.02365,0.06052,0.08373,0.63082,0,0
1768333693.110526,-0.05044,0.38241,-1.42293,-0.03506,-0.00790,0.00012,0.55344,0.00088,0.22804,-0.00052,0.70683,0.00055,0.70739,1,3,0.99963,0.01027,0.00821,-0.02365,0.06052,0.08373,0.63082,0,0
1768333693.112509,-0.00278,0.41263,-1.39469,-0.03818,-0.00140,-0.00034,0.55348,0.00088,0.22805,-0.00052,0.70682,0.00055,0.70739,1,3,0.99963,0.01027,0.00821,-0.02365,0.06052,0.08373,0.63082,0,0
1768333693.114520,0.02665,0.38408,-1.34176,-0.03547,0.00385,-0.00007,0.55348,0.00088,0.22805,-0.00052,0.70682,0.00055,0.70739,1,3,0.99963,0.01027,0.00821,-0.02365,0.06052,0.08373,0.63082,0,0
1768333693.116628,0.02000,0.32891,-1.33296,-0.03221,0.00345,-0.00072,0.55352,0.00088,0.22805,-0.00052,0.70682,0.00055,0.70739,1,3,0.99963,0.01027,0.00821,-0.02365,0.06052,0.08373,0.63082,0,0
1768333693.118505,0.02954,0.32464,-1.30964,-0.03313,0.00183,-0.00016,0.55352,0.00088,0.22805,-0.00052,0.70682,0.00055,0.70739,1,3,0.99963,0.01027,0.00821,-0.02365,0.06052,0.08373,0.63082,0,0
1768333693.120504,-0.00852,0.30951,-1.29370,-0.03244,0.00052,-0.00024,0.55356,0.00088,0.22805,-0.00052,0.70682,0.00055,0.70740,1,3,0.99963,0.01027,0.00821,-0.02365,0.06052,0.08373,0.63082,0,0
1768333693.122520,-0.02550,0.34621,-1.32448,-0.03200,-0.00184,0.00002,0.55356,0.00088,0.22805,-0.00052,0.70682,0.00055,0.70740,1,3,0.99963,0.01027,0.00821,-0.02365,0.06052,0.08373,0.63082,0,0
1768333693.124501,-0.03602,0.34165,-1.36906,-0.03315,-0.00588,0.00041,0.55360,0.00088,0.22805,-0.00052,0.70682,0.00055,0.70740,1,3,0.99963,0.01027,0.00821,-0.02365,0.06052,0.08373,0.63082,0,0
1768333693.126514,-0.08781,0.33734,-1.45940,-0.03495,-0.00906,0.00001,0.55360,0.00088,0.22805,-0.00052,0.70682,0.00055,0.70740,1,3,0.99963,0.01027,0.00821,-0.02365,0.06052,0.08373,0.63082,0,0
1768333693.128501,-0.07096,0.34691,-1.42946,-0.03483,-0.00902,-0.00026,0.55364,0.00088,0.22805,-0.00052,0.70682,0.00055,0.70740,1,3,0.99963,0.01027,0.00821,-0.02365,0.06052,0.08373,0.63082,0,0
1768333693.130544,-0.08559,0.36979,-1.33874,-0.03325,-0.00887,0.00022,0.55364,0.00088,0.22805,-0.00052,0.70682,0.00055,0.70740,1,3,0.99963,0.01027,0.00821,-0.02365,0.06052,0.08373,0.63082,0,0
1768333693.132508,-0.04154,0.38498,-1.22613,-0.03131,-0.00639,-0.00042,0.55364,0.00088,0.22805,-0.00052,0.70682,0.00055,0.70740,1,3,0.99963,0.01027,0.00821,-0.02365,0.06052,0.08373,0.63082,0,0
1768333693.134514,-0.00711,0.32804,-1.24005,-0.03265,-0.00459,0.00022,0.55368,0.00088,0.22805,-0.00052,0.70682,0.00055,0.70740,1,3,0.99963,0.01027,0.00821,-0.02365,0.06052,0.08373,0.63082,0,0
1768333693.136595,-0.01626,0.31582,-1.23268,-0.03280,-0.00117,0.00009,0.55368,0.00088,0.22805,-0.00052,0.70682,0.00055,0.70740,1,3,0.99963,0.01027,0.00821,-0.02365,0.06052,0.08373,0.63082,0,0
1768333693.138506,-0.01165,0.33312,-1.25581,-0.03325,-0.00162,0.00020,0.55372,0.00088,0.22805,-0.00052,0.70681,0.00055,0.70740,1,3,0.99963,0.01027,0.00821,-0.02365,0.06052,0.08373,0.63082,0,0
1768333693.140502,-0.01749,0.32207,-1.25553,-0.03120,-0.00230,-0.00006,0.55372,0.00088,0.22805,-0.00052,0.70681,0.00055,0.70740,1,3,0.99963,0.01056,0.00817,-0.02349,0.06051,0.08373,0.63079,0,0
1768333693.142598,-0.04031,0.36241,-1.27130,-0.03355,-0.00370,0.00008,0.55376,0.00088,0.22806,-0.00052,0.70681,0.00055,0.70740,1,3,0.99963,0.01056,0.00817,-0.02349,0.06051,0.08373,0.63079,0,0
1768333693.144608,-0.06387,0.36377,-1.28630,-0.03463,-0.00508,-0.00031,0.55376,0.00088,0.22806,-0.00052,0.70681,0.00055,0.70740,1,3,0.99963,0.01056,0.00817,-0.02349,0.06051,0.08373,0.63079,0,0
1768333693.146636,-0.03831,0.36941,-1.30899,-0.03456,-0.00691,-0.00008,0.55380,0.00088,0.22806,-0.00052,0.70681,0.00055,0.70740,1,3,0.99963,0.01056,0.00817,-0.02349,0.06051,0.08373,0.63079,0,0
1768333693.148520,-0.03487,0.33184,-1.27819,-0.03348,-0.00554,-0.00086,0.55384,0.00088,0.22806,-0.00052,0.70681,0.00055,0.70740,1,3,0.99963,0.01056,0.00817,-0.02349,0.06051,0.08373,0.63079,0,0
1768333693.150519,-0.02324,0.31804,-1.25535,-0.03299,-0.00376,-0.00072,0.55384,0.00088,0.22806,-0.00052,0.70681,0.00055,0.70740,1,3,0.99963,0.01056,0.00817,-0.02349,0.06051,0.08373,0.63079,0,0
1768333693.152612,-0.01887,0.32902,-1.25557,-0.03395,-0.00267,-0.00006,0.55388,0.00088,0.22806,-0.00052,0.70681,0.00055,0.70740,1,3,0.99963,0.01056,0.00817,-0.02349,0.06051,0.08373,0.63079,0,0
1768333693.154530,-0.00801,0.31874,-1.24821,-0.03342,0.00089,0.00033,0.55388,0.00088,0.22806,-0.00052,0.70681,0.00055,0.70740,1,3,0.99963,0.01056,0.00817,-0.02349,0.06051,0.08373,0.63079,0,0
1768333693.156521,-0.02495,0.35373,-1.25665,-0.03344,0.00081,0.00020,0.55392,0.00088,0.22805,-0.00052,0.70681,0.00055,0.70740,1,3,0.99963,0.01056,0.00817,-0.02349,0.06051,0.08373,0.63079,0,0
1768333693.158520,0.01003,0.32448,-1.28617,-0.03400,-0.00098,0.00015,0.55392,0.00088,0.22805,-0.00052,0.70681,0.00055,0.70740,1,3,0.99963,0.01056,0.00817,-0.02349,0.06051,0.08373,0.63079,0,0
1768333693.160529,-0.02068,0.35225,-1.29446,-0.03302,-0.00051,0.00003,0.55396,0.00088,0.22805,-0.00052,0.70681,0.00055,0.70740,1,3,0.99963,0.01056,0.00817,-0.02349,0.06051,0.08373,0.63079,0,0
1768333693.162537,-0.01855,0.33917,-1.27865,-0.03405,-0.00307,-0.00035,0.55396,0.00088,0.22805,-0.00052,0.70681,0.00055,0.70740,1,3,0.99963,0.01056,0.00817,-0.02349,0.06051,0.08373,0.63079,0,0
1768333693.164574,-0.05967,0.31942,-1.25512,-0.03058,-0.00370,-0.00028,0.55400,0.00088,0.22805,-0.00052,0.70682,0.00055,0.70739,1,3,0.99963,0.01056,0.00817,-0.02349,0.06051,0.08373,0.63079,0,0
1768333693.166537,-0.02307,0.33326,-1.20213,-0.03346,-0.00466,0.00013,0.55400,0.00088,0.22805,-0.00052,0.70682,0.00055,0.70739,1,3,0.99963,0.01056,0.00817,-0.02349,0.06051,0.08373,0.63079,0,0
1768333693.168531,-0.05338,0.33654,-1.24759,-0.03277,-0.00467,0.00026,0.55400,0.00088,0.22805,-0.00052,0.70682,0.00055,0.70739,1,3,0.99963,0.01056,0.00817,-0.02349,0.06051,0.08373,0.63079,0,0
1768333693.170542,-0.01497,0.34776,-1.27112,-0.03307,-0.00439,-0.00034,0.55404,0.00088,0.22805,-0.00052,0.70682,0.00055,0.70739,1,3,0.99963,0.01056,0.00817,-0.02349,0.06051,0.08373,0.63079,0,0
1768333693.172550,-0.04553,0.34486,-1.28641,-0.03245,-0.00262,-0.00047,0.55404,0.00088,0.22805,-0.00052,0.70682,0.00055,0.70739,1,3,0.99963,0.01056,0.00817,-0.02349,0.06051,0.08373,0.63079,0,0
1768333693.174539,-0.00620,0.33090,-1.27846,-0.03415,-0.00244,0.00005,0.55408,0.00088,0.22805,-0.00052,0.70682,0.00055,0.70739,1,3,0.99963,0.01056,0.00817,-0.02349,0.06051,0.08373,0.63079,0,0
1768333693.176528,-0.03134,0.35613,-1.28667,-0.03428,-0.00242,-0.00021,0.55408,0.00088,0.22805,-0.00052,0.70682,0.00055,0.70739,1,3,0.99963,0.01056,0.00817,-0.02349,0.06051,0.08373,0.63079,0,0
1768333693.178533,-0.00284,0.30909,-1.30828,-0.03310,-0.00272,0.00002,0.55412,0.00088,0.22804,-0.00052,0.70682,0.00055,0.70739,1,3,0.99963,0.01056,0.00817,-0.02349,0.06051,0.08373,0.63079,1,0
1768333693.180523,-0.02351,0.35268,-1.26371,-0.03301,-0.00404,-0.00047,0.55412,0.00088,0.22804,-0.00052,0.70682,0.00055,0.70739,1,3,0.99962,0.01038,0.00686,-0.02449,0.06066,0.08371,0.63109,1,0
1768333693.182520,-0.02727,0.31077,-1.27773,-0.03330,-0.00408,-0.00033,0.55416,0.00088,0.22804,-0.00052,0.70683,0.00055,0.70739,1,3,0.99962,0.01038,0.00686,-0.02449,0.06066,0.08371,0.63109,1,0
1768333693.184539,-0.06440,0.34884,-1.31654,-0.03394,-0.00455,-0.00073,0.55416,0.00088,0.22804,-0.00052,0.70683,0.00055,0.70739,1,3,0.99962,0.01038,0.00686,-0.02449,0.06066,0.08371,0.63109,1,0
1768333693.186546,-0.07221,0.33072,-1.33827,-0.03416,-0.00672,-0.00019,0.55420,0.00088,0.22804,-0.00052,0.70683,0.00055,0.70739,1,3,0.99962,0.01038,0.00686,-0.02449,0.06066,0.08371,0.63109,1,0
1768333693.188558,-0.06294,0.33712,-1.22427,-0.03429,-0.00875,-0.00024,0.55424,0.00088,0.22804,-0.00052,0.70683,0.00055,0.70739,1,3,0.99962,0.01038,0.00686,-0.02449,0.06066,0.08371,0.63109,1,0
1768333693.190551,-0.05622,0.32581,-1.25500,-0.03290,-0.00642,-0.00082,0.55424,0.00088,0.22804,-0.00052,0.70683,0.00055,0.70739,1,3,0.99962,0.01038,0.00686,-0.02449,0.06066,0.08371,0.63109,1,0
1768333693.192539,-0.04799,0.36347,-1.27903,-0.03354,-0.00464,-0.00072,0.55428,0.00088,0.22804,-0.00052,0.70683,0.00055,0.70738,1,3,0.99962,0.01038,0.00686,-0.02449,0.06066,0.08371,0.63109,1,0
1768333693.194539,-0.03127,0.32783,-1.28571,-0.03375,-0.00392,-0.00020,0.55428,0.00088,0.22804,-0.00052,0.70683,0.00055,0.70738,1,3,0.99962,0.01038,0.00686,-0.02449,0.06066,0.08371,0.63109,1,0
1768333693.196560,-0.04142,0.34610,-1.20256,-0.03550,-0.00522,-0.00079,0.55432,0.00088,0.22803,-0.00052,0.70683,0.00055,0.70738,1,3,0.99962,0.01038,0.00686,-0.02449,0.06066,0.08371,0.63109,1,0
1768333693.198577,-0.00284,0.36006,-1.26377,-0.03270,-0.00467,-0.00009,0.55432,0.00088,0.22803,-0.00052,0.70683,0.00055,0.70738,1,3,0.99962,0.01038,0.00686,-0.02449,0.06066,0.08371,0.63109,1,0
1768333693.200542,-0.02798,0.37044,-1.25643,-0.03280,-0.00450,-0.00033,0.55436,0.00088,0.22804,-0.00052,0.70683,0.00055,0.70738,1,3,0.99962,0.01038,0.00686,-0.02449,0.06066,0.08371,0.63109,1,0
1768333693.202563,-0.02419,0.33288,-1.24784,-0.03259,-0.00388,0.00009,0.55436,0.00088,0.22804,-0.00052,0.70683,0.00055,0.70738,1,3,0.99962,0.01038,0.00686,-0.02449,0.06066,0.08371,0.63109,1,0
1768333693.204601,-0.02490,0.31232,-1.23969,-0.03241,-0.00283,0.00064,0.55439,0.00088,0.22803,-0.00052,0.70684,0.00055,0.70737,1,3,0.99962,0.01038,0.00686,-0.02449,0.06066,0.08371,0.63109,1,0
1768333693.206542,-0.00803,0.31274,-1.24000,-0.03174,-0.00343,-0.00019,0.55439,0.00088,0.22803,-0.00052,0.70684,0.00055,0.70737,1,3,0.99962,0.01038,0.00686,-0.02449,0.06066,0.08371,0.63109,1,0
1768333693.208535,-0.03291,0.35654,-1.24875,-0.03275,-0.00227,-0.00018,0.55443,0.00088,0.22803,-0.00052,0.70684,0.00055,0.70737,1,3,0.99962,0.01038,0.00686,-0.02449,0.06066,0.08371,0.63109,1,0
1768333693.210550,-0.03606,0.36268,-1.27183,-0.03420,-0.00110,-0.00020,0.55443,0.00088,0.22803,-0.00052,0.70684,0.00055,0.70737,1,3,0.99962,0.01038,0.00686,-0.02449,0.06066,0.08371,0.63109,1,0
1768333693.212551,-0.02622,0.40196,-1.32586,-0.03569,-0.00188,-0.00013,0.55447,0.00088,0.22803,-0.00052,0.70684,0.00055,0.70738,1,3,0.99962,0.01038,0.00686,-0.02449,0.06066,0.08371,0.63109,1,0
1768333693.214559,-0.01742,0.38720,-1.31028,-0.03587,-0.00222,-0.00012,0.55447,0.00088,0.22803,-0.00052,0.70684,0.00055,0.70738,1,3,0.99962,0.01038,0.00686,-0.02449,0.06066,0.08371,0.63109,1,0
1768333693.216554,-0.03906,0.36123,-1.18027,-0.03509,-0.00258,0.00015,0.55447,0.00088,0.22803,-0.00052,0.70684,0.00055,0.70738,1,3,0.99962,0.01038,0.00686,-0.02449,0.06066,0.08371,0.63109,1,0
1768333693.218560,-0.01469,0.32607,-1.16452,-0.03399,-0.00197,-0.00013,0.55447,0.00088,0.22803,-0.00052,0.70684,0.00055,0.70738,1,3,0.99962,0.01038,0.00686,-0.02449,0.06066,0.08371,0.63109,1,0
1768333693.220556,-0.02354,0.35133,-1.18798,-0.03346,-0.00226,-0.00041,0.55451,0.00088,0.22803,-0.00052,0.70684,0.00055,0.70738,1,3,0.99962,0.01038,0.00686,-0.02449,0.06066,0.08371,0.63109,1,0
1768333693.222558,-0.00578,0.32346,-1.29323,-0.03336,-0.00524,-0.00049,0.55455,0.00088,0.22803,-0.00052,0.70684,0.00055,0.70737,1,3,0.99965,0.01122,0.00759,-0.02266,0.06088,0.08364,0.63107,1,0
1768333693.224569,-0.05562,0.33841,-1.24048,-0.03428,-0.00403,-0.00081,0.55455,0.00088,0.22803,-0.00052,0.70684,0.00055,0.70737,1,3,0.99965,0.01122,0.00759,-0.02266,0.06088,0.08364,0.63107,1,0
1768333693.226586,-0.05328,0.34856,-1.22508,-0.03656,-0.00545,-0.00026,0.55459,0.00088,0.22803,-0.00052,0.70684,0.00055,0.70737,1,3,0.99965,0.01122,0.00759,-0.02266,0.06088,0.08364,0.63107,1,0
1768333693.228620,-0.02130,0.37312,-1.27140,-0.03495,-0.00585,-0.00020,0.55459,0.00088,0.22803,-0.00052,0.70684,0.00055,0.70737,1,3,0.99965,0.01122,0.00759,-0.02266,0.06088,0.08364,0.63107,1,0
1768333693.230570,-0.03959,0.32971,-1.26280,-0.03307,-0.00573,-0.00057,0.55459,0.00088,0.22803,-0.00052,0.70684,0.00055,0.70737,1,3,0.99965,0.01122,0.00759,-0.02266,0.06088,0.08364,0.63107,1,0
1768333693.232566,-0.06881,0.34127,-1.26305,-0.03403,-0.00424,-0.00028,0.55468,0.00088,0.22803,-0.00052,0.70684,0.00055,0.70737,1,3,0.99965,0.01122,0.00759,-0.02266,0.06088,0.08364,0.63107,1,0
1768333693.234568,-0.00877,0.37463,-1.27917,-0.03515,-0.00511,-0.00009,0.55468,0.00088,0.22803,-0.00052,0.70684,0.00055,0.70737,1,3,0.99965,0.01122,0.00759,-0.02266,0.06088,0.08364,0.63107,1,0
1768333693.236586,-0.05981,0.33080,-1.27829,-0.03437,-0.00371,-0.00084,0.55472,0.00088,0.22803,-0.00052,0.70684,0.00055,0.70737,1,3,0.99965,0.01122,0.00759,-0.02266,0.06088,0.08364,0.63107,1,0
1768333693.238563,-0.04380,0.31587,-1.18689,-0.03346,-0.00352,-0.00078,0.55472,0.00088,0.22803,-0.00052,0.70684,0.00055,0.70737,1,3,0.99965,0.01122,0.00759,-0.02266,0.06088,0.08364,0.63107,1,0
1768333693.240597,-0.03981,0.29383,-1.17874,-0.03307,-0.00368,-0.00077,0.55476,0.00088,0.22803,-0.00052,0.70684,0.00055,0.70737,1,3,0.99965,0.01122,0.00759,-0.02266,0.06088,0.08364,0.63107,1,0
1768333693.242609,-0.03312,0.33102,-1.27076,-0.03305,-0.00148,0.00048,0.55476,0.00088,0.22803,-0.00052,0.70684,0.00055,0.70737,1,3,0.99965,0.01122,0.00759,-0.02266,0.06088,0.08364,0.63107,1,0
1768333693.244600,-0.03217,0.32688,-1.32426,-0.03289,-0.00214,-0.00104,0.55480,0.00088,0.22803,-0.00052,0.70684,0.00055,0.70737,1,3,0.99965,0.01122,0.00759,-0.02266,0.06088,0.08364,0.63107,1,0
1768333693.246565,-0.04874,0.35707,-1.27135,-0.03362,-0.00284,-0.00018,0.55480,0.00088,0.22803,-0.00052,0.70684,0.00055,0.70737,1,3,0.99965,0.01122,0.00759,-0.02266,0.06088,0.08364,0.63107,1,0
1768333693.248572,-0.01787,0.35450,-1.24074,-0.03474,-0.00410,0.00009,0.55484,0.00088,0.22803,-0.00052,0.70684,0.00055,0.70737,1,3,0.99965,0.01122,0.00759,-0.02266,0.06088,0.08364,0.63107,1,0
1768333693.250551,-0.02066,0.32016,-1.21721,-0.03209,-0.00328,0.00025,0.55484,0.00088,0.22803,-0.00052,0.70684,0.00055,0.70737,1,3,0.99965,0.01122,0.00759,-0.02266,0.06088,0.08364,0.63107,1,0
1768333693.252557,-0.02820,0.30964,-1.22482,-0.03288,-0.00230,-0.00029,0.55484,0.00088,0.22803,-0.00052,0.70684,0.00055,0.70737,1,3,0.99965,0.01122,0.00759,-0.02266,0.06088,0.08364,0.63107,1,0
1768333693.254584,-0.02388,0.30341,-1.27778,-0.03230,-0.00374,-0.00073,0.55484,0.00088,0.22803,-0.00052,0.70684,0.00055,0.70737,1,3,0.99965,0.01122,0.00759,-0.02266,0.06088,0.08364,0.63107,1,0
1768333693.256580,-0.01667,0.31666,-1.24777,-0.03214,-0.00205,0.00008,0.55488,0.00088,0.22803,-0.00052,0.70684,0.00055,0.70737,1,3,0.99965,0.01122,0.00759,-0.02266,0.06088,0.08364,0.63107,1,0
1768333693.258576,-0.02293,0.36210,-1.22577,-0.03399,-0.00392,0.00010,0.55492,0.00088,0.22803,-0.00052,0.70684,0.00055,0.70737,1,3,0.99965,0.01122,0.00759,-0.02266,0.06088,0.08364,0.63107,1,0
1768333693.260644,-0.00646,0.33723,-1.24825,-0.03320,-0.00372,-0.00047,0.55492,0.00088,0.22803,-0.00052,0.70684,0.00055,0.70737,1,3,0.99965,0.01122,0.00759,-0.02266,0.06088,0.08364,0.63107,1,0
1768333693.262581,-0.02823,0.34361,-1.21047,-0.03334,-0.00181,-0.00002,0.55496,0.00088,0.22803,-0.00052,0.70684,0.00055,0.70737,1,3,0.99965,0.01122,0.00759,-0.02266,0.06088,0.08364,0.63107,1,0
1768333693.264599,-0.02003,0.31987,-1.22480,-0.03275,-0.00316,0.00024,0.55496,0.00088,0.22803,-0.00052,0.70684,0.00055,0.70737,1,3,0.99968,0.01216,0.00562,-0.02155,0.06076,0.08409,0.63182,1,0
1768333693.266597,-0.03389,0.33722,-1.24802,-0.03189,-0.00262,0.00036,0.55496,0.00088,0.22803,-0.00052,0.70684,0.00055,0.70737,1,3,0.99968,0.01216,0.00562,-0.02155,0.06076,0.08409,0.63182,1,0
1768333693.268590,-0.03053,0.33726,-1.25590,-0.03429,-0.00331,-0.00085,0.55500,0.00088,0.22803,-0.00052,0.70684,0.00055,0.70737,1,3,0.99968,0.01216,0.00562,-0.02155,0.06076,0.08409,0.63182,1,0
1768333693.270595,-0.03210,0.36239,-1.21836,-0.03311,-0.00356,-0.00029,0.55500,0.00088,0.22803,-0.00052,0.70684,0.00055,0.70737,1,3,0.99968,0.01216,0.00562,-0.02155,0.06076,0.08409,0.63182,1,0
1768333693.272586,-0.00354,0.31118,-1.18651,-0.03176,-0.00475,0.00012,0.55508,0.00088,0.22803,-0.00052,0.70684,0.00055,0.70737,1,3,0.99968,0.01216,0.00562,-0.02155,0.06076,0.08409,0.63182,1,0
1768333693.274580,-0.02451,0.34758,-1.21788,-0.03242,-0.00363,0.00011,0.55508,0.00088,0.22803,-0.00052,0.70684,0.00055,0.70737,1,3,0.99968,0.01216,0.00562,-0.02155,0.06076,0.08409,0.63182,1,0
1768333693.276652,-0.01166,0.32440,-1.27804,-0.03291,-0.00312,0.00046,0.55512,0.00088,0.22803,-0.00052,0.70684,0.00055,0.70738,1,3,0.99968,0.01216,0.00562,-0.02155,0.06076,0.08409,0.63182,1,0
1768333693.278589,-0.06114,0.33477,-1.31651,-0.03367,-0.00230,-0.00060,0.55512,0.00088,0.22803,-0.00052,0.70684,0.00055,0.70738,1,3,0.99968,0.01216,0.00562,-0.02155,0.06076,0.08409,0.63182,1,0
1768333693.280609,-0.02576,0.35972,-1.29381,-0.03533,-0.00463,0.00032,0.55516,0.00088,0.22803,-0.00052,0.70684,0.00055,0.70738,1,3,0.99968,0.01216,0.00562,-0.02155,0.06076,0.08409,0.63182,1,0
1768333693.282592,-0.01827,0.36610,-1.25624,-0.03350,-0.00576,-0.00060,0.55516,0.00088,0.22803,-0.00052,0.70684,0.00055,0.70738,1,3,0.99968,0.01216,0.00562,-0.02155,0.06076,0.08409,0.63182,1,0
1768333693.284608,-0.05208,0.35733,-1.27085,-0.03339,-0.00623,-0.00030,0.55521,0.00088,0.22804,-0.00052,0.70683,0.00055,0.70738,1,3,0.99968,0.01216,0.00562,-0.02155,0.06076,0.08409,0.63182,1,0
1768333693.286595,-0.03975,0.33426,-1.29343,-0.03302,-0.00522,-0.00073,0.55521,0.00088,0.22804,-0.00052,0.70683,0.00055,0.70738,1,3,0.99968,0.01216,0.00562,-0.02155,0.06076,0.08409,0.63182,1,0
1768333693.288622,-0.02733,0.35592,-1.30912,-0.03319,-0.00513,-0.00036,0.55521,0.00088,0.22804,-0.00052,0.70683,0.00055,0.70738,1,3,0.99968,0.01216,0.00562,-0.02155,0.06076,0.08409,0.63182,1,0
1768333693.290684,-0.01942,0.34080,-1.21012,-0.03272,-0.00458,-0.00029,0.55521,0.00088,0.22804,-0.00052,0.70683,0.00055,0.70738,1,3,0.99968,0.01216,0.00562,-0.02155,0.06076,0.08409,0.63182,1,0
1768333693.292610,-0.02399,0.33775,-1.21005,-0.03275,-0.00376,-0.00002,0.55525,0.00088,0.22803,-0.00052,0.70684,0.00055,0.70738,1,3,0.99968,0.01216,0.00562,-0.02155,0.06076,0.08409,0.63182,1,0
1768333693.294605,-0.00199,0.33437,-1.24830,-0.03345,-0.00340,-0.00061,0.55525,0.00088,0.22803,-0.00052,0.70684,0.00055,0.70738,1,3,0.99968,0.01216,0.00562,-0.02155,0.06076,0.08409,0.63182,1,0
1768333693.296610,-0.02835,0.30434,-1.21729,-0.03272,-0.00166,-0.00055,0.55529,0.00088,0.22803,-0.00052,0.70684,0.00055,0.70738,1,3,0.99968,0.01216,0.00562,-0.02155,0.06076,0.08409,0.63182,1,0
1768333693.298596,-0.01537,0.37595,-1.23433,-0.03317,-0.00238,-0.00073,0.55529,0.00088,0.22803,-0.00052,0.70684,0.00055,0.70738,1,3,0.99968,0.01216,0.00562,-0.02155,0.06076,0.08409,0.63182,1,0
1768333693.300609,-0.01987,0.36448,-1.22624,-0.03265,-0.00321,-0.00058,0.55533,0.00089,0.22803,-0.00052,0.70684,0.00055,0.70738,1,3,0.99972,0.01316,0.00983,-0.01728,0.06131,0.08473,0.63490,1,0
1768333693.302604,-0.04533,0.37682,-1.21831,-0.03687,-0.00417,0.00013,0.55533,0.00089,0.22803,-0.00052,0.70684,0.00055,0.70738,1,3,0.99972,0.01316,0.00983,-0.01728,0.06131,0.08473,0.63490,1,0
1768333693.304642,-0.01413,0.32624,-1.22521,-0.03442,-0.00248,-0.00017,0.55537,0.00089,0.22804,-0.00052,0.70683,0.00055,0.70738,1,3,0.99972,0.01316,0.00983,-0.01728,0.06131,0.08473,0.63490,1,0
1768333693.306603,-0.03041,0.35665,-1.25614,-0.03493,-0.00332,-0.00019,0.55537,0.00089,0.22804,-0.00052,0.70683,0.00055,0.70738,1,3,0.99972,0.01316,0.00983,-0.01728,0.06131,0.08473,0.63490,1,0
1768333693.308645,-0.01902,0.36471,-1.22596,-0.03352,-0.00397,-0.00018,0.55541,0.00089,0.22803,-0.00052,0.70684,0.00055,0.70738,1,3,0.99972,0.01316,0.00983,-0.01728,0.06131,0.08473,0.63490,1,0
1768333693.310622,-0.01463,0.36654,-1.25643,-0.03393,-0.00351,-0.00007,0.55545,0.00089,0.22804,-0.00052,0.70683,0.00055,0.70738,1,3,0.99972,0.01316,0.00983,-0.01728,0.06131,0.08473,0.63490,1,0
1768333693.312632,-0.02631,0.35411,-1.26376,-0.03474,-0.00324,-0.00033,0.55545,0.00089,0.22804,-0.00052,0.70683,0.00055,0.70738,1,3,0.99972,0.01316,0.00983,-0.01728,0.06131,0.08473,0.63490,1,0
1768333693.314602,-0.05096,0.33542,-1.22535,-0.03475,-0.00357,-0.00094,0.55549,0.00089,0.22804,-0.00052,0.70683,0.00055,0.70738,1,3,0.99972,0.01316,0.00983,-0.01728,0.06131,0.08473,0.63490,1,0
1768333693.316616,-0.02374,0.33278,-1.22504,-0.03303,-0.00388,0.00011,0.55549,0.00089,0.22804,-0.00052,0.70683,0.00055,0.70738,1,3,0.99972,0.01316,0.00983,-0.01728,0.06131,0.08473,0.63490,1,0
1768333693.318613,-0.00479,0.34702,-1.21795,-0.03483,-0.00426,-0.00031,0.55553,0.00089,0.22803,-0.00052,0.70684,0.00055,0.70738,1,3,0.99972,0.01316,0.00983,-0.01728,0.06131,0.08473,0.63490,1,0
1768333693.320625,-0.06940,0.34854,-1.18740,-0.03700,-0.00476,-0.00102,0.55553,0.00089,0.22803,-0.00052,0.70684,0.00055,0.70738,1,3,0.99972,0.01316,0.00983,-0.01728,0.06131,0.08473,0.63490,1,0
1768333693.322644,-0.02930,0.35701,-1.23322,-0.03580,-0.00409,-0.00016,0.55557,0.00089,0.22804,-0.00052,0.70684,0.00055,0.70738,1,3,0.99972,0.01316,0.00983,-0.01728,0.06131,0.08473,0.63490,1,0
1768333693.324634,-0.04462,0.37070,-1.21820,-0.03323,-0.00455,0.00013,0.55557,0.00089,0.22804,-0.00052,0.70684,0.00055,0.70738,1,3,0.99972,0.01316,0.00983,-0.01728,0.06131,0.08473,0.63490,1,0
1768333693.326647,-0.00567,0.35730,-1.17276,-0.03383,-0.00426,-0.00055,0.55561,0.00088,0.22803,-0.00052,0.70684,0.00055,0.70737,1,3,0.99972,0.01316,0.00983,-0.01728,0.06131,0.08473,0.63490,1,0
1768333693.328624,-0.05353,0.31146,-1.23210,-0.03242,-0.00377,-0.00027,0.55561,0.00088,0.22803,-0.00052,0.70684,0.00055,0.70737,1,3,0.99972,0.01316,0.00983,-0.01728,0.06131,0.08473,0.63490,1,0
1768333693.330644,-0.03997,0.37698,-1.30984,-0.03381,-0.00347,-0.00036,0.55561,0.00088,0.22803,-0.00052,0.70684,0.00055,0.70737,1,3,0.99972,0.01316,0.00983,-0.01728,0.06131,0.08473,0.63490,1,0
1768333693.332633,-0.01399,0.37117,-1.25643,-0.03475,-0.00352,0.00020,0.55565,0.00089,0.22803,-0.00052,0.70684,0.00055,0.70737,1,3,0.99972,0.01316,0.00983,-0.01728,0.06131,0.08473,0.63490,1,0
1768333693.334633,-0.00905,0.37391,-1.24893,-0.03515,-0.00409,-0.00007,0.55565,0.00089,0.22803,-0.00052,0.70684,0.00055,0.70737,1,3,0.99972,0.01316,0.00983,-0.01728,0.06131,0.08473,0.63490,1,0
1768333693.336637,-0.04624,0.33678,-1.18734,-0.03583,-0.00274,-0.00038,0.55569,0.00089,0.22803,-0.00052,0.70684,0.00055,0.70737,1,3,0.99972,0.01316,0.00983,-0.01728,0.06131,0.08473,0.63490,1,0
1768333693.338630,-0.01696,0.35866,-1.25617,-0.03578,-0.00348,-0.00006,0.55569,0.00089,0.22803,-0.00052,0.70684,0.00055,0.70737,1,3,0.99964,0.01403,0.01046,-0.02018,0.06127,0.08428,0.63238,1,0
1768333693.340632,-0.02223,0.37198,-1.21849,-0.03452,-0.00407,-0.00017,0.55573,0.00088,0.22803,-0.00052,0.70684,0.00055,0.70738,1,3,0.99964,0.01403,0.01046,-0.02018,0.06127,0.08428,0.63238,1,0
1768333693.342635,-0.01579,0.37228,-1.21843,-0.03277,-0.00414,0.00023,0.55573,0.00088,0.22803,-0.00052,0.70684,0.00055,0.70738,1,3,0.99964,0.01403,0.01046,-0.02018,0.06127,0.08428,0.63238,1,0
1768333693.344756,-0.02363,0.35721,-1.23323,-0.03339,-0.00378,0.00023,0.55577,0.00089,0.22803,-0.00052,0.70684,0.00055,0.70737,1,3,0.99964,0.01403,0.01046,-0.02018,0.06127,0.08428,0.63238,1,0
1768333693.346628,-0.01451,0.32651,-1.25557,-0.03398,-0.00272,-0.00020,0.55581,0.00089,0.22803,-0.00052,0.70684,0.00055,0.70737,1,3,0.99964,0.01403,0.01046,-0.02018,0.06127,0.08428,0.63238,1,0
1768333693.348638,-0.01387,0.33188,-1.30120,-0.03436,-0.00350,-0.00037,0.55581,0.00089,0.22803,-0.00052,0.70684,0.00055,0.70737,1,3,0.99964,0.01403,0.01046,-0.02018,0.06127,0.08428,0.63238,1,0
1768333693.350719,-0.01028,0.37310,-1.24119,-0.03473,-0.00305,0.00074,0.55585,0.00089,0.22803,-0.00052,0.70684,0.00055,0.70737,1,3,0.99964,0.01403,0.01046,-0.02018,0.06127,0.08428,0.63238,1,0
1768333693.352731,-0.00244,0.34858,-1.21047,-0.03371,-0.00288,0.00022,0.55585,0.00089,0.22803,-0.00052,0.70684,0.00055,0.70737,1,3,0.99964,0.01403,0.01046,-0.02018,0.06127,0.08428,0.63238,1,0
1768333693.354746,-0.03505,0.28544,-1.20904,-0.03383,-0.00284,-0.00080,0.55589,0.00089,0.22803,-0.00052,0.70684,0.00055,0.70737,1,3,0.99964,0.01403,0.01046,-0.02018,0.06127,0.08428,0.63238,1,0
1768333693.356667,-0.01021,0.32386,-1.22522,-0.03401,-0.00252,-0.00031,0.55589,0.00089,0.22803,-0.00052,0.70684,0.00055,0.70737,1,3,0.99964,0.01403,0.01046,-0.02018,0.06127,0.08428,0.63238,1,0
1768333693.358651,-0.03204,0.34564,-1.21051,-0.03397,-0.00139,0.00012,0.55593,0.00089,0.22803,-0.00052,0.70684,0.00055,0.70737,1,3,0.99964,0.01403,0.01046,-0.02018,0.06127,0.08428,0.63238,1,0
1768333693.360669,-0.00868,0.37357,-1.26414,-0.03560,-0.00384,-0.00008,0.55593,0.00089,0.22803,-0.00052,0.70684,0.00055,0.70737,1,3,0.99964,0.01403,0.01046,-0.02018,0.06127,0.08428,0.63238,1,0
1768333693.362653,-0.02535,0.35896,-1.26370,-0.03578,-0.00363,-0.00006,0.55593,0.00089,0.22803,-0.00052,0.70684,0.00055,0.70737,1,3,0.99964,0.01403,0.01046,-0.02018,0.06127,0.08428,0.63238,1,0
1768333693.364691,-0.01377,0.33705,-1.25560,-0.03451,-0.00388,-0.00006,0.55593,0.00089,0.22803,-0.00052,0.70684,0.00055,0.70737,1,3,0.99964,0.01403,0.01046,-0.02018,0.06127,0.08428,0.63238,1,0
1768333693.366651,-0.05572,0.30403,-1.23194,-0.03404,-0.00412,-0.00066,0.55597,0.00089,0.22803,-0.00052,0.70684,0.00055,0.70737,1,3,0.99964,0.01403,0.01046,-0.02018,0.06127,0.08428,0.63238,1,0
1768333693.368658,-0.03239,0.36789,-1.21088,-0.03261,-0.00407,-0.00042,0.55601,0.00089,0.22803,-0.00052,0.70684,0.00055,0.70737,1,3,0.99964,0.01403,0.01046,-0.02018,0.06127,0.08428,0.63238,1,0
1768333693.370665,-0.00081,0.35592,-1.23294,-0.03428,-0.00634,0.00008,0.55601,0.00089,0.22803,-0.00052,0.70684,0.00055,0.70737,1,3,0.99964,0.01403,0.01046,-0.02018,0.06127,0.08428,0.63238,1,0
1768333693.372653,-0.04976,0.37630,-1.24876,-0.03557,-0.00590,-0.00083,0.55605,0.00089,0.22803,-0.00052,0.70684,0.00055,0.70737,1,3,0.99964,0.01403,0.01046,-0.02018,0.06127,0.08428,0.63238,1,0
1768333693.374661,-0.03487,0.35086,-1.23275,-0.03434,-0.00516,0.00025,0.55605,0.00089,0.22803,-0.00052,0.70684,0.00055,0.70737,1,3,0.99964,0.01403,0.01046,-0.02018,0.06127,0.08428,0.63238,1,0
1768333693.376650,-0.02406,0.33259,-1.20231,-0.03282,-0.00350,0.00012,0.55609,0.00089,0.22803,-0.00052,0.70684,0.00055,0.70737,1,3,0.99964,0.01403,0.01046,-0.02018,0.06127,0.08428,0.63238,1,0
1768333693.378837,-0.03246,0.35772,-1.22575,-0.03273,-0.00380,-0.00016,0.55609,0.00089,0.22803,-0.00052,0.70684,0.00055,0.70737,1,3,0.99960,0.01420,0.00586,-0.02383,0.06143,0.08398,0.63155,1,0
1768333693.380823,-0.00910,0.37951,-1.24160,-0.03465,-0.00462,-0.00060,0.55613,0.00089,0.22803,-0.00052,0.70684,0.00055,0.70737,1,3,0.99960,0.01420,0.00586,-0.02383,0.06143,0.08398,0.63155,1,0
1768333693.382694,-0.04675,0.36211,-1.27137,-0.03530,-0.00363,-0.00032,0.55613,0.00089,0.22803,-0.00052,0.70684,0.00055,0.70737,1,3,0.99960,0.01420,0.00586,-0.02383,0.06143,0.08398,0.63155,1,0
1768333693.384703,-0.02909,0.39599,-1.26478,-0.03620,-0.00362,-0.00047,0.55617,0.00089,0.22802,-0.00052,0.70685,0.00055,0.70737,1,3,0.99960,0.01420,0.00586,-0.02383,0.06143,0.08398,0.63155,1,0
1768333693.386677,-0.02119,0.35664,-1.28665,-0.03537,-0.00369,-0.00062,0.55621,0.00089,0.22802,-0.00052,0.70685,0.00055,0.70737,1,3,0.99960,0.01420,0.00586,-0.02383,0.06143,0.08398,0.63155,1,0
1768333693.388661,-0.01405,0.32707,-1.29342,-0.03419,-0.00361,-0.00022,0.55621,0.00089,0.22802,-0.00052,0.70685,0.00055,0.70737,1,3,0.99960,0.01420,0.00586,-0.02383,0.06143,0.08398,0.63155,1,0
1768333693.390712,-0.00278,0.32491,-1.20995,-0.03269,-0.00363,-0.00030,0.55625,0.00089,0.22802,-0.00052,0.70685,0.00055,0.70737,1,3,0.99960,0.01420,0.00586,-0.02383,0.06143,0.08398,0.63155,1,0
1768333693.392777,-0.02690,0.31915,-1.27071,-0.03407,-0.00232,-0.00060,0.55625,0.00089,0.22802,-0.00052,0.70685,0.00055,0.70737,1,3,0.99960,0.01420,0.00586,-0.02383,0.06143,0.08398,0.63155,1,0
1768333693.394706,-0.03464,0.34818,-1.33947,-0.03547,-0.00223,0.00016,0.55629,0.00089,0.22802,-0.00052,0.70685,0.00055,0.70737,1,3,0.99960,0.01420,0.00586,-0.02383,0.06143,0.08398,0.63155,1,0
1768333693.396685,-0.00744,0.33956,-1.27840,-0.03623,-0.00472,-0.00035,0.55629,0.00089,0.22802,-0.00052,0.70685,0.00055,0.70737,1,3,0.99960,0.01420,0.00586,-0.02383,0.06143,0.08398,0.63155,1,0
1768333693.398668,-0.01524,0.36197,-1.21085,-0.03312,-0.00351,-0.00030,0.55634,0.00089,0.22803,-0.00052,0.70684,0.00055,0.70737,1,3,0.99960,0.01420,0.00586,-0.02383,0.06143,0.08398,0.63155,1,0
1768333693.400688,-0.00947,0.38500,-1.19653,-0.03371,-0.00463,-0.00151,0.55634,0.00089,0.22803,-0.00052,0.70684,0.00055,0.70737,1,3,0.99960,0.01420,0.00586,-0.02383,0.06143,0.08398,0.63155,1,0
1768333693.402669,-0.02594,0.36376,-1.25654,-0.03506,-0.00300,-0.00060,0.55638,0.00089,0.22802,-0.00052,0.70685,0.00055,0.70737,1,3,0.99960,0.01420,0.00586,-0.02383,0.06143,0.08398,0.63155,1,0
1768333693.404661,-0.03003,0.33140,-1.27046,-0.03567,-0.00304,0.00048,0.55638,0.00089,0.22802,-0.00052,0.70685,0.00055,0.70737,1,3,0.99960,0.01420,0.00586,-0.02383,0.06143,0.08398,0.63155,1,0
1768333693.406680,-0.04385,0.32990,-1.22518,-0.03394,-0.00289,-0.00041,0.55642,0.00089,0.22803,-0.00052,0.70685,0.00055,0.70737,1,3,0.99960,0.01420,0.00586,-0.02383,0.06143,0.08398,0.63155,1,0
1768333693.408655,-0.02405,0.36250,-1.15004,-0.03267,-0.00366,-0.00025,0.55642,0.00089,0.22803,-0.00052,0.70685,0.00055,0.70737,1,3,0.99960,0.01420,0.00586,-0.02383,0.06143,0.08398,0.63155,1,0
1768333693.410689,-0.01607,0.40151,-1.14368,-0.03242,-0.00316,-0.00053,0.55642,0.00089,0.22803,-0.00052,0.70685,0.00055,0.70737,1,3,0.99960,0.01420,0.00586,-0.02383,0.06143,0.08398,0.63155,1,0
1768333693.412691,-0.03048,0.36276,-1.22577,-0.03442,-0.00459,-0.00029,0.55646,0.00089,0.22803,-0.00052,0.70684,0.00055,0.70737,1,3,0.99960,0.01420,0.00586,-0.02383,0.06143,0.08398,0.63155,1,0
1768333693.414762,-0.03580,0.37137,-1.21072,-0.03781,-0.00403,-0.00014,0.55646,0.00089,0.22803,-0.00052,0.70684,0.00055,0.70737,1,3,0.99960,0.01420,0.00586,-0.02383,0.06143,0.08398,0.63155,1,0
1768333693.416714,-0.04682,0.37115,-1.18798,-0.03585,-0.00275,0.00028,0.55650,0.00089,0.22803,-0.00052,0.70684,0.00055,0.70737,1,3,0.99958,0.01505,0.00694,-0.02374,0.06211,0.08344,0.63161,1,0
1768333693.418701,-0.01309,0.37958,-1.22641,-0.03618,-0.00214,0.00035,0.55650,0.00089,0.22803,-0.00052,0.70684,0.00055,0.70737,1,3,0.99958,0.01505,0.00694,-0.02374,0.06211,0.08344,0.63161,1,0
1768333693.420733,-0.03580,0.37881,-1.27180,-0.03422,-0.00301,0.00020,0.55654,0.00089,0.22803,-0.00052,0.70684,0.00055,0.70737,1,3,0.99958,0.01505,0.00694,-0.02374,0.06211,0.08344,0.63161,1,0
1768333693.423232,-0.03011,0.35246,-1.24063,-0.03498,-0.00433,-0.00003,0.55658,0.00089,0.22803,-0.00052,0.70684,0.00055,0.70737,1,3,0.99958,0.01505,0.00694,-0.02374,0.06211,0.08344,0.63161,1,0
1768333693.424695,-0.02229,0.35196,-1.19520,-0.03455,-0.00367,-0.00001,0.55658,0.00089,0.22803,-0.00052,0.70684,0.00055,0.70737,1,3,0.99958,0.01505,0.00694,-0.02374,0.06211,0.08344,0.63161,1,0
1768333693.426689,-0.01945,0.34997,-1.21042,-0.03304,-0.00383,-0.00016,0.55662,0.00089,0.22804,-0.00052,0.70684,0.00055,0.70738,1,3,0.99958,0.01505,0.00694,-0.02374,0.06211,0.08344,0.63161,1,0
1768333693.428735,-0.02744,0.35920,-1.25605,-0.03402,-0.00335,0.00035,0.55662,0.00089,0.22804,-0.00052,0.70684,0.00055,0.70738,1,3,0.99958,0.01505,0.00694,-0.02374,0.06211,0.08344,0.63161,1,0
1768333693.430768,-0.02604,0.36654,-1.18024,-0.03874,-0.00466,-0.00039,0.55666,0.00089,0.22803,-0.00052,0.70684,0.00055,0.70737,1,3,0.99958,0.01505,0.00694,-0.02374,0.06211,0.08344,0.63161,1,0
1768333693.432687,-0.02975,0.36690,-1.28642,-0.03568,-0.00434,0.00033,0.55666,0.00089,0.22803,-0.00052,0.70684,0.00055,0.70737,1,3,0.99958,0.01505,0.00694,-0.02374,0.06211,0.08344,0.63161,1,0
1768333693.434700,-0.04771,0.33422,-1.14917,-0.03826,-0.00336,-0.00047,0.55670,0.00089,0.22803,-0.00052,0.70684,0.00055,0.70737,1,3,0.99958,0.01505,0.00694,-0.02374,0.06211,0.08344,0.63161,1,0
1768333693.436697,-0.00738,0.32608,-1.18722,-0.03311,-0.00205,0.00025,0.55670,0.00089,0.22803,-0.00052,0.70684,0.00055,0.70737,1,3,0.99958,0.01505,0.00694,-0.02374,0.06211,0.08344,0.63161,1,0
1768333693.438700,-0.03284,0.29783,-1.17882,-0.03236,-0.00261,-0.00011,0.55674,0.00089,0.22803,-0.00052,0.70684,0.00055,0.70737,1,3,0.99958,0.01505,0.00694,-0.02374,0.06211,0.08344,0.63161,1,0
1768333693.440687,-0.02691,0.32059,-1.24047,-0.03318,-0.00360,-0.00138,0.55674,0.00089,0.22803,-0.00052,0.70684,0.00055,0.70737,1,3,0.99958,0.01505,0.00694,-0.02374,0.06211,0.08344,0.63161,1,0
1768333693.442684,-0.02298,0.36500,-1.27943,-0.03461,-0.00151,-0.00009,0.55674,0.00089,0.22803,-0.00052,0.70684,0.00055,0.70737,1,3,0.99958,0.01505,0.00694,-0.02374,0.06211,0.08344,0.63161,1,0
1768333693.444702,-0.03392,0.37314,-1.24157,-0.03582,-0.00241,-0.00045,0.55678,0.00089,0.22803,-0.00052,0.70684,0.00055,0.70738,1,3,0.99958,0.01505,0.00694,-0.02374,0.06211,0.08344,0.63161,1,0
1768333693.446682,-0.02318,0.39138,-1.24973,-0.03363,-0.00319,-0.00074,0.55678,0.00089,0.22803,-0.00052,0.70684,0.00055,0.70738,1,3,0.99958,0.01505,0.00694,-0.02374,0.06211,0.08344,0.63161,1,0
1768333693.448710,-0.02755,0.33477,-1.24786,-0.03366,-0.00346,0.00023,0.55682,0.00089,0.22803,-0.00052,0.70684,0.00055,0.70738,1,3,0.99958,0.01505,0.00694,-0.02374,0.06211,0.08344,0.63161,1,0
1768333693.450707,-0.02549,0.35868,-1.23356,-0.03556,-0.00300,-0.00044,0.55682,0.00089,0.22803,-0.00052,0.70684,0.00055,0.70738,1,3,0.99958,0.01505,0.00694,-0.02374,0.06211,0.08344,0.63161,1,0
1768333693.452755,-0.05625,0.30828,-1.18671,-0.03377,-0.00298,-0.00077,0.55686,0.00089,0.22803,-0.00052,0.70684,0.00055,0.70738,1,3,0.99950,0.01576,0.00992,-0.02544,0.06228,0.08317,0.63054,1,0
1768333693.454728,-0.01027,0.33992,-1.16465,-0.03360,-0.00394,-0.00026,0.55686,0.00089,0.22803,-0.00052,0.70684,0.00055,0.70738,1,3,0.99950,0.01576,0.00992,-0.02544,0.06228,0.08317,0.63054,1,0
1768333693.456722,-0.00257,0.33985,-1.10416,-0.03273,-0.00353,-0.00063,0.55691,0.00089,0.22804,-0.00052,0.70683,0.00055,0.70738,1,3,0.99950,0.01576,0.00992,-0.02544,0.06228,0.08317,0.63054,1,0
1768333693.458721,-0.02240,0.34741,-1.17996,-0.03417,-0.00392,-0.00026,0.55691,0.00089,0.22804,-0.00052,0.70683,0.00055,0.70738,1,3,0.99950,0.01576,0.00992,-0.02544,0.06228,0.08317,0.63054,1,0
1768333693.460721,-0.01849,0.37340,-1.22629,-0.03451,-0.00284,-0.00005,0.55695,0.00089,0.22804,-0.00052,0.70683,0.00055,0.70738,1,3,0.99950,0.01576,0.00992,-0.02544,0.06228,0.08317,0.63054,1,0
1768333693.462709,-0.02635,0.38315,-1.25700,-0.03505,-0.00263,-0.00033,0.55699,0.00089,0.22804,-0.00052,0.70683,0.00055,0.70738,1,3,0.99950,0.01576,0.00992,-0.02544,0.06228,0.08317,0.63054,1,0
1768333693.464712,-0.01856,0.39304,-1.20391,-0.03470,-0.00285,0.00023,0.55699,0.00089,0.22804,-0.00052,0.70683,0.00055,0.70738,1,3,0.99950,0.01576,0.00992,-0.02544,0.06228,0.08317,0.63054,1,0
1768333693.466750,-0.04989,0.37470,-1.21105,-0.03602,-0.00387,-0.00080,0.55703,0.00089,0.22804,-0.00052,0.70683,0.00055,0.70738,1,3,0.99950,0.01576,0.00992,-0.02544,0.06228,0.08317,0.63054,1,0
1768333693.468783,-0.02027,0.36134,-1.22569,-0.03662,-0.00395,0.00010,0.55703,0.00089,0.22804,-0.00052,0.70683,0.00055,0.70738,1,3,0.99950,0.01576,0.00992,-0.02544,0.06228,0.08317,0.63054,1,0
1768333693.470713,-0.03866,0.32683,-1.22484,-0.03529,-0.00294,0.00026,0.55707,0.00089,0.22804,-0.00052,0.70683,0.00055,0.70738,1,3,0.99950,0.01576,0.00992,-0.02544,0.06228,0.08317,0.63054,1,0
1768333693.472708,-0.01889,0.32962,-1.21751,-0.03373,-0.00331,-0.00003,0.55707,0.00089,0.22804,-0.00052,0.70683,0.00055,0.70738,1,3,0.99950,0.01576,0.00992,-0.02544,0.06228,0.08317,0.63054,1,0
1768333693.474740,-0.05202,0.32959,-1.21779,-0.03417,-0.00216,-0.00080,0.55711,0.00089,0.22804,-0.00052,0.70683,0.00055,0.70738,1,3,0.99950,0.01576,0.00992,-0.02544,0.06228,0.08317,0.63054,1,0
1768333693.476745,-0.03345,0.35874,-1.27889,-0.03622,-0.00328,-0.00006,0.55711,0.00089,0.22804,-0.00052,0.70683,0.00055,0.70738,1,3,0.99950,0.01576,0.00992,-0.02544,0.06228,0.08317,0.63054,1,0
1768333693.478799,-0.02076,0.34217,-1.24804,-0.03576,-0.00431,-0.00018,0.55711,0.00089,0.22804,-0.00052,0.70683,0.00055,0.70738,1,3,0.99950,0.01576,0.00992,-0.02544,0.06228,0.08317,0.63054,1,0
1768333693.480746,0.00306,0.36212,-1.18037,-0.03420,-0.00462,-0.00029,0.55715,0.00089,0.22804,-0.00052,0.70683,0.00055,0.70738,1,3,0.99950,0.01576,0.00992,-0.02544,0.06228,0.08317,0.63054,1,0
1768333693.482741,-0.02370,0.36220,-1.17302,-0.03289,-0.00329,-0.00067,0.55715,0.00089,0.22804,-0.00052,0.70683,0.00055,0.70738,1,3,0.99950,0.01576,0.00992,-0.02544,0.06228,0.08317,0.63054,1,0
1768333693.484743,-0.02231,0.38666,-1.22649,-0.03456,-0.00395,-0.00018,0.55719,0.00089,0.22804,-0.00052,0.70683,0.00055,0.70738,1,3,0.99950,0.01576,0.00992,-0.02544,0.06228,0.08317,0.63054,1,0
1768333693.486755,-0.02882,0.37129,-1.22623,-0.03628,-0.00348,-0.00057,0.55719,0.00089,0.22804,-0.00052,0.70683,0.00055,0.70738,1,3,0.99950,0.01576,0.00992,-0.02544,0.06228,0.08317,0.63054,1,0
1768333693.488728,-0.03757,0.38185,-1.21113,-0.03594,-0.00402,-0.00042,0.55723,0.00089,0.22804,-0.00052,0.70684,0.00055,0.70738,1,3,0.99950,0.01576,0.00992,-0.02544,0.06228,0.08317,0.63054,1,0
1768333693.490756,-0.00888,0.33960,-1.20998,-0.03513,-0.00432,0.00011,0.55723,0.00089,0.22804,-0.00052,0.70684,0.00055,0.70738,1,3,0.99949,0.01631,0.00971,-0.02570,0.06249,0.08311,0.63057,1,0
1768333693.492767,-0.06163,0.35633,-1.15724,-0.03756,-0.00269,-0.00007,0.55727,0.00089,0.22804,-0.00052,0.70683,0.00055,0.70738,1,3,0.99949,0.01631,0.00971,-0.02570,0.06249,0.08311,0.63057,1,0
1768333693.494786,0.00393,0.37040,-1.24149,-0.03563,-0.00324,-0.00021,0.55727,0.00089,0.22804,-0.00052,0.70683,0.00055,0.70738,1,3,0.99949,0.01631,0.00971,-0.02570,0.06249,0.08311,0.63057,1,0
1768333693.496752,-0.02082,0.36062,-1.21084,-0.03619,-0.00268,-0.00030,0.55731,0.00089,0.22804,-0.00052,0.70683,0.00055,0.70738,1,3,0.99949,0.01631,0.00971,-0.02570,0.06249,0.08311,0.63057,1,0
1768333693.498782,-0.03364,0.37316,-1.20340,-0.03626,-0.00266,-0.00001,0.55731,0.00089,0.22804,-0.00052,0.70683,0.00055,0.70738,1,3,0.99949,0.01631,0.00971,-0.02570,0.06249,0.08311,0.63057,1,0
1768333693.500730,-0.02593,0.36872,-1.22616,-0.03522,-0.00313,-0.00030,0.55735,0.00089,0.22804,-0.00052,0.70683,0.00055,0.70738,1,3,0.99949,0.01631,0.00971,-0.02570,0.06249,0.08311,0.63057,1,0
1768333693.502777,-0.03697,0.32268,-1.17179,-0.03600,-0.00386,-0.00077,0.55735,0.00089,0.22804,-0.00052,0.70683,0.00055,0.70738,1,3,0.99949,0.01631,0.00971,-0.02570,0.06249,0.08311,0.63057,1,0
1768333693.504731,-0.03069,0.35593,-1.22590,-0.03494,-0.00230,-0.00016,0.55739,0.00089,0.22804,-0.00052,0.70683,0.00055,0.70738,1,3,0.99949,0.01631,0.00971,-0.02570,0.06249,0.08311,0.63057,1,0
1768333693.506759,-0.02039,0.36675,-1.21080,-0.03612,-0.00421,-0.00043,0.55743,0.00089,0.22804,-0.00052,0.70683,0.00055,0.70738,1,3,0.99949,0.01631,0.00971,-0.02570,0.06249,0.08311,0.63057,1,0
1768333693.508790,-0.02067,0.38582,-1.18852,-0.03632,-0.00346,-0.00015,0.55743,0.00089,0.22804,-0.00052,0.70683,0.00055,0.70738,1,3,0.99949,0.01631,0.00971,-0.02570,0.06249,0.08311,0.63057,1,0
1768333693.510771,-0.01631,0.36353,-1.18056,-0.03616,-0.00325,-0.00054,0.55747,0.00089,0.22804,-0.00052,0.70683,0.00055,0.70738,1,3,0.99949,0.01631,0.00971,-0.02570,0.06249,0.08311,0.63057,1,0
1768333693.512754,-0.00530,0.35557,-1.22598,-0.03494,-0.00261,-0.00019,0.55747,0.00089,0.22804,-0.00052,0.70683,0.00055,0.70738,1,3,0.99949,0.01631,0.00971,-0.02570,0.06249,0.08311,0.63057,1,0
1768333693.514781,-0.03501,0.32956,-1.20261,-0.03417,-0.00262,-0.00081,0.55751,0.00089,0.22804,-0.00052,0.70684,0.00055,0.70738,1,3,0.99949,0.01631,0.00971,-0.02570,0.06249,0.08311,0.63057,1,0
1768333693.516773,-0.02583,0.35843,-1.25641,-0.03535,-0.00262,-0.00046,0.55751,0.00089,0.22804,-0.00052,0.70684,0.00055,0.70738,1,3,0.99949,0.01631,0.00971,-0.02570,0.06249,0.08311,0.63057,1,0
1768333693.518754,-0.05793,0.33423,-1.21004,-0.03673,-0.00260,-0.00052,0.55751,0.00089,0.22804,-0.00052,0.70684,0.00055,0.70738,1,3,0.99949,0.01631,0.00971,-0.02570,0.06249,0.08311,0.63057,1,0
1768333693.520747,0.00404,0.38996,-1.21169,-0.03583,-0.00300,-0.00033,0.55751,0.00089,0.22804,-0.00052,0.70684,0.00055,0.70738,1,3,0.99949,0.01631,0.00971,-0.02570,0.06249,0.08311,0.63057,1,0
1768333693.522750,-0.02328,0.37116,-1.18832,-0.03388,-0.00266,-0.00015,0.55755,0.00089,0.22803,-0.00052,0.70684,0.00055,0.70738,1,3,0.99949,0.01631,0.00971,-0.02570,0.06249,0.08311,0.63057,1,0
1768333693.524774,-0.01453,0.38541,-1.18877,-0.03436,-0.00240,-0.00016,0.55759,0.00089,0.22803,-0.00052,0.70684,0.00055,0.70738,1,3,0.99949,0.01631,0.00971,-0.02570,0.06249,0.08311,0.63057,1,0
1768333693.526752,-0.01165,0.34923,-1.21084,-0.03720,-0.00126,-0.00044,0.55759,0.00089,0.22803,-0.00052,0.70684,0.00055,0.70738,1,3,0.99949,0.01631,0.00971,-0.02570,0.06249,0.08311,0.63057,1,0
1768333693.528753,-0.03506,0.38072,-1.19593,-0.03857,-0.00354,-0.00040,0.55763,0.00089,0.22803,-0.00052,0.70684,0.00055,0.70738,1,3,0.99952,0.01680,0.00899,-0.02461,0.06275,0.08310,0.63092,1,0
1768333693.530786,-0.01921,0.33795,-1.22537,-0.03428,-0.00165,0.00050,0.55763,0.00089,0.22803,-0.00052,0.70684,0.00055,0.70738,1,3,0.99952,0.01680,0.00899,-0.02461,0.06275,0.08310,0.63092,1,0
1768333693.532777,-0.02988,0.36485,-1.13523,-0.03592,-0.00119,-0.00037,0.55763,0.00089,0.22803,-0.00052,0.70684,0.00055,0.70738,1,3,0.99952,0.01680,0.00899,-0.02461,0.06275,0.08310,0.63092,1,0
1768333693.534805,-0.00461,0.36174,-1.21833,-0.03508,-0.00427,-0.00031,0.55771,0.00089,0.22803,-0.00052,0.70684,0.00055,0.70738,1,3,0.99952,0.01680,0.00899,-0.02461,0.06275,0.08310,0.63092,1,0
1768333693.536777,-0.00928,0.37258,-1.22619,-0.03561,-0.00256,0.00035,0.55771,0.00089,0.22803,-0.00052,0.70684,0.00055,0.70738,1,3,0.99952,0.01680,0.00899,-0.02461,0.06275,0.08310,0.63092,1,0
1768333693.538796,-0.02148,0.37001,-1.21856,-0.03608,-0.00216,0.00023,0.55771,0.00089,0.22803,-0.00052,0.70684,0.00055,0.70738,1,3,0.99952,0.01680,0.00899,-0.02461,0.06275,0.08310,0.63092,1,0
1768333693.540791,-0.02329,0.38602,-1.20388,-0.03392,-0.00280,-0.00016,0.55775,0.00089,0.22803,-0.00052,0.70684,0.00055,0.70737,1,3,0.99952,0.01680,0.00899,-0.02461,0.06275,0.08310,0.63092,1,0
1768333693.543171,-0.01332,0.33577,-1.21797,-0.03518,-0.00224,-0.00044,0.55779,0.00089,0.22803,-0.00052,0.70684,0.00055,0.70737,1,3,0.99952,0.01680,0.00899,-0.02461,0.06275,0.08310,0.63092,1,0
1768333693.544768,-0.01742,0.35803,-1.23334,-0.03578,-0.00271,0.00036,0.55779,0.00089,0.22803,-0.00052,0.70684,0.00055,0.70737,1,3,0.99952,0.01680,0.00899,-0.02461,0.06275,0.08310,0.63092,1,0
1768333693.546779,-0.01433,0.33063,-1.19493,-0.03459,-0.00184,0.00012,0.55783,0.00089,0.22803,-0.00052,0.70684,0.00055,0.70737,1,3,0.99952,0.01680,0.00899,-0.02461,0.06275,0.08310,0.63092,1,0
1768333693.548775,-0.02195,0.35082,-1.21036,-0.03544,-0.00265,0.00038,0.55783,0.00089,0.22803,-0.00052,0.70684,0.00055,0.70737,1,3,0.99952,0.01680,0.00899,-0.02461,0.06275,0.08310,0.63092,1,0
1768333693.550806,-0.00544,0.38499,-1.19639,-0.03502,-0.00238,-0.00018,0.55783,0.00089,0.22803,-0.00052,0.70684,0.00055,0.70737,1,3,0.99952,0.01680,0.00899,-0.02461,0.06275,0.08310,0.63092,1,0
1768333693.552768,-0.01669,0.36731,-1.26412,-0.03655,-0.00222,0.00006,0.55783,0.00089,0.22803,-0.00052,0.70684,0.00055,0.70737,1,3,0.99952,0.01680,0.00899,-0.02461,0.06275,0.08310,0.63092,1,0
1768333693.554786,-0.02512,0.38176,-1.27213,-0.03681,-0.00162,0.00006,0.55787,0.00089,0.22803,-0.00052,0.70684,0.00055,0.70737,1,3,0.99952,0.01680,0.00899,-0.02461,0.06275,0.08310,0.63092,1,0
1768333693.556768,-0.01172,0.36586,-1.25650,-0.03656,-0.00355,-0.00047,0.55787,0.00089,0.22803,-0.00052,0.70684,0.00055,0.70737,1,3,0.99952,0.01680,0.00899,-0.02461,0.06275,0.08310,0.63092,1,0
1768333693.558783,-0.02022,0.34104,-1.18742,-0.03665,-0.00305,-0.00013,0.55791,0.00089,0.22803,-0.00052,0.70684,0.00055,0.70737,1,3,0.99952,0.01680,0.00899,-0.02461,0.06275,0.08310,0.63092,1,0
1768333693.560770,-0.02312,0.33682,-1.17216,-0.03386,-0.00289,0.00001,0.55791,0.00089,0.22803,-0.00052,0.70684,0.00055,0.70737,1,3,0.99952,0.01680,0.00899,-0.02461,0.06275,0.08310,0.63092,1,0
1768333693.562806,-0.04147,0.30309,-1.14081,-0.03230,-0.00276,0.00020,0.55795,0.00089,0.22803,-0.00052,0.70684,0.00055,0.70737,1,3,0.99952,0.01680,0.00899,-0.02461,0.06275,0.08310,0.63092,1,0
1768333693.564809,-0.00232,0.35325,-1.18790,-0.03387,-0.00251,0.00011,0.55795,0.00089,0.22803,-0.00052,0.70684,0.00055,0.70737,1,3,0.99954,0.01752,0.00698,-0.02373,0.06298,0.08305,0.63107,1,0
1768333693.566801,-0.01294,0.37508,-1.20354,-0.03601,-0.00253,0.00010,0.55799,0.00089,0.22803,-0.00052,0.70684,0.00055,0.70737,1,3,0.99954,0.01752,0.00698,-0.02373,0.06298,0.08305,0.63107,1,0
1768333693.568792,-0.01640,0.39797,-1.21930,-0.03639,-0.00340,-0.00031,0.55799,0.00089,0.22803,-0.00052,0.70684,0.00055,0.70737,1,3,0.99954,0.01752,0.00698,-0.02373,0.06298,0.08305,0.63107,1,0
1768333693.570815,-0.03078,0.37614,-1.18824,-0.03491,-0.00295,0.00013,0.55803,0.00089,0.22803,-0.00052,0.70684,0.00055,0.70738,1,3,0.99954,0.01752,0.00698,-0.02373,0.06298,0.08305,0.63107,1,0
1768333693.572801,-0.02226,0.39975,-1.21194,-0.03528,-0.00193,-0.00018,0.55807,0.00089,0.22803,-0.00052,0.70684,0.00055,0.70738,1,3,0.99954,0.01752,0.00698,-0.02373,0.06298,0.08305,0.63107,1,0
1768333693.574792,-0.04179,0.35782,-1.21049,-0.03688,-0.00203,0.00040,0.55807,0.00089,0.22803,-0.00052,0.70684,0.00055,0.70738,1,3,0.99954,0.01752,0.00698,-0.02373,0.06298,0.08305,0.63107,1,0
1768333693.576817,-0.04604,0.35067,-1.12654,-0.03697,-0.00223,0.00088,0.55811,0.00089,0.22803,-0.00052,0.70684,0.00055,0.70738,1,3,0.99954,0.01752,0.00698,-0.02373,0.06298,0.08305,0.63107,1,0
1768333693.578795,-0.01734,0.37812,-1.21106,-0.03576,-0.00311,0.00024,0.55811,0.00089,0.22803,-0.00052,0.70684,0.00055,0.70738,1,3,0.99954,0.01752,0.00698,-0.02373,0.06298,0.08305,0.63107,1,0
1768333693.580830,-0.01829,0.37332,-1.16554,-0.03472,-0.00272,0.00000,0.55815,0.00089,0.22803,-0.00052,0.70684,0.00055,0.70738,1,3,0.99954,0.01752,0.00698,-0.02373,0.06298,0.08305,0.63107,1,0
1768333693.582786,-0.02341,0.35667,-1.20328,-0.03340,-0.00278,-0.00056,0.55815,0.00089,0.22803,-0.00052,0.70684,0.00055,0.70738,1,3,0.99954,0.01752,0.00698,-0.02373,0.06298,0.08305,0.63107,1,0
1768333693.584820,-0.00491,0.36022,-1.18803,-0.03554,-0.00249,0.00011,0.55819,0.00089,0.22803,-0.00052,0.70684,0.00055,0.70738,1,3,0.99954,0.01752,0.00698,-0.02373,0.06298,0.08305,0.63107,1,0
1768333693.586818,-0.02875,0.38139,-1.22637,-0.03638,-0.00387,-0.00044,0.55819,0.00089,0.22803,-0.00052,0.70684,0.00055,0.70738,1,3,0.99954,0.01752,0.00698,-0.02373,0.06298,0.08305,0.63107,1,0
1768333693.588789,-0.00472,0.35079,-1.26370,-0.03544,-0.00311,-0.00008,0.55819,0.00089,0.22803,-0.00052,0.70684,0.00055,0.70738,1,3,0.99954,0.01752,0.00698,-0.02373,0.06298,0.08305,0.63107,1,0
1768333693.590810,-0.02029,0.36564,-1.18801,-0.03679,-0.00307,-0.00001,0.55823,0.00089,0.22803,-0.00052,0.70684,0.00055,0.70738,1,3,0.99954,0.01752,0.00698,-0.02373,0.06298,0.08305,0.63107,1,0
1768333693.592817,-0.02881,0.36634,-1.20326,-0.03634,-0.00348,-0.00041,0.55823,0.00089,0.22803,-0.00052,0.70684,0.00055,0.70738,1,3,0.99954,0.01752,0.00698,-0.02373,0.06298,0.08305,0.63107,1,0
1768333693.594822,-0.02918,0.37155,-1.22603,-0.03606,-0.00385,-0.00016,0.55827,0.00089,0.22803,-0.00052,0.70684,0.00055,0.70737,1,3,0.99954,0.01752,0.00698,-0.02373,0.06298,0.08305,0.63107,1,0
1768333693.596817,-0.01103,0.34152,-1.21768,-0.03708,-0.00418,-0.00016,0.55827,0.00089,0.22803,-0.00052,0.70684,0.00055,0.70737,1,3,0.99954,0.01752,0.00698,-0.02373,0.06298,0.08305,0.63107,1,0
1768333693.598873,-0.03734,0.36620,-1.21069,-0.03656,-0.00324,-0.00001,0.55831,0.00089,0.22803,-0.00052,0.70684,0.00055,0.70737,1,3,0.99945,0.01840,0.00981,-0.02563,0.06314,0.08294,0.63066,1,0
1768333693.600838,-0.04405,0.34919,-1.18768,-0.03415,-0.00239,-0.00012,0.55831,0.00089,0.22803,-0.00052,0.70684,0.00055,0.70737,1,3,0.99945,0.01840,0.00981,-0.02563,0.06314,0.08294,0.63066,1,0
1768333693.602834,-0.01728,0.34847,-1.25587,-0.03568,-0.00308,0.00021,0.55835,0.00089,0.22803,-0.00052,0.70684,0.00055,0.70737,1,3,0.99945,0.01840,0.00981,-0.02563,0.06314,0.08294,0.63066,1,0
1768333693.604833,-0.00955,0.33781,-1.25587,-0.03516,-0.00203,0.00006,0.55835,0.00089,0.22803,-0.00052,0.70684,0.00055,0.70737,1,3,0.99945,0.01840,0.00981,-0.02563,0.06314,0.08294,0.63066,1,0
1768333693.606881,-0.00032,0.37757,-1.21893,-0.03577,-0.00281,-0.00019,0.55839,0.00089,0.22803,-0.00052,0.70684,0.00055,0.70737,1,3,0.99945,0.01840,0.00981,-0.02563,0.06314,0.08294,0.63066,1,0
1768333693.608858,-0.01344,0.35526,-1.16524,-0.03538,-0.00201,-0.00013,0.55843,0.00089,0.22803,-0.00052,0.70684,0.00055,0.70737,1,3,0.99945,0.01840,0.00981,-0.02563,0.06314,0.08294,0.63066,1,0
1768333693.610865,-0.03926,0.37631,-1.19598,-0.03469,-0.00273,-0.00027,0.55843,0.00089,0.22803,-0.00052,0.70684,0.00055,0.70737,1,3,0.99945,0.01840,0.00981,-0.02563,0.06314,0.08294,0.63066,1,0
1768333693.612828,-0.01324,0.37059,-1.21850,-0.03563,-0.00302,0.00023,0.55847,0.00089,0.22803,-0.00052,0.70684,0.00055,0.70737,1,3,0.99945,0.01840,0.00981,-0.02563,0.06314,0.08294,0.63066,1,0
1768333693.614892,-0.02056,0.37058,-1.19580,-0.03651,-0.00294,-0.00015,0.55847,0.00089,0.22803,-0.00052,0.70684,0.00055,0.70737,1,3,0.99945,0.01840,0.00981,-0.02563,0.06314,0.08294,0.63066,1,0
1768333693.616827,0.00740,0.36757,-1.13529,-0.03501,-0.00240,-0.00027,0.55851,0.00089,0.22803,-0.00052,0.70684,0.00055,0.70738,1,3,0.99945,0.01840,0.00981,-0.02563,0.06314,0.08294,0.63066,1,0
1768333693.618847,-0.02649,0.31897,-1.17198,-0.03451,-0.00208,-0.00052,0.55851,0.00089,0.22803,-0.00052,0.70684,0.00055,0.70738,1,3,0.99945,0.01840,0.00981,-0.02563,0.06314,0.08294,0.63066,1,0
1768333693.620835,-0.03208,0.35617,-1.19559,-0.03362,-0.00203,-0.00014,0.55856,0.00089,0.22803,-0.00052,0.70684,0.00055,0.70738,1,3,0.99945,0.01840,0.00981,-0.02563,0.06314,0.08294,0.63066,1,0
1768333693.622848,-0.00503,0.33577,-1.20263,-0.03518,-0.00259,-0.00003,0.55856,0.00089,0.22803,-0.00052,0.70684,0.00055,0.70738,1,3,0.99945,0.01840,0.00981,-0.02563,0.06314,0.08294,0.63066,1,0
1768333693.624851,-0.00189,0.35818,-1.17305,-0.03403,-0.00240,-0.00042,0.55856,0.00089,0.22803,-0.00052,0.70684,0.00055,0.70738,1,3,0.99945,0.01840,0.00981,-0.02563,0.06314,0.08294,0.63066,1,0
1768333693.626849,-0.00522,0.39548,-1.18887,-0.03511,-0.00328,-0.00003,0.55860,0.00089,0.22803,-0.00052,0.70684,0.00055,0.70737,1,3,0.99945,0.01840,0.00981,-0.02563,0.06314,0.08294,0.63066,1,0
1768333693.628876,-0.02149,0.35524,-1.21854,-0.03560,-0.00178,-0.00057,0.55860,0.00089,0.22803,-0.00052,0.70684,0.00055,0.70737,1,3,0.99945,0.01840,0.00981,-0.02563,0.06314,0.08294,0.63066,1,0
1768333693.630832,-0.00866,0.38236,-1.19634,-0.03593,-0.00234,-0.00030,0.55864,0.00089,0.22804,-0.00052,0.70684,0.00055,0.70738,1,3,0.99945,0.01840,0.00981,-0.02563,0.06314,0.08294,0.63066,1,0
1768333693.632859,-0.01263,0.33985,-1.17991,-0.03644,-0.00174,0.00026,0.55864,0.00089,0.22804,-0.00052,0.70684,0.00055,0.70738,1,3,0.99945,0.01840,0.00981,-0.02563,0.06314,0.08294,0.63066,1,0
1768333693.634844,-0.00196,0.34731,-1.11950,-0.03460,-0.00137,0.00029,0.55868,0.00089,0.22804,-0.00052,0.70684,0.00055,0.70738,1,3,0.99945,0.01918,0.00902,-0.02544,0.06336,0.08291,0.63082,1,0
1768333693.636881,-0.01467,0.34465,-1.12711,-0.03463,-0.00071,0.00016,0.55868,0.00089,0.22804,-0.00052,0.70684,0.00055,0.70738,1,3,0.99945,0.01918,0.00902,-0.02544,0.06336,0.08291,0.63082,1,0
1768333693.638847,-0.00612,0.33050,-1.17980,-0.03437,-0.00181,0.00012,0.55872,0.00089,0.22804,-0.00052,0.70684,0.00055,0.70738,1,3,0.99945,0.01918,0.00902,-0.02544,0.06336,0.08291,0.63082,1,0
1768333693.640853,-0.01815,0.35748,-1.21088,-0.03514,-0.00156,-0.00003,0.55872,0.00089,0.22804,-0.00052,0.70684,0.00055,0.70738,1,3,0.99945,0.01918,0.00902,-0.02544,0.06336,0.08291,0.63082,1,0
1768333693.642853,-0.01777,0.37280,-1.24170,-0.03517,-0.00222,-0.00046,0.55876,0.00089,0.22804,-0.00052,0.70684,0.00055,0.70738,1,3,0.99945,0.01918,0.00902,-0.02544,0.06336,0.08291,0.63082,1,0
1768333693.644858,-0.02174,0.37005,-1.21116,-0.03564,-0.00191,-0.00017,0.55880,0.00089,0.22804,-0.00052,0.70683,0.00055,0.70738,1,3,0.99945,0.01918,0.00902,-0.02544,0.06336,0.08291,0.63082,1,0
1768333693.646957,-0.03975,0.34225,-1.22557,-0.03379,-0.00295,-0.00055,0.55880,0.00089,0.22804,-0.00052,0.70683,0.00055,0.70738,1,3,0.99945,0.01918,0.00902,-0.02544,0.06336,0.08291,0.63082,1,0
1768333693.648870,-0.02104,0.38613,-1.19610,-0.03588,-0.00371,-0.00015,0.55884,0.00089,0.22804,-0.00052,0.70683,0.00055,0.70738,1,3,0.99945,0.01918,0.00902,-0.02544,0.06336,0.08291,0.63082,1,0
1768333693.650888,-0.01389,0.35606,-1.25646,-0.03450,-0.00276,-0.00061,0.55884,0.00089,0.22804,-0.00052,0.70683,0.00055,0.70738,1,3,0.99945,0.01918,0.00902,-0.02544,0.06336,0.08291,0.63082,1,0
1768333693.652881,-0.03034,0.38033,-1.27204,-0.03552,-0.00232,-0.00007,0.55888,0.00089,0.22804,-0.00052,0.70684,0.00055,0.70738,1,3,0.99945,0.01918,0.00902,-0.02544,0.06336,0.08291,0.63082,1,0
1768333693.654886,-0.02064,0.34617,-1.30911,-0.03615,-0.00330,-0.00037,0.55888,0.00089,0.22804,-0.00052,0.70684,0.00055,0.70738,1,3,0.99945,0.01918,0.00902,-0.02544,0.06336,0.08291,0.63082,1,0
1768333693.656875,-0.00001,0.33362,-1.21753,-0.03586,-0.00353,0.00023,0.55888,0.00089,0.22804,-0.00052,0.70684,0.00055,0.70738,1,3,0.99945,0.01918,0.00902,-0.02544,0.06336,0.08291,0.63082,1,0
1768333693.658868,-0.01907,0.32419,-1.12629,-0.03379,-0.00254,0.00018,0.55892,0.00089,0.22804,-0.00052,0.70683,0.00055,0.70738,1,3,0.99945,0.01918,0.00902,-0.02544,0.06336,0.08291,0.63082,1,0
1768333693.660878,-0.02408,0.32690,-1.18706,-0.03310,-0.00261,0.00027,0.55892,0.00089,0.22804,-0.00052,0.70683,0.00055,0.70738,1,3,0.99945,0.01918,0.00902,-0.02544,0.06336,0.08291,0.63082,1,0
1768333693.662867,-0.01795,0.36799,-1.23392,-0.03501,-0.00234,-0.00032,0.55896,0.00089,0.22804,-0.00052,0.70683,0.00055,0.70738,1,3,0.99945,0.01918,0.00902,-0.02544,0.06336,0.08291,0.63082,1,0
1768333693.664890,0.00778,0.37779,-1.20374,-0.03532,-0.00316,-0.00019,0.55896,0.00089,0.22804,-0.00052,0.70683,0.00055,0.70738,1,3,0.99943,0.01931,0.00777,-0.02661,0.06357,0.08284,0.63074,1,0
1768333693.666867,-0.00004,0.35916,-1.15757,-0.03533,-0.00420,-0.00040,0.55900,0.00089,0.22804,-0.00052,0.70683,0.00055,0.70738,1,3,0.99943,0.01931,0.00777,-0.02661,0.06357,0.08284,0.63074,1,0
1768333693.668871,0.00716,0.35270,-1.10457,-0.03475,-0.00213,-0.00024,0.55900,0.00089,0.22804,-0.00052,0.70683,0.00055,0.70738,1,3,0.99943,0.01931,0.00777,-0.02661,0.06357,0.08284,0.63074,1,0
1768333693.670887,-0.01833,0.35284,-1.17305,-0.03454,-0.00144,-0.00068,0.55904,0.00089,0.22804,-0.00052,0.70683,0.00055,0.70738,1,3,0.99943,0.01931,0.00777,-0.02661,0.06357,0.08284,0.63074,1,0
1768333693.672874,-0.00959,0.36633,-1.15066,-0.03547,-0.00041,-0.00027,0.55904,0.00089,0.22804,-0.00052,0.70683,0.00055,0.70738,1,3,0.99943,0.01931,0.00777,-0.02661,0.06357,0.08284,0.63074,1,0
1768333693.674861,-0.00070,0.38221,-1.16603,-0.03549,-0.00218,-0.00029,0.55908,0.00089,0.22804,-0.00052,0.70683,0.00055,0.70738,1,3,0.99943,0.01931,0.00777,-0.02661,0.06357,0.08284,0.63074,1,0
1768333693.676893,-0.02955,0.35989,-1.18782,-0.03664,-0.00180,0.00054,0.55912,0.00089,0.22804,-0.00052,0.70683,0.00055,0.70738,1,3,0.99943,0.01931,0.00777,-0.02661,0.06357,0.08284,0.63074,1,0
1768333693.678869,-0.01392,0.37444,-1.18093,-0.03537,-0.00138,0.00012,0.55912,0.00089,0.22804,-0.00052,0.70683,0.00055,0.70738,1,3,0.99943,0.01931,0.00777,-0.02661,0.06357,0.08284,0.63074,1,0
1768333693.680864,-0.03136,0.39442,-1.18130,-0.03513,-0.00118,0.00039,0.55916,0.00089,0.22804,-0.00052,0.70683,0.00055,0.70739,1,3,0.99943,0.01931,0.00777,-0.02661,0.06357,0.08284,0.63074,1,0
1768333693.682881,-0.01287,0.36546,-1.18071,-0.03569,-0.00253,-0.00042,0.55916,0.00089,0.22804,-0.00052,0.70683,0.00055,0.70739,1,3,0.99943,0.01931,0.00777,-0.02661,0.06357,0.08284,0.63074,1,0
1768333693.684890,-0.02097,0.37521,-1.19625,-0.03602,-0.00219,-0.00069,0.55920,0.00089,0.22804,-0.00052,0.70683,0.00055,0.70738,1,3,0.99943,0.01931,0.00777,-0.02661,0.06357,0.08284,0.63074,1,0
1768333693.686880,-0.01639,0.38302,-1.21877,-0.03657,-0.00338,0.00009,0.55920,0.00089,0.22804,-0.00052,0.70683,0.00055,0.70738,1,3,0.99943,0.01931,0.00777,-0.02661,0.06357,0.08284,0.63074,1,0
1768333693.688874,-0.01344,0.37506,-1.17321,-0.03558,-0.00227,0.00012,0.55920,0.00089,0.22804,-0.00052,0.70683,0.00055,0.70738,1,3,0.99943,0.01931,0.00777,-0.02661,0.06357,0.08284,0.63074,1,0
1768333693.690886,-0.00918,0.36888,-1.14300,-0.03456,-0.00323,-0.00106,0.55924,0.00089,0.22804,-0.00052,0.70683,0.00055,0.70738,1,3,0.99943,0.01931,0.00777,-0.02661,0.06357,0.08284,0.63074,1,0
1768333693.692865,0.00251,0.37132,-1.15810,-0.03387,-0.00349,-0.00055,0.55924,0.00089,0.22804,-0.00052,0.70683,0.00055,0.70738,1,3,0.99943,0.01931,0.00777,-0.02661,0.06357,0.08284,0.63074,1,0
1768333693.694876,-0.02075,0.33032,-1.16445,-0.03656,-0.00189,0.00015,0.55928,0.00089,0.22804,-0.00052,0.70683,0.00055,0.70738,1,3,0.99943,0.01931,0.00777,-0.02661,0.06357,0.08284,0.63074,1,0
1768333693.696878,-0.02318,0.36371,-1.18057,-0.03528,-0.00010,0.00080,0.55928,0.00089,0.22804,-0.00052,0.70683,0.00055,0.70738,1,3,0.99952,0.02017,0.00794,-0.02217,0.06384,0.08286,0.63134,1,0
1768333693.698884,-0.02097,0.40989,-1.19698,-0.03625,-0.00259,-0.00043,0.55932,0.00089,0.22804,-0.00052,0.70683,0.00055,0.70738,1,3,0.99952,0.02017,0.00794,-0.02217,0.06384,0.08286,0.63134,1,0
1768333693.700884,-0.01181,0.39607,-1.19641,-0.03642,-0.00422,-0.00043,0.55932,0.00089,0.22804,-0.00052,0.70683,0.00055,0.70738,1,3,0.99952,0.02017,0.00794,-0.02217,0.06384,0.08286,0.63134,1,0
1768333693.702876,0.00895,0.36345,-1.22617,-0.03594,-0.00393,-0.00060,0.55932,0.00089,0.22804,-0.00052,0.70683,0.00055,0.70738,1,3,0.99952,0.02017,0.00794,-0.02217,0.06384,0.08286,0.63134,1,0
1768333693.704880,-0.01694,0.32763,-1.24805,-0.03615,-0.00168,-0.00005,0.55940,0.00089,0.22803,-0.00052,0.70684,0.00055,0.70738,1,3,0.99952,0.02017,0.00794,-0.02217,0.06384,0.08286,0.63134,1,0
1768333693.706886,-0.06531,0.36130,-1.22604,-0.03422,-0.00151,-0.00027,0.55940,0.00089,0.22803,-0.00052,0.70684,0.00055,0.70738,1,3,0.99952,0.02017,0.00794,-0.02217,0.06384,0.08286,0.63134,1,0
1768333693.708979,-0.02064,0.39147,-1.19601,-0.03625,-0.00448,0.00012,0.55944,0.00089,0.22804,-0.00052,0.70684,0.00055,0.70738,1,3,0.99952,0.02017,0.00794,-0.02217,0.06384,0.08286,0.63134,1,0
1768333693.711134,-0.01189,0.37247,-1.16549,-0.03561,-0.00510,-0.00094,0.55944,0.00089,0.22804,-0.00052,0.70684,0.00055,0.70738,1,3,0.99952,0.02017,0.00794,-0.02217,0.06384,0.08286,0.63134,1,0
1768333693.712872,-0.03695,0.33246,-1.17163,-0.03653,-0.00424,0.00017,0.55948,0.00089,0.22803,-0.00052,0.70684,0.00055,0.70737,1,3,0.99952,0.02017,0.00794,-0.02217,0.06384,0.08286,0.63134,1,0
1768333693.714874,-0.05684,0.28559,-1.15556,-0.03710,-0.00347,-0.00073,0.55948,0.00089,0.22803,-0.00052,0.70684,0.00055,0.70737,1,3,0.99952,0.02017,0.00794,-0.02217,0.06384,0.08286,0.63134,1,0
1768333693.716923,-0.02278,0.33082,-1.14933,-0.03458,-0.00174,0.00016,0.55952,0.00089,0.22803,-0.00052,0.70684,0.00055,0.70738,1,3,0.99952,0.02017,0.00794,-0.02217,0.06384,0.08286,0.63134,1,0
1768333693.718895,0.00278,0.33654,-1.15700,-0.03429,-0.00345,-0.00000,0.55952,0.00089,0.22803,-0.00052,0.70684,0.00055,0.70738,1,3,0.99952,0.02017,0.00794,-0.02217,0.06384,0.08286,0.63134,1,0
1768333693.720928,-0.00196,0.36919,-1.15788,-0.03368,-0.00381,-0.00028,0.55952,0.00089,0.22803,-0.00052,0.70684,0.00055,0.70738,1,3,0.99952,0.02017,0.00794,-0.02217,0.06384,0.08286,0.63134,1,0
1768333693.722916,0.00032,0.36241,-1.21097,-0.03639,-0.00255,-0.00018,0.55956,0.00089,0.22803,-0.00052,0.70684,0.00055,0.70737,1,3,0.99952,0.02017,0.00794,-0.02217,0.06384,0.08286,0.63134,1,0
1768333693.724914,-0.02128,0.34871,-1.21064,-0.03677,-0.00037,0.00038,0.55956,0.00089,0.22803,-0.00052,0.70684,0.00055,0.70737,1,3,0.99952,0.02017,0.00794,-0.02217,0.06384,0.08286,0.63134,1,0
1768333693.726894,-0.01684,0.35222,-1.22620,-0.03608,-0.00133,-0.00072,0.55960,0.00089,0.22803,-0.00052,0.70684,0.00055,0.70738,1,3,0.99952,0.02017,0.00794,-0.02217,0.06384,0.08286,0.63134,1,0
1768333693.728896,-0.02273,0.34588,-1.20300,-0.03440,-0.00201,-0.00029,0.55960,0.00089,0.22803,-0.00052,0.70684,0.00055,0.70738,1,3,0.99952,0.02017,0.00794,-0.02217,0.06384,0.08286,0.63134,1,0
1768333693.730895,0.00805,0.34318,-1.17260,-0.03531,-0.00289,-0.00042,0.55964,0.00089,0.22803,-0.00052,0.70684,0.00055,0.70738,1,3,0.99952,0.02017,0.00794,-0.02217,0.06384,0.08286,0.63134,1,0
1768333693.732921,-0.00519,0.35530,-1.21101,-0.03494,-0.00211,-0.00058,0.55964,0.00089,0.22803,-0.00052,0.70684,0.00055,0.70738,1,3,0.99952,0.02017,0.00794,-0.02217,0.06384,0.08286,0.63134,1,0
1768333693.734916,0.00305,0.34592,-1.21059,-0.03462,-0.00296,-0.00032,0.55968,0.00089,0.22804,-0.00052,0.70683,0.00055,0.70738,1,3,0.99932,0.02172,0.01103,-0.02766,0.06396,0.08268,0.63040,1,0
1768333693.736956,-0.01503,0.35923,-1.18830,-0.03446,-0.00046,0.00011,0.55968,0.00089,0.22804,-0.00052,0.70683,0.00055,0.70738,1,3,0.99932,0.02172,0.01103,-0.02766,0.06396,0.08268,0.63040,1,0
1768333693.738924,-0.00441,0.37514,-1.21113,-0.03601,-0.00288,0.00009,0.55972,0.00089,0.22804,-0.00052,0.70683,0.00055,0.70738,1,3,0.99932,0.02172,0.01103,-0.02766,0.06396,0.08268,0.63040,1,0
1768333693.740982,-0.00364,0.38030,-1.19621,-0.03639,-0.00316,-0.00044,0.55972,0.00089,0.22804,-0.00052,0.70683,0.00055,0.70738,1,3,0.99932,0.02172,0.01103,-0.02766,0.06396,0.08268,0.63040,1,0
1768333693.743025,-0.03452,0.32453,-1.10351,-0.03488,-0.00275,-0.00019,0.55972,0.00089,0.22804,-0.00052,0.70683,0.00055,0.70738,1,3,0.99932,0.02172,0.01103,-0.02766,0.06396,0.08268,0.63040,1,0
1768333693.744968,-0.01467,0.33115,-1.09634,-0.03392,-0.00198,-0.00021,0.55981,0.00089,0.22804,-0.00052,0.70683,0.00055,0.70738,1,3,0.99932,0.02172,0.01103,-0.02766,0.06396,0.08268,0.63040,1,0
1768333693.746948,-0.03257,0.34622,-1.14211,-0.03331,-0.00176,0.00017,0.55981,0.00089,0.22804,-0.00052,0.70683,0.00055,0.70738,1,3,0.99932,0.02172,0.01103,-0.02766,0.06396,0.08268,0.63040,1,0
1768333693.748950,-0.00496,0.36883,-1.11266,-0.03587,-0.00073,-0.00011,0.55985,0.00089,0.22804,-0.00052,0.70683,0.00055,0.70739,1,3,0.99932,0.02172,0.01103,-0.02766,0.06396,0.08268,0.63040,1,0
1768333693.750916,-0.02108,0.38057,-1.17359,-0.03573,-0.00258,-0.00081,0.55985,0.00089,0.22804,-0.00052,0.70683,0.00055,0.70739,1,3,0.99932,0.02172,0.01103,-0.02766,0.06396,0.08268,0.63040,1,0
1768333693.752936,-0.02917,0.36541,-1.18824,-0.03635,-0.00221,-0.00041,0.55989,0.00089,0.22804,-0.00052,0.70683,0.00055,0.70739,1,3,0.99932,0.02172,0.01103,-0.02766,0.06396,0.08268,0.63040,1,0
1768333693.754921,-0.00063,0.36750,-1.18082,-0.03545,-0.00230,-0.00030,0.55989,0.00089,0.22804,-0.00052,0.70683,0.00055,0.70739,1,3,0.99932,0.02172,0.01103,-0.02766,0.06396,0.08268,0.63040,1,0
1768333693.756927,-0.01739,0.37252,-1.21134,-0.03561,-0.00197,-0.00044,0.55989,0.00089,0.22804,-0.00052,0.70683,0.00055,0.70739,1,3,0.99932,0.02172,0.01103,-0.02766,0.06396,0.08268,0.63040,1,0
1768333693.758921,-0.03919,0.34960,-1.18777,-0.03567,-0.00054,0.00041,0.55993,0.00089,0.22804,-0.00052,0.70683,0.00055,0.70739,1,3,0.99932,0.02172,0.01103,-0.02766,0.06396,0.08268,0.63040,1,0
1768333693.760942,-0.02499,0.38287,-1.18860,-0.03636,-0.00265,-0.00028,0.55993,0.00089,0.22804,-0.00052,0.70683,0.00055,0.70739,1,3,0.99932,0.02172,0.01103,-0.02766,0.06396,0.08268,0.63040,1,0
1768333693.762930,-0.01681,0.35354,-1.14987,-0.03584,-0.00298,-0.00025,0.55997,0.00089,0.22804,-0.00052,0.70683,0.00055,0.70739,1,3,0.99932,0.02172,0.01103,-0.02766,0.06396,0.08268,0.63040,1,0
1768333693.764912,-0.00038,0.36380,-1.19561,-0.03528,-0.00394,-0.00017,0.55997,0.00089,0.22804,-0.00052,0.70683,0.00055,0.70739,1,3,0.99932,0.02172,0.01103,-0.02766,0.06396,0.08268,0.63040,1,0
1768333693.766956,-0.01268,0.33542,-1.21780,-0.03606,-0.00225,-0.00003,0.55997,0.00089,0.22804,-0.00052,0.70683,0.00055,0.70739,1,3,0.99940,0.02223,0.00940,-0.02475,0.06421,0.08269,0.63088,1,0
1768333693.768949,-0.02221,0.38077,-1.15068,-0.03485,-0.00256,-0.00039,0.56001,0.00089,0.22805,-0.00052,0.70682,0.00055,0.70739,1,3,0.99940,0.02223,0.00940,-0.02475,0.06421,0.08269,0.63088,1,0
1768333693.770924,-0.02053,0.37558,-1.14264,-0.03666,-0.00307,0.00016,0.56001,0.00089,0.22805,-0.00052,0.70682,0.00055,0.70739,1,3,0.99940,0.02223,0.00940,-0.02475,0.06421,0.08269,0.63088,1,0
1768333693.772971,-0.02047,0.38193,-1.16520,-0.03637,-0.00498,0.00042,0.56005,0.00089,0.22804,-0.00052,0.70683,0.00055,0.70739,1,3,0.99940,0.02223,0.00940,-0.02475,0.06421,0.08269,0.63088,1,0
1768333693.774939,-0.00435,0.35607,-1.16490,-0.03581,-0.00363,0.00027,0.56009,0.00089,0.22804,-0.00052,0.70683,0.00055,0.70739,1,3,0.99940,0.02223,0.00940,-0.02475,0.06421,0.08269,0.63088,1,0
1768333693.776959,-0.01058,0.36688,-1.14287,-0.03458,-0.00090,0.00014,0.56009,0.00089,0.22804,-0.00052,0.70683,0.00055,0.70739,1,3,0.99940,0.02223,0.00940,-0.02475,0.06421,0.08269,0.63088,1,0
1768333693.778939,-0.02252,0.36992,-1.23402,-0.03499,-0.00152,-0.00019,0.56013,0.00089,0.22805,-0.00052,0.70682,0.00055,0.70739,1,3,0.99940,0.02223,0.00940,-0.02475,0.06421,0.08269,0.63088,1,0
1768333693.780954,-0.03001,0.36012,-1.20337,-0.03576,-0.00155,-0.00028,0.56017,0.00089,0.22805,-0.00052,0.70682,0.00055,0.70739,1,3,0.99940,0.02223,0.00940,-0.02475,0.06421,0.08269,0.63088,1,0
1768333693.782996,-0.02912,0.35619,-1.18018,-0.03625,-0.00308,-0.00013,0.56017,0.00089,0.22805,-0.00052,0.70682,0.00055,0.70739,1,3,0.99940,0.02223,0.00940,-0.02475,0.06421,0.08269,0.63088,1,0
1768333693.784970,-0.01359,0.35108,-1.18755,-0.03521,-0.00313,0.00039,0.56021,0.00089,0.22805,-0.00052,0.70682,0.00055,0.70739,1,3,0.99940,0.02223,0.00940,-0.02475,0.06421,0.08269,0.63088,1,0
1768333693.787029,-0.00473,0.35017,-1.18026,-0.03566,-0.00223,-0.00002,0.56021,0.00089,0.22805,-0.00052,0.70682,0.00055,0.70739,1,3,0.99940,0.02223,0.00940,-0.02475,0.06421,0.08269,0.63088,1,0
1768333693.789002,-0.01647,0.34742,-1.16485,-0.03679,-0.00196,0.00028,0.56025,0.00089,0.22805,-0.00052,0.70682,0.00055,0.70739,1,3,0.99940,0.02223,0.00940,-0.02475,0.06421,0.08269,0.63088,1,0
1768333693.790991,-0.02951,0.36643,-1.21089,-0.03569,-0.00334,-0.00042,0.56025,0.00089,0.22805,-0.00052,0.70682,0.00055,0.70739,1,3,0.99940,0.02223,0.00940,-0.02475,0.06421,0.08269,0.63088,1,0
1768333693.792979,-0.01599,0.32825,-1.14916,-0.03680,-0.00259,0.00003,0.56025,0.00089,0.22805,-0.00052,0.70682,0.00055,0.70739,1,3,0.99940,0.02223,0.00940,-0.02475,0.06421,0.08269,0.63088,1,0
1768333693.794960,-0.04174,0.34700,-1.08110,-0.03264,-0.00229,0.00063,0.56029,0.00089,0.22805,-0.00052,0.70682,0.00055,0.70739,1,3,0.99940,0.02223,0.00940,-0.02475,0.06421,0.08269,0.63088,1,0
1768333693.796957,0.00194,0.36115,-1.11985,-0.03356,-0.00296,-0.00025,0.56029,0.00089,0.22805,-0.00052,0.70682,0.00055,0.70739,1,3,0.99927,0.02206,0.01086,-0.02918,0.06433,0.08252,0.62996,1,0
1768333693.798941,-0.03004,0.37553,-1.17309,-0.03579,-0.00245,0.00014,0.56029,0.00089,0.22805,-0.00052,0.70682,0.00055,0.70739,1,3,0.99927,0.02206,0.01086,-0.02918,0.06433,0.08252,0.62996,1,0
1768333693.800968,-0.03638,0.38114,-1.17318,-0.03725,-0.00353,-0.00039,0.56033,0.00089,0.22805,-0.00052,0.70682,0.00055,0.70739,1,3,0.99927,0.02206,0.01086,-0.02918,0.06433,0.08252,0.62996,1,0
1768333693.802998,-0.03860,0.35615,-1.15729,-0.03559,-0.00258,0.00030,0.56033,0.00089,0.22805,-0.00052,0.70682,0.00055,0.70739,1,3,0.99927,0.02206,0.01086,-0.02918,0.06433,0.08252,0.62996,1,0
1768333693.805000,0.00224,0.36194,-1.10452,-0.03355,-0.00398,-0.00024,0.56037,0.00089,0.22805,-0.00052,0.70682,0.00055,0.70740,1,3,0.99927,0.02206,0.01086,-0.02918,0.06433,0.08252,0.62996,1,0
1768333693.806971,-0.00151,0.36289,-1.14286,-0.03441,-0.00216,-0.00054,0.56041,0.00089,0.22805,-0.00052,0.70682,0.00055,0.70739,1,3,0.99927,0.02206,0.01086,-0.02918,0.06433,0.08252,0.62996,1,0
1768333693.808963,-0.03795,0.37024,-1.18069,-0.03629,-0.00185,-0.00012,0.56045,0.00089,0.22805,-0.00052,0.70682,0.00055,0.70739,1,3,0.99927,0.02206,0.01086,-0.02918,0.06433,0.08252,0.62996,1,0
1768333693.810993,-0.01256,0.40899,-1.22751,-0.03648,-0.00181,-0.00047,0.56045,0.00089,0.22805,-0.00052,0.70682,0.00055,0.70739,1,3,0.99927,0.02206,0.01086,-0.02918,0.06433,0.08252,0.62996,1,0
1768333693.813064,-0.00858,0.37257,-1.20354,-0.03604,-0.00258,-0.00004,0.56049,0.00089,0.22805,-0.00052,0.70682,0.00055,0.70739,1,3,0.99927,0.02206,0.01086,-0.02918,0.06433,0.08252,0.62996,1,0
1768333693.815001,-0.00066,0.32839,-1.16464,-0.03505,-0.00252,-0.00041,0.56049,0.00089,0.22805,-0.00052,0.70682,0.00055,0.70739,1,3,0.99927,0.02206,0.01086,-0.02918,0.06433,0.08252,0.62996,1,0
1768333693.817023,0.00022,0.31640,-1.12632,-0.03213,-0.00201,0.00016,0.56053,0.00089,0.22805,-0.00052,0.70682,0.00055,0.70739,1,3,0.99927,0.02206,0.01086,-0.02918,0.06433,0.08252,0.62996,1,0
1768333693.818964,-0.01910,0.31067,-1.14886,-0.03286,-0.00369,-0.00064,0.56053,0.00089,0.22805,-0.00052,0.70682,0.00055,0.70739,1,3,0.99927,0.02206,0.01086,-0.02918,0.06433,0.08252,0.62996,1,0
1768333693.820979,-0.03078,0.35766,-1.15729,-0.03426,-0.00421,-0.00011,0.56053,0.00089,0.22805,-0.00052,0.70682,0.00055,0.70739,1,3,0.99927,0.02206,0.01086,-0.02918,0.06433,0.08252,0.62996,1,0
1768333693.822989,-0.02986,0.37165,-1.18032,-0.03562,-0.00384,0.00028,0.56053,0.00089,0.22805,-0.00052,0.70682,0.00055,0.70739,1,3,0.99927,0.02206,0.01086,-0.02918,0.06433,0.08252,0.62996,1,0
1768333693.824972,-0.03425,0.38349,-1.15059,-0.03548,-0.00280,-0.00024,0.56057,0.00089,0.22805,-0.00052,0.70682,0.00055,0.70739,1,3,0.99927,0.02206,0.01086,-0.02918,0.06433,0.08252,0.62996,1,0
1768333693.826957,-0.03076,0.36204,-1.19553,-0.03443,-0.00358,-0.00027,0.56057,0.00089,0.22805,-0.00052,0.70682,0.00055,0.70739,1,3,0.99927,0.02206,0.01086,-0.02918,0.06433,0.08252,0.62996,1,0
1768333693.828979,-0.02188,0.34120,-1.18752,-0.03512,-0.00265,-0.00014,0.56061,0.00089,0.22805,-0.00052,0.70682,0.00055,0.70739,1,3,0.99927,0.02206,0.01086,-0.02918,0.06433,0.08252,0.62996,1,0
1768333693.830978,-0.00488,0.33126,-1.17976,-0.03502,-0.00298,-0.00028,0.56065,0.00089,0.22805,-0.00052,0.70682,0.00055,0.70739,1,3,0.99927,0.02206,0.01086,-0.02918,0.06433,0.08252,0.62996,1,0
1768333693.832982,-0.05706,0.28316,-1.13275,-0.03342,-0.00231,-0.00005,0.56065,0.00089,0.22805,-0.00052,0.70682,0.00055,0.70739,1,3,0.99944,0.02289,0.00790,-0.02321,0.06464,0.08257,0.63097,1,0
1768333693.834991,-0.00384,0.36816,-1.07465,-0.03238,-0.00176,-0.00022,0.56069,0.00089,0.22805,-0.00052,0.70682,0.00055,0.70739,1,3,0.99944,0.02289,0.00790,-0.02321,0.06464,0.08257,0.63097,1,0
1768333693.837003,-0.00644,0.33162,-1.13408,-0.03370,-0.00296,0.00016,0.56069,0.00089,0.22805,-0.00052,0.70682,0.00055,0.70739,1,3,0.99944,0.02289,0.00790,-0.02321,0.06464,0.08257,0.63097,1,0
1768333693.838994,-0.00617,0.36087,-1.18061,-0.03400,-0.00261,-0.00029,0.56069,0.00089,0.22805,-0.00052,0.70682,0.00055,0.70739,1,3,0.99944,0.02289,0.00790,-0.02321,0.06464,0.08257,0.63097,1,0
1768333693.841010,-0.00532,0.37616,-1.14306,-0.03447,-0.00327,-0.00067,0.56073,0.00089,0.22805,-0.00052,0.70682,0.00055,0.70739,1,3,0.99944,0.02289,0.00790,-0.02321,0.06464,0.08257,0.63097,1,0
1768333693.842989,-0.01812,0.36268,-1.10489,-0.03485,-0.00146,-0.00049,0.56077,0.00089,0.22805,-0.00052,0.70682,0.00055,0.70739,1,3,0.99944,0.02289,0.00790,-0.02321,0.06464,0.08257,0.63097,1,0
1768333693.844998,-0.02230,0.35139,-1.11953,-0.03455,-0.00266,-0.00036,0.56077,0.00089,0.22805,-0.00052,0.70682,0.00055,0.70739,1,3,0.99944,0.02289,0.00790,-0.02321,0.06464,0.08257,0.63097,1,0
1768333693.847018,0.00753,0.33248,-1.12684,-0.03522,-0.00173,-0.00012,0.56081,0.00089,0.22805,-0.00052,0.70682,0.00055,0.70739,1,3,0.99944,0.02289,0.00790,-0.02321,0.06464,0.08257,0.63097,1,0
1768333693.849035,-0.02240,0.34741,-1.17996,-0.03417,-0.00392,-0.00026,0.56081,0.00089,0.22805,-0.00052,0.70682,0.00055,0.70739,1,3,0.99944,0.02289,0.00790,-0.02321,0.06464,0.08257,0.63097,1,0
1768333693.850996,-0.02242,0.37150,-1.15024,-0.03453,-0.00331,-0.00012,0.56085,0.00089,0.22805,-0.00052,0.70682,0.00055,0.70739,1,3,0.99944,0.02289,0.00790,-0.02321,0.06464,0.08257,0.63097,1,0
1768333693.852985,-0.03822,0.38645,-1.16586,-0.03544,-0.00326,-0.00052,0.56085,0.00089,0.22805,-0.00052,0.70682,0.00055,0.70739,1,3,0.99944,0.02289,0.00790,-0.02321,0.06464,0.08257,0.63097,1,0
1768333693.854986,-0.02045,0.36151,-1.21808,-0.03640,-0.00407,0.00011,0.56089,0.00089,0.22804,-0.00052,0.70683,0.00055,0.70739,1,3,0.99944,0.02289,0.00790,-0.02321,0.06464,0.08257,0.63097,1,0
1768333693.857001,-0.05442,0.31713,-1.14117,-0.03607,-0.00263,-0.00019,0.56093,0.00089,0.22804,-0.00052,0.70683,0.00055,0.70739,1,3,0.99944,0.02289,0.00790,-0.02321,0.06464,0.08257,0.63097,1,0
1768333693.858987,-0.01374,0.34579,-1.18002,-0.03506,-0.00250,0.00013,0.56093,0.00089,0.22804,-0.00052,0.70683,0.00055,0.70739,1,3,0.99944,0.02289,0.00790,-0.02321,0.06464,0.08257,0.63097,1,0
1768333693.861005,-0.01424,0.33581,-1.14933,-0.03474,-0.00223,0.00042,0.56093,0.00089,0.22804,-0.00052,0.70683,0.00055,0.70739,1,3,0.99944,0.02289,0.00790,-0.02321,0.06464,0.08257,0.63097,1,0
1768333693.863046,-0.00703,0.32217,-1.19480,-0.03272,-0.00307,-0.00042,0.56093,0.00089,0.22804,-0.00052,0.70683,0.00055,0.70739,1,3,0.99944,0.02289,0.00790,-0.02321,0.06464,0.08257,0.63097,1,0
1768333693.865026,-0.00994,0.32895,-1.17220,-0.03417,-0.00266,-0.00040,0.56097,0.00089,0.22804,-0.00052,0.70683,0.00055,0.70738,1,3,0.99943,0.02369,0.00575,-0.02355,0.06489,0.08258,0.63136,1,0
1768333693.867067,-0.02356,0.34196,-1.14956,-0.03336,-0.00289,-0.00011,0.56097,0.00089,0.22804,-0.00052,0.70683,0.00055,0.70738,1,3,0.99943,0.02369,0.00575,-0.02355,0.06489,0.08258,0.63136,1,0
1768333693.869081,-0.03403,0.37398,-1.18793,-0.03581,-0.00366,0.00041,0.56097,0.00089,0.22804,-0.00052,0.70683,0.00055,0.70738,1,3,0.99943,0.02369,0.00575,-0.02355,0.06489,0.08258,0.63136,1,0
1768333693.871036,-0.05877,0.33526,-1.17957,-0.03563,-0.00348,-0.00049,0.56106,0.00089,0.22805,-0.00052,0.70683,0.00055,0.70739,1,3,0.99943,0.02369,0.00575,-0.02355,0.06489,0.08258,0.63136,1,0
1768333693.873024,-0.05069,0.33460,-1.17935,-0.03585,-0.00318,0.00031,0.56106,0.00089,0.22805,-0.00052,0.70683,0.00055,0.70739,1,3,0.99943,0.02369,0.00575,-0.02355,0.06489,0.08258,0.63136,1,0
1768333693.875162,-0.01028,0.31940,-1.11106,-0.03385,-0.00291,-0.00008,0.56110,0.00089,0.22805,-0.00052,0.70683,0.00055,0.70739,1,3,0.99943,0.02369,0.00575,-0.02355,0.06489,0.08258,0.63136,1,0
1768333693.877620,-0.01533,0.33700,-1.07365,-0.03298,-0.00274,-0.00033,0.56114,0.00089,0.22804,-0.00052,0.70683,0.00055,0.70738,1,3,0.99943,0.02369,0.00575,-0.02355,0.06489,0.08258,0.63136,1,0
1768333693.879031,-0.00867,0.31178,-1.08832,-0.03154,-0.00178,-0.00007,0.56114,0.00089,0.22804,-0.00052,0.70683,0.00055,0.70738,1,3,0.99943,0.02369,0.00575,-0.02355,0.06489,0.08258,0.63136,1,0
1768333693.881022,-0.01126,0.36904,-1.15036,-0.03303,-0.00306,-0.00026,0.56114,0.00089,0.22804,-0.00052,0.70683,0.00055,0.70738,1,3,0.99943,0.02369,0.00575,-0.02355,0.06489,0.08258,0.63136,1,0
1768333693.883048,-0.01784,0.40788,-1.16626,-0.03540,-0.00313,0.00026,0.56118,0.00089,0.22804,-0.00052,0.70683,0.00055,0.70738,1,3,0.99943,0.02369,0.00575,-0.02355,0.06489,0.08258,0.63136,1,0
1768333693.885024,-0.02468,0.40730,-1.12101,-0.03672,-0.00230,-0.00050,0.56118,0.00089,0.22804,-0.00052,0.70683,0.00055,0.70738,1,3,0.99943,0.02369,0.00575,-0.02355,0.06489,0.08258,0.63136,1,0
1768333693.887066,-0.01561,0.38752,-1.11265,-0.03739,-0.00289,0.00004,0.56122,0.00089,0.22804,-0.00052,0.70683,0.00055,0.70738,1,3,0.99943,0.02369,0.00575,-0.02355,0.06489,0.08258,0.63136,1,0
1768333693.889030,-0.00356,0.35084,-1.15765,-0.03609,-0.00302,-0.00081,0.56122,0.00089,0.22804,-0.00052,0.70683,0.00055,0.70738,1,3,0.99943,0.02369,0.00575,-0.02355,0.06489,0.08258,0.63136,1,0
1768333693.891040,-0.01508,0.31574,-1.13388,-0.03389,-0.00132,0.00017,0.56122,0.00089,0.22804,-0.00052,0.70683,0.00055,0.70738,1,3,0.99943,0.02369,0.00575,-0.02355,0.06489,0.08258,0.63136,1,0
1768333693.893025,-0.02730,0.35784,-1.15789,-0.03426,-0.00121,-0.00039,0.56126,0.00090,0.22804,-0.00052,0.70683,0.00055,0.70738,1,3,0.99943,0.02369,0.00575,-0.02355,0.06489,0.08258,0.63136,1,0
1768333693.895035,-0.01803,0.34717,-1.21057,-0.03548,-0.00117,0.00024,0.56126,0.00090,0.22804,-0.00052,0.70683,0.00055,0.70738,1,3,0.99943,0.02369,0.00575,-0.02355,0.06489,0.08258,0.63136,1,0
1768333693.897051,-0.02174,0.35944,-1.15016,-0.03599,-0.00102,0.00015,0.56130,0.00090,0.22804,-0.00052,0.70683,0.00055,0.70738,1,3,0.99938,0.02413,0.00845,-0.02426,0.06507,0.08248,0.63100,1,0
1768333693.899026,-0.03215,0.38320,-1.15047,-0.03745,-0.00320,-0.00024,0.56130,0.00090,0.22804,-0.00052,0.70683,0.00055,0.70738,1,3,0.99938,0.02413,0.00845,-0.02426,0.06507,0.08248,0.63100,1,0
1768333693.901057,-0.00468,0.36593,-1.12751,-0.03525,-0.00314,-0.00038,0.56134,0.00090,0.22804,-0.00052,0.70683,0.00055,0.70738,1,3,0.99938,0.02413,0.00845,-0.02426,0.06507,0.08248,0.63100,1,0
1768333693.903095,-0.02996,0.35464,-1.17289,-0.03605,-0.00092,-0.00013,0.56134,0.00090,0.22804,-0.00052,0.70683,0.00055,0.70738,1,3,0.99938,0.02413,0.00845,-0.02426,0.06507,0.08248,0.63100,1,0
1768333693.905038,-0.05374,0.35673,-1.16500,-0.03668,-0.00305,-0.00049,0.56134,0.00090,0.22804,-0.00052,0.70683,0.00055,0.70738,1,3,0.99938,0.02413,0.00845,-0.02426,0.06507,0.08248,0.63100,1,0
1768333693.907050,0.00497,0.36698,-1.17282,-0.03589,-0.00516,-0.00042,0.56142,0.00090,0.22804,-0.00052,0.70683,0.00055,0.70739,1,3,0.99938,0.02413,0.00845,-0.02426,0.06507,0.08248,0.63100,1,0
1768333693.909060,-0.03321,0.36008,-1.12678,-0.03598,-0.00469,0.00006,0.56142,0.00090,0.22804,-0.00052,0.70683,0.00055,0.70739,1,3,0.99938,0.02413,0.00845,-0.02426,0.06507,0.08248,0.63100,1,0
1768333693.911066,-0.02121,0.34168,-1.16462,-0.03555,-0.00342,-0.00012,0.56146,0.00090,0.22804,-0.00052,0.70683,0.00055,0.70738,1,3,0.99938,0.02413,0.00845,-0.02426,0.06507,0.08248,0.63100,1,0
1768333693.913088,-0.04198,0.31470,-1.18658,-0.03588,-0.00315,0.00003,0.56146,0.00090,0.22804,-0.00052,0.70683,0.00055,0.70738,1,3,0.99938,0.02413,0.00845,-0.02426,0.06507,0.08248,0.63100,1,0
1768333693.915163,-0.03005,0.36199,-1.16511,-0.03508,-0.00372,-0.00025,0.56150,0.00090,0.22804,-0.00052,0.70683,0.00055,0.70738,1,3,0.99938,0.02413,0.00845,-0.02426,0.06507,0.08248,0.63100,1,0
1768333693.917051,-0.03012,0.35810,-1.15717,-0.03469,-0.00498,-0.00010,0.56150,0.00090,0.22804,-0.00052,0.70683,0.00055,0.70738,1,3,0.99938,0.02413,0.00845,-0.02426,0.06507,0.08248,0.63100,1,0
1768333693.919060,-0.02088,0.37660,-1.16529,-0.03600,-0.00421,0.00014,0.56154,0.00090,0.22805,-0.00052,0.70682,0.00055,0.70739,1,3,0.99938,0.02413,0.00845,-0.02426,0.06507,0.08248,0.63100,1,0
1768333693.921046,-0.02972,0.34659,-1.12665,-0.03570,-0.00320,0.00019,0.56154,0.00090,0.22805,-0.00052,0.70682,0.00055,0.70739,1,3,0.99938,0.02413,0.00845,-0.02426,0.06507,0.08248,0.63100,1,0
1768333693.923038,-0.02640,0.36884,-1.10468,-0.03478,-0.00288,-0.00021,0.56154,0.00090,0.22805,-0.00052,0.70682,0.00055,0.70739,1,3,0.99938,0.02413,0.00845,-0.02426,0.06507,0.08248,0.63100,1,0
1768333693.925043,-0.01690,0.38946,-1.13559,-0.03519,-0.00441,-0.00078,0.56158,0.00090,0.22805,-0.00052,0.70682,0.00055,0.70739,1,3,0.99938,0.02413,0.00845,-0.02426,0.06507,0.08248,0.63100,1,0
1768333693.927047,-0.02958,0.36563,-1.11990,-0.03591,-0.00221,-0.00035,0.56158,0.00090,0.22805,-0.00052,0.70682,0.00055,0.70739,1,3,0.99938,0.02413,0.00845,-0.02426,0.06507,0.08248,0.63100,1,0
1768333693.929037,-0.03935,0.33213,-1.15704,-0.03414,-0.00257,-0.00063,0.56163,0.00090,0.22805,-0.00052,0.70682,0.00055,0.70739,1,3,0.99938,0.02413,0.00845,-0.02426,0.06507,0.08248,0.63100,1,0
1768333693.931048,-0.01371,0.33239,-1.08089,-0.03435,-0.00377,-0.00019,0.56163,0.00090,0.22805,-0.00052,0.70682,0.00055,0.70739,1,3,0.99940,0.02501,0.00412,-0.02361,0.06534,0.08247,0.63158,1,0
1768333693.933061,-0.00268,0.40838,-1.09075,-0.03321,-0.00308,-0.00051,0.56167,0.00090,0.22805,-0.00052,0.70682,0.00055,0.70739,1,3,0.99940,0.02501,0.00412,-0.02361,0.06534,0.08247,0.63158,1,0
1768333693.935076,-0.00801,0.34866,-1.14966,-0.03612,-0.00346,-0.00012,0.56167,0.00090,0.22805,-0.00052,0.70682,0.00055,0.70739,1,3,0.99940,0.02501,0.00412,-0.02361,0.06534,0.08247,0.63158,1,0
1768333693.937091,-0.01270,0.34955,-1.18772,-0.03654,-0.00162,0.00039,0.56171,0.00090,0.22806,-0.00052,0.70682,0.00055,0.70740,1,3,0.99940,0.02501,0.00412,-0.02361,0.06534,0.08247,0.63158,1,0
1768333693.939087,-0.03696,0.34532,-1.14176,-0.03747,-0.00208,0.00059,0.56175,0.00090,0.22806,-0.00052,0.70681,0.00055,0.70740,1,3,0.99940,0.02501,0.00412,-0.02361,0.06534,0.08247,0.63158,1,0
1768333693.941085,-0.02550,0.36433,-1.15010,-0.03527,-0.00365,-0.00051,0.56175,0.00090,0.22806,-0.00052,0.70681,0.00055,0.70740,1,3,0.99940,0.02501,0.00412,-0.02361,0.06534,0.08247,0.63158,1,0
1768333693.943091,-0.00650,0.36207,-1.11988,-0.03311,-0.00363,-0.00064,0.56179,0.00090,0.22806,-0.00052,0.70682,0.00055,0.70740,1,3,0.99940,0.02501,0.00412,-0.02361,0.06534,0.08247,0.63158,1,0
1768333693.945613,-0.02129,0.33646,-1.20245,-0.03561,-0.00316,-0.00001,0.56179,0.00090,0.22806,-0.00052,0.70682,0.00055,0.70740,1,3,0.99940,0.02501,0.00412,-0.02361,0.06534,0.08247,0.63158,1,0
1768333693.947083,-0.03415,0.35323,-1.20291,-0.03584,-0.00225,0.00013,0.56183,0.00090,0.22806,-0.00052,0.70681,0.00055,0.70740,1,3,0.99940,0.02501,0.00412,-0.02361,0.06534,0.08247,0.63158,1,0
1768333693.949060,-0.03410,0.40248,-1.13606,-0.03590,-0.00193,-0.00037,0.56183,0.00090,0.22806,-0.00052,0.70681,0.00055,0.70740,1,3,0.99940,0.02501,0.00412,-0.02361,0.06534,0.08247,0.63158,1,0
1768333693.951063,-0.01575,0.39908,-1.13555,-0.03660,-0.00481,-0.00024,0.56187,0.00090,0.22806,-0.00052,0.70681,0.00055,0.70740,1,3,0.99940,0.02501,0.00412,-0.02361,0.06534,0.08247,0.63158,1,0
1768333693.953072,-0.01929,0.37634,-1.14261,-0.03731,-0.00424,-0.00024,0.56187,0.00090,0.22806,-0.00052,0.70681,0.00055,0.70740,1,3,0.99940,0.02501,0.00412,-0.02361,0.06534,0.08247,0.63158,1,0
1768333693.955056,-0.02192,0.32116,-1.13368,-0.03536,-0.00238,0.00045,0.56191,0.00090,0.22806,-0.00052,0.70681,0.00055,0.70740,1,3,0.99940,0.02501,0.00412,-0.02361,0.06534,0.08247,0.63158,1,0
1768333693.957056,-0.03099,0.34651,-1.07360,-0.03461,-0.00255,0.00023,0.56191,0.00090,0.22806,-0.00052,0.70681,0.00055,0.70740,1,3,0.99940,0.02501,0.00412,-0.02361,0.06534,0.08247,0.63158,1,0
1768333693.959072,0.00046,0.33193,-1.07341,-0.03216,-0.00292,0.00020,0.56191,0.00090,0.22806,-0.00052,0.70681,0.00055,0.70740,1,3,0.99940,0.02501,0.00412,-0.02361,0.06534,0.08247,0.63158,1,0
1768333693.961056,-0.03270,0.36148,-1.16539,-0.03290,-0.00216,-0.00026,0.56195,0.00090,0.22806,-0.00052,0.70681,0.00055,0.70740,1,3,0.99940,0.02501,0.00412,-0.02361,0.06534,0.08247,0.63158,1,0
1768333693.963108,-0.04302,0.37279,-1.21111,-0.03561,-0.00166,-0.00001,0.56195,0.00090,0.22806,-0.00052,0.70681,0.00055,0.70740,1,3,0.99942,0.02585,0.00511,-0.02151,0.06555,0.08244,0.63156,1,0
1768333693.965102,-0.04069,0.38801,-1.18087,-0.03761,-0.00297,0.00001,0.56199,0.00090,0.22806,-0.00052,0.70681,0.00055,0.70740,1,3,0.99942,0.02585,0.00511,-0.02151,0.06555,0.08244,0.63156,1,0
1768333693.967107,-0.03230,0.37791,-1.14294,-0.03729,-0.00256,-0.00050,0.56199,0.00090,0.22806,-0.00052,0.70681,0.00055,0.70740,1,3,0.99942,0.02585,0.00511,-0.02151,0.06555,0.08244,0.63156,1,0
1768333693.969138,-0.03780,0.38556,-1.14300,-0.03633,-0.00250,-0.00010,0.56203,0.00090,0.22806,-0.00052,0.70681,0.00055,0.70740,1,3,0.99942,0.02585,0.00511,-0.02151,0.06555,0.08244,0.63156,1,0
1768333693.971087,-0.05101,0.34766,-1.11910,-0.03854,-0.00461,-0.00099,0.56207,0.00090,0.22806,-0.00052,0.70681,0.00055,0.70741,1,3,0.99942,0.02585,0.00511,-0.02151,0.06555,0.08244,0.63156,1,0
1768333693.973098,-0.04298,0.35514,-1.15743,-0.03451,-0.00369,-0.00063,0.56207,0.00090,0.22806,-0.00052,0.70681,0.00055,0.70741,1,3,0.99942,0.02585,0.00511,-0.02151,0.06555,0.08244,0.63156,1,0
1768333693.975146,-0.01697,0.35517,-1.05868,-0.03494,-0.00452,-0.00058,0.56211,0.00090,0.22806,-0.00052,0.70681,0.00055,0.70740,1,3,0.99942,0.02585,0.00511,-0.02151,0.06555,0.08244,0.63156,1,0
1768333693.977091,-0.00698,0.32734,-1.05826,-0.03266,-0.00309,-0.00045,0.56211,0.00090,0.22806,-0.00052,0.70681,0.00055,0.70740,1,3,0.99942,0.02585,0.00511,-0.02151,0.06555,0.08244,0.63156,1,0
1768333693.979095,-0.01841,0.34332,-1.10429,-0.03443,-0.00182,-0.00035,0.56215,0.00090,0.22806,-0.00052,0.70681,0.00055,0.70740,1,3,0.99942,0.02585,0.00511,-0.02151,0.06555,0.08244,0.63156,1,0
1768333693.981094,-0.03867,0.36556,-1.16587,-0.03504,-0.00135,-0.00119,0.56215,0.00090,0.22806,-0.00052,0.70681,0.00055,0.70740,1,3,0.99942,0.02585,0.00511,-0.02151,0.06555,0.08244,0.63156,1,0
1768333693.983098,-0.03261,0.38318,-1.21108,-0.03723,-0.00331,0.00012,0.56219,0.00090,0.22806,-0.00052,0.70681,0.00055,0.70740,1,3,0.99942,0.02585,0.00511,-0.02151,0.06555,0.08244,0.63156,1,0
1768333693.985093,-0.01907,0.38062,-1.14288,-0.03770,-0.00349,-0.00038,0.56219,0.00090,0.22806,-0.00052,0.70681,0.00055,0.70740,1,3,0.99942,0.02585,0.00511,-0.02151,0.06555,0.08244,0.63156,1,0
1768333693.987086,-0.00896,0.33886,-1.12675,-0.03514,-0.00307,-0.00023,0.56219,0.00090,0.22806,-0.00052,0.70681,0.00055,0.70740,1,3,0.99942,0.02585,0.00511,-0.02151,0.06555,0.08244,0.63156,1,0
1768333693.989077,-0.03931,0.32653,-1.16437,-0.03464,-0.00205,-0.00010,0.56223,0.00090,0.22806,-0.00052,0.70681,0.00055,0.70740,1,3,0.99942,0.02585,0.00511,-0.02151,0.06555,0.08244,0.63156,1,0
1768333693.991079,-0.03437,0.35764,-1.20319,-0.03579,-0.00150,-0.00001,0.56223,0.00090,0.22806,-0.00052,0.70681,0.00055,0.70740,1,3,0.99942,0.02585,0.00511,-0.02151,0.06555,0.08244,0.63156,1,0
1768333693.993088,-0.02412,0.38394,-1.19614,-0.03656,-0.00406,-0.00069,0.56227,0.00090,0.22806,-0.00052,0.70681,0.00055,0.70740,1,3,0.99942,0.02585,0.00511,-0.02151,0.06555,0.08244,0.63156,1,0
1768333693.995084,-0.01615,0.36395,-1.15010,-0.03615,-0.00376,-0.00052,0.56227,0.00090,0.22806,-0.00052,0.70681,0.00055,0.70740,1,3,0.99942,0.02585,0.00511,-0.02151,0.06555,0.08244,0.63156,1,0
1768333693.997105,-0.02968,0.33626,-1.08874,-0.03561,-0.00231,-0.00032,0.56231,0.00090,0.22806,-0.00052,0.70681,0.00055,0.70740,1,3,0.99942,0.02585,0.00511,-0.02151,0.06555,0.08244,0.63156,1,0
1768333693.999105,-0.02627,0.37785,-1.14314,-0.03511,-0.00188,-0.00052,0.56231,0.00090,0.22806,-0.00052,0.70681,0.00055,0.70740,1,3,0.99942,0.02585,0.00511,-0.02151,0.06555,0.08244,0.63156,1,0
1768333694.001115,-0.03871,0.36650,-1.13481,-0.03525,-0.00298,0.00005,0.56235,0.00090,0.22806,-0.00052,0.70681,0.00055,0.70741,1,3,0.99929,0.02614,0.00911,-0.02573,0.06568,0.08228,0.63076,1,0
1768333694.003132,-0.02956,0.36762,-1.13477,-0.03523,-0.00462,-0.00036,0.56235,0.00090,0.22806,-0.00052,0.70681,0.00055,0.70741,1,3,0.99929,0.02614,0.00911,-0.02573,0.06568,0.08228,0.63076,1,0
1768333694.005128,-0.02034,0.35205,-1.08131,-0.03607,-0.00409,-0.00032,0.56239,0.00090,0.22806,-0.00052,0.70681,0.00055,0.70740,1,3,0.99929,0.02614,0.00911,-0.02573,0.06568,0.08228,0.63076,1,0
1768333694.007125,-0.03404,0.36856,-1.07428,-0.03566,-0.00254,-0.00018,0.56239,0.00090,0.22806,-0.00052,0.70681,0.00055,0.70740,1,3,0.99929,0.02614,0.00911,-0.02573,0.06568,0.08228,0.63076,1,0
1768333694.009111,-0.03900,0.38554,-1.13532,-0.03545,-0.00222,0.00031,0.56243,0.00090,0.22806,-0.00052,0.70681,0.00055,0.70741,1,3,0.99929,0.02614,0.00911,-0.02573,0.06568,0.08228,0.63076,1,0
1768333694.011120,-0.03789,0.36668,-1.21066,-0.03590,-0.00362,-0.00001,0.56247,0.00090,0.22806,-0.00052,0.70681,0.00055,0.70740,1,3,0.99929,0.02614,0.00911,-0.02573,0.06568,0.08228,0.63076,1,0
1768333694.013110,-0.02300,0.39276,-1.19605,-0.03842,-0.00369,0.00025,0.56247,0.00090,0.22806,-0.00052,0.70681,0.00055,0.70740,1,3,0.99929,0.02614,0.00911,-0.02573,0.06568,0.08228,0.63076,1,0
1768333694.015129,-0.02746,0.34044,-1.11889,-0.03818,-0.00258,0.00033,0.56251,0.00090,0.22806,-0.00052,0.70681,0.00055,0.70740,1,3,0.99929,0.02614,0.00911,-0.02573,0.06568,0.08228,0.63076,1,0
1768333694.017111,-0.04639,0.32276,-1.02720,-0.03556,-0.00349,0.00016,0.56251,0.00090,0.22806,-0.00052,0.70681,0.00055,0.70740,1,3,0.99929,0.02614,0.00911,-0.02573,0.06568,0.08228,0.63076,1,0
1768333694.019107,-0.02692,0.33517,-1.14903,-0.03409,-0.00398,0.00031,0.56255,0.00090,0.22806,-0.00052,0.70681,0.00055,0.70740,1,3,0.99929,0.02614,0.00911,-0.02573,0.06568,0.08228,0.63076,1,0
1768333694.021105,-0.02615,0.37374,-1.13504,-0.03516,-0.00314,0.00004,0.56255,0.00090,0.22806,-0.00052,0.70681,0.00055,0.70740,1,3,0.99929,0.02614,0.00911,-0.02573,0.06568,0.08228,0.63076,1,0
1768333694.023119,-0.04137,0.37828,-1.12755,-0.03685,-0.00270,-0.00008,0.56255,0.00090,0.22806,-0.00052,0.70681,0.00055,0.70740,1,3,0.99929,0.02614,0.00911,-0.02573,0.06568,0.08228,0.63076,1,0
1768333694.025128,-0.03303,0.37859,-1.11251,-0.03641,-0.00307,-0.00048,0.56259,0.00090,0.22807,-0.00052,0.70680,0.00055,0.70741,1,3,0.99929,0.02614,0.00911,-0.02573,0.06568,0.08228,0.63076,1,0
1768333694.027128,-0.02971,0.37224,-1.11983,-0.03518,-0.00412,-0.00048,0.56259,0.00090,0.22807,-0.00052,0.70680,0.00055,0.70741,1,3,0.99929,0.02614,0.00911,-0.02573,0.06568,0.08228,0.63076,1,0
1768333694.029129,-0.01365,0.34253,-1.08880,-0.03422,-0.00403,-0.00047,0.56263,0.00090,0.22806,-0.00052,0.70681,0.00055,0.70741,1,3,0.99929,0.02614,0.00911,-0.02573,0.06568,0.08228,0.63076,1,0
1768333694.031136,-0.02655,0.35984,-1.09677,-0.03423,-0.00376,-0.00033,0.56263,0.00090,0.22806,-0.00052,0.70681,0.00055,0.70741,1,3,0.99929,0.02614,0.00911,-0.02573,0.06568,0.08228,0.63076,1,0
1768333694.033120,-0.02676,0.34432,-1.09634,-0.03442,-0.00298,0.00007,0.56267,0.00090,0.22806,-0.00052,0.70681,0.00055,0.70741,1,3,0.99929,0.02614,0.00911,-0.02573,0.06568,0.08228,0.63076,1,0
1768333694.035138,-0.03814,0.35111,-1.11152,-0.03609,-0.00259,0.00048,0.56267,0.00090,0.22806,-0.00052,0.70681,0.00055,0.70741,1,3,0.99929,0.02614,0.00911,-0.02573,0.06568,0.08228,0.63076,1,0
1768333694.037141,-0.02040,0.37100,-1.16535,-0.03650,-0.00346,-0.00012,0.56271,0.00090,0.22806,-0.00052,0.70681,0.00055,0.70741,1,3,0.99926,0.02701,0.00923,-0.02565,0.06589,0.08222,0.63071,1,0
1768333694.039136,-0.03388,0.38808,-1.15821,-0.03608,-0.00267,0.00002,0.56271,0.00090,0.22806,-0.00052,0.70681,0.00055,0.70741,1,3,0.99926,0.02701,0.00923,-0.02565,0.06589,0.08222,0.63071,1,0
1768333694.041140,-0.03807,0.39536,-1.18878,-0.03621,-0.00250,-0.00000,0.56271,0.00090,0.22806,-0.00052,0.70681,0.00055,0.70741,1,3,0.99926,0.02701,0.00923,-0.02565,0.06589,0.08222,0.63071,1,0
1768333694.043146,-0.04553,0.37500,-1.19583,-0.03733,-0.00188,0.00014,0.56279,0.00090,0.22806,-0.00052,0.70681,0.00055,0.70741,1,3,0.99926,0.02701,0.00923,-0.02565,0.06589,0.08222,0.63071,1,0
1768333694.045133,-0.02877,0.34651,-1.13419,-0.03658,-0.00346,0.00018,0.56279,0.00090,0.22806,-0.00052,0.70681,0.00055,0.70741,1,3,0.99926,0.02701,0.00923,-0.02565,0.06589,0.08222,0.63071,1,0
1768333694.047134,-0.03356,0.33576,-1.06562,-0.03518,-0.00455,-0.00042,0.56283,0.00090,0.22806,-0.00052,0.70681,0.00055,0.70741,1,3,0.99926,0.02701,0.00923,-0.02565,0.06589,0.08222,0.63071,1,0
1768333694.049140,0.00202,0.33795,-1.08126,-0.03275,-0.00435,-0.00075,0.56283,0.00090,0.22806,-0.00052,0.70681,0.00055,0.70741,1,3,0.99926,0.02701,0.00923,-0.02565,0.06589,0.08222,0.63071,1,0
1768333694.051129,-0.05647,0.36288,-1.08908,-0.03398,-0.00353,-0.00016,0.56287,0.00090,0.22806,-0.00052,0.70681,0.00055,0.70741,1,3,0.99926,0.02701,0.00923,-0.02565,0.06589,0.08222,0.63071,1,0
1768333694.053208,-0.03418,0.36877,-1.16538,-0.03544,-0.00291,-0.00025,0.56287,0.00090,0.22806,-0.00052,0.70681,0.00055,0.70741,1,3,0.99926,0.02701,0.00923,-0.02565,0.06589,0.08222,0.63071,1,0
1768333694.055164,-0.04124,0.38852,-1.15805,-0.03695,-0.00334,0.00003,0.56291,0.00090,0.22806,-0.00052,0.70681,0.00055,0.70741,1,3,0.99926,0.02701,0.00923,-0.02565,0.06589,0.08222,0.63071,1,0
1768333694.057146,-0.03826,0.39121,-1.09736,-0.03582,-0.00326,0.00021,0.56291,0.00090,0.22806,-0.00052,0.70681,0.00055,0.70741,1,3,0.99926,0.02701,0.00923,-0.02565,0.06589,0.08222,0.63071,1,0
1768333694.059144,-0.03711,0.38109,-1.09713,-0.03682,-0.00327,0.00008,0.56291,0.00090,0.22806,-0.00052,0.70681,0.00055,0.70741,1,3,0.99926,0.02701,0.00923,-0.02565,0.06589,0.08222,0.63071,1,0
1768333694.061146,-0.01500,0.37365,-1.13505,-0.03734,-0.00404,-0.00037,0.56296,0.00090,0.22806,-0.00052,0.70681,0.00055,0.70741,1,3,0.99926,0.02701,0.00923,-0.02565,0.06589,0.08222,0.63071,1,0
1768333694.063146,-0.04587,0.34273,-1.17974,-0.03576,-0.00402,-0.00051,0.56296,0.00090,0.22806,-0.00052,0.70681,0.00055,0.70741,1,3,0.99926,0.02701,0.00923,-0.02565,0.06589,0.08222,0.63071,1,0
1768333694.065146,-0.03775,0.36145,-1.14216,-0.03618,-0.00324,0.00018,0.56296,0.00090,0.22806,-0.00052,0.70681,0.00055,0.70741,1,3,0.99926,0.02701,0.00923,-0.02565,0.06589,0.08222,0.63071,1,0
1768333694.067175,-0.04700,0.38630,-1.15812,-0.03544,-0.00289,-0.00010,0.56300,0.00090,0.22806,-0.00052,0.70681,0.00055,0.70741,1,3,0.99932,0.02763,0.00501,-0.02369,0.06615,0.08221,0.63113,1,0
1768333694.069151,-0.03695,0.35226,-1.17960,-0.03673,-0.00450,0.00043,0.56304,0.00090,0.22806,-0.00052,0.70681,0.00055,0.70741,1,3,0.99932,0.02763,0.00501,-0.02369,0.06615,0.08221,0.63113,1,0
1768333694.071158,-0.03227,0.36993,-1.15746,-0.03673,-0.00496,-0.00024,0.56304,0.00090,0.22806,-0.00052,0.70681,0.00055,0.70741,1,3,0.99932,0.02763,0.00501,-0.02369,0.06615,0.08221,0.63113,1,0
1768333694.073158,-0.03045,0.34727,-1.09622,-0.03482,-0.00370,0.00021,0.56308,0.00090,0.22806,-0.00052,0.70681,0.00055,0.70741,1,3,0.99932,0.02763,0.00501,-0.02369,0.06615,0.08221,0.63113,1,0
1768333694.075168,-0.03107,0.35621,-1.08142,-0.03471,-0.00243,0.00035,0.56312,0.00090,0.22806,-0.00052,0.70681,0.00055,0.70741,1,3,0.99932,0.02763,0.00501,-0.02369,0.06615,0.08221,0.63113,1,0
1768333694.077158,-0.02179,0.37622,-1.13522,-0.03513,-0.00319,-0.00024,0.56312,0.00090,0.22806,-0.00052,0.70681,0.00055,0.70741,1,3,0.99932,0.02763,0.00501,-0.02369,0.06615,0.08221,0.63113,1,0
1768333694.079165,-0.03760,0.36187,-1.11171,-0.03618,-0.00375,0.00021,0.56316,0.00090,0.22806,-0.00052,0.70681,0.00055,0.70741,1,3,0.99932,0.02763,0.00501,-0.02369,0.06615,0.08221,0.63113,1,0
1768333694.081280,-0.01297,0.37715,-1.11246,-0.03490,-0.00445,-0.00063,0.56316,0.00090,0.22806,-0.00052,0.70681,0.00055,0.70741,1,3,0.99932,0.02763,0.00501,-0.02369,0.06615,0.08221,0.63113,1,0
1768333694.083164,-0.05141,0.34412,-1.08888,-0.03508,-0.00206,-0.00030,0.56320,0.00090,0.22806,-0.00052,0.70681,0.00055,0.70740,1,3,0.99932,0.02763,0.00501,-0.02369,0.06615,0.08221,0.63113,1,0
1768333694.085172,-0.03721,0.35130,-1.10455,-0.03609,-0.00237,-0.00114,0.56320,0.00090,0.22806,-0.00052,0.70681,0.00055,0.70740,1,3,0.99932,0.02763,0.00501,-0.02369,0.06615,0.08221,0.63113,1,0
1768333694.087177,-0.02949,0.36711,-1.07392,-0.03567,-0.00411,0.00009,0.56324,0.00090,0.22806,-0.00052,0.70681,0.00055,0.70740,1,3,0.99932,0.02763,0.00501,-0.02369,0.06615,0.08221,0.63113,1,0
1768333694.089171,-0.03180,0.36195,-1.03615,-0.03355,-0.00282,-0.00015,0.56324,0.00090,0.22806,-0.00052,0.70681,0.00055,0.70740,1,3,0.99932,0.02763,0.00501,-0.02369,0.06615,0.08221,0.63113,1,0
1768333694.091184,-0.03099,0.39061,-1.12052,-0.03473,-0.00221,-0.00023,0.56324,0.00090,0.22806,-0.00052,0.70681,0.00055,0.70740,1,3,0.99932,0.02763,0.00501,-0.02369,0.06615,0.08221,0.63113,1,0
1768333694.093180,-0.04183,0.37706,-1.17334,-0.03687,-0.00117,-0.00012,0.56324,0.00090,0.22806,-0.00052,0.70681,0.00055,0.70740,1,3,0.99932,0.02763,0.00501,-0.02369,0.06615,0.08221,0.63113,1,0
1768333694.095195,-0.03943,0.39744,-1.15084,-0.03881,-0.00274,-0.00024,0.56328,0.00090,0.22806,-0.00052,0.70681,0.00055,0.70740,1,3,0.99932,0.02763,0.00501,-0.02369,0.06615,0.08221,0.63113,1,0
1768333694.097181,-0.01595,0.36388,-1.08935,-0.03637,-0.00364,-0.00047,0.56332,0.00090,0.22806,-0.00052,0.70681,0.00055,0.70740,1,3,0.99932,0.02763,0.00501,-0.02369,0.06615,0.08221,0.63113,1,0
1768333694.099175,-0.03691,0.38171,-1.10479,-0.03659,-0.00391,-0.00033,0.56332,0.00090,0.22806,-0.00052,0.70681,0.00055,0.70740,1,3,0.99931,0.02820,0.00537,-0.02338,0.06639,0.08221,0.63146,1,0
1768333694.101175,-0.01766,0.35964,-1.10455,-0.03445,-0.00375,-0.00075,0.56332,0.00090,0.22806,-0.00052,0.70681,0.00055,0.70740,1,3,0.99931,0.02820,0.00537,-0.02338,0.06639,0.08221,0.63146,1,0
1768333694.103179,-0.03735,0.37185,-1.12723,-0.03627,-0.00389,-0.00008,0.56336,0.00090,0.22806,-0.00052,0.70681,0.00055,0.70740,1,3,0.99931,0.02820,0.00537,-0.02338,0.06639,0.08221,0.63146,1,0
1768333694.105181,-0.02435,0.36905,-1.13487,-0.03653,-0.00392,-0.00023,0.56336,0.00090,0.22806,-0.00052,0.70681,0.00055,0.70740,1,3,0.99931,0.02820,0.00537,-0.02338,0.06639,0.08221,0.63146,1,0
1768333694.107184,-0.03710,0.37186,-1.14240,-0.03649,-0.00402,-0.00009,0.56344,0.00090,0.22806,-0.00052,0.70681,0.00055,0.70740,1,3,0.99931,0.02820,0.00537,-0.02338,0.06639,0.08221,0.63146,1,0
1768333694.109213,-0.01951,0.36095,-1.13493,-0.03706,-0.00322,-0.00064,0.56344,0.00090,0.22806,-0.00052,0.70681,0.00055,0.70740,1,3,0.99931,0.02820,0.00537,-0.02338,0.06639,0.08221,0.63146,1,0
1768333694.111223,-0.04980,0.38775,-1.13539,-0.03717,-0.00210,0.00005,0.56344,0.00090,0.22806,-0.00052,0.70681,0.00055,0.70740,1,3,0.99931,0.02820,0.00537,-0.02338,0.06639,0.08221,0.63146,1,0
1768333694.113192,-0.04385,0.36214,-1.16501,-0.03770,-0.00432,-0.00063,0.56348,0.00090,0.22806,-0.00052,0.70681,0.00055,0.70740,1,3,0.99931,0.02820,0.00537,-0.02338,0.06639,0.08221,0.63146,1,0
1768333694.115201,-0.03597,0.39145,-1.17327,-0.03757,-0.00430,-0.00025,0.56348,0.00090,0.22806,-0.00052,0.70681,0.00055,0.70740,1,3,0.99931,0.02820,0.00537,-0.02338,0.06639,0.08221,0.63146,1,0
1768333694.117188,-0.02841,0.36605,-1.14234,-0.03700,-0.00335,0.00004,0.56352,0.00090,0.22806,-0.00052,0.70681,0.00055,0.70740,1,3,0.99931,0.02820,0.00537,-0.02338,0.06639,0.08221,0.63146,1,0
1768333694.119227,-0.04589,0.33208,-1.14153,-0.03610,-0.00312,-0.00021,0.56356,0.00090,0.22806,-0.00052,0.70681,0.00055,0.70740,1,3,0.99931,0.02820,0.00537,-0.02338,0.06639,0.08221,0.63146,1,0
1768333694.121198,-0.03853,0.33793,-1.11888,-0.03472,-0.00398,-0.00033,0.56356,0.00090,0.22806,-0.00052,0.70681,0.00055,0.70740,1,3,0.99931,0.02820,0.00537,-0.02338,0.06639,0.08221,0.63146,1,0
1768333694.123238,-0.03716,0.36669,-1.13466,-0.03655,-0.00376,0.00005,0.56356,0.00090,0.22806,-0.00052,0.70681,0.00055,0.70740,1,3,0.99931,0.02820,0.00537,-0.02338,0.06639,0.08221,0.63146,1,0
1768333694.125270,-0.04946,0.36899,-1.15797,-0.03653,-0.00287,-0.00103,0.56360,0.00090,0.22806,-0.00052,0.70681,0.00055,0.70740,1,3,0.99931,0.02820,0.00537,-0.02338,0.06639,0.08221,0.63146,1,0
1768333694.127202,-0.05350,0.33627,-1.13434,-0.03693,-0.00203,-0.00073,0.56360,0.00090,0.22806,-0.00052,0.70681,0.00055,0.70740,1,3,0.99931,0.02820,0.00537,-0.02338,0.06639,0.08221,0.63146,1,0
1768333694.129194,-0.03458,0.36898,-1.06648,-0.03521,-0.00303,0.00023,0.56360,0.00090,0.22806,-0.00052,0.70681,0.00055,0.70740,1,3,0.99931,0.02820,0.00537,-0.02338,0.06639,0.08221,0.63146,1,0
1768333694.131198,-0.02695,0.37074,-1.04385,-0.03345,-0.00466,-0.00056,0.56364,0.00090,0.22806,-0.00052,0.70682,0.00055,0.70740,1,3,0.99931,0.02820,0.00537,-0.02338,0.06639,0.08221,0.63146,1,0
1768333694.133212,-0.03063,0.37233,-1.05895,-0.03452,-0.00398,-0.00003,0.56364,0.00090,0.22806,-0.00052,0.70682,0.00055,0.70740,1,3,0.99931,0.02820,0.00537,-0.02338,0.06639,0.08221,0.63146,1,0
1768333694.135357,-0.01932,0.38061,-1.12771,-0.03748,-0.00336,-0.00037,0.56368,0.00090,0.22806,-0.00052,0.70681,0.00055,0.70740,1,3,0.99926,0.02873,0.00685,-0.02473,0.06655,0.08209,0.63104,1,0
1768333694.137274,-0.04822,0.37808,-1.06652,-0.03860,-0.00287,0.00038,0.56368,0.00090,0.22806,-0.00052,0.70681,0.00055,0.70740,1,3,0.99926,0.02873,0.00685,-0.02473,0.06655,0.08209,0.63104,1,0
1768333694.139230,0.00549,0.38004,-1.08990,-0.03704,-0.00315,-0.00036,0.56372,0.00090,0.22806,-0.00052,0.70681,0.00055,0.70740,1,3,0.99926,0.02873,0.00685,-0.02473,0.06655,0.08209,0.63104,1,0
1768333694.141229,-0.04867,0.33252,-1.10370,-0.03347,-0.00258,-0.00018,0.56372,0.00090,0.22806,-0.00052,0.70681,0.00055,0.70740,1,3,0.99926,0.02873,0.00685,-0.02473,0.06655,0.08209,0.63104,1,0
1768333694.143215,-0.02070,0.34480,-1.11189,-0.03660,-0.00128,-0.00022,0.56376,0.00090,0.22806,-0.00052,0.70681,0.00055,0.70740,1,3,0.99926,0.02873,0.00685,-0.02473,0.06655,0.08209,0.63104,1,0
1768333694.145217,-0.03812,0.38047,-1.10507,-0.03595,-0.00199,-0.00034,0.56380,0.00090,0.22806,-0.00052,0.70682,0.00055,0.70740,1,3,0.99926,0.02873,0.00685,-0.02473,0.06655,0.08209,0.63104,1,0
1768333694.147237,-0.02911,0.38604,-1.12013,-0.03632,-0.00337,-0.00009,0.56380,0.00090,0.22806,-0.00052,0.70682,0.00055,0.70740,1,3,0.99926,0.02873,0.00685,-0.02473,0.06655,0.08209,0.63104,1,0
1768333694.149251,-0.02994,0.38580,-1.08986,-0.03567,-0.00272,-0.00006,0.56384,0.00090,0.22805,-0.00052,0.70682,0.00055,0.70739,1,3,0.99926,0.02873,0.00685,-0.02473,0.06655,0.08209,0.63104,1,0
1768333694.151221,-0.01219,0.36606,-1.11999,-0.03591,-0.00318,-0.00077,0.56384,0.00090,0.22805,-0.00052,0.70682,0.00055,0.70739,1,3,0.99926,0.02873,0.00685,-0.02473,0.06655,0.08209,0.63104,1,0
1768333694.153286,-0.05731,0.33957,-1.13418,-0.03711,-0.00312,-0.00059,0.56388,0.00090,0.22805,-0.00052,0.70682,0.00055,0.70739,1,3,0.99926,0.02873,0.00685,-0.02473,0.06655,0.08209,0.63104,1,0
1768333694.155228,-0.03507,0.35405,-1.18766,-0.03474,-0.00288,0.00014,0.56388,0.00090,0.22805,-0.00052,0.70682,0.00055,0.70739,1,3,0.99926,0.02873,0.00685,-0.02473,0.06655,0.08209,0.63104,1,0
1768333694.157223,-0.04846,0.39932,-1.15058,-0.03769,-0.00454,-0.00022,0.56392,0.00090,0.22805,-0.00052,0.70682,0.00055,0.70739,1,3,0.99926,0.02873,0.00685,-0.02473,0.06655,0.08209,0.63104,1,0
1768333694.159320,-0.02767,0.37161,-1.14219,-0.03759,-0.00451,0.00031,0.56392,0.00090,0.22805,-0.00052,0.70682,0.00055,0.70739,1,3,0.99926,0.02873,0.00685,-0.02473,0.06655,0.08209,0.63104,1,0
1768333694.161264,-0.02795,0.39647,-1.15070,-0.03707,-0.00441,-0.00038,0.56392,0.00090,0.22805,-0.00052,0.70682,0.00055,0.70739,1,3,0.99926,0.02873,0.00685,-0.02473,0.06655,0.08209,0.63104,1,0
1768333694.163354,-0.04049,0.34461,-1.12660,-0.03704,-0.00383,-0.00033,0.56396,0.00090,0.22805,-0.00052,0.70682,0.00055,0.70739,1,3,0.99926,0.02873,0.00685,-0.02473,0.06655,0.08209,0.63104,1,0
1768333694.165258,-0.03007,0.39608,-1.11296,-0.03532,-0.00311,-0.00035,0.56396,0.00090,0.22805,-0.00052,0.70682,0.00055,0.70739,1,3,0.99926,0.02873,0.00685,-0.02473,0.06655,0.08209,0.63104,1,0
1768333694.167254,-0.01511,0.35914,-1.11945,-0.03708,-0.00428,-0.00036,0.56400,0.00090,0.22805,-0.00052,0.70682,0.00055,0.70739,1,3,0.99925,0.02962,0.00642,-0.02427,0.06681,0.08209,0.63142,1,0
1768333694.169250,-0.01960,0.39181,-1.13549,-0.03669,-0.00476,-0.00064,0.56400,0.00090,0.22805,-0.00052,0.70682,0.00055,0.70739,1,3,0.99925,0.02962,0.00642,-0.02427,0.06681,0.08209,0.63142,1,0
1768333694.171261,-0.03304,0.34796,-1.11916,-0.03700,-0.00214,0.00033,0.56404,0.00090,0.22805,-0.00052,0.70682,0.00055,0.70739,1,3,0.99925,0.02962,0.00642,-0.02427,0.06681,0.08209,0.63142,1,0
1768333694.173259,-0.04610,0.37483,-1.13515,-0.03689,-0.00137,0.00019,0.56408,0.00090,0.22805,-0.00052,0.70682,0.00055,0.70739,1,3,0.99925,0.02962,0.00642,-0.02427,0.06681,0.08209,0.63142,1,0
1768333694.175249,-0.03312,0.35774,-1.11195,-0.03688,-0.00190,0.00006,0.56408,0.00090,0.22805,-0.00052,0.70682,0.00055,0.70739,1,3,0.99925,0.02962,0.00642,-0.02427,0.06681,0.08209,0.63142,1,0
1768333694.177279,-0.02610,0.36342,-1.09713,-0.03506,-0.00225,-0.00047,0.56412,0.00090,0.22805,-0.00052,0.70682,0.00055,0.70739,1,3,0.99925,0.02962,0.00642,-0.02427,0.06681,0.08209,0.63142,1,0
1768333694.179728,-0.03303,0.35860,-1.15738,-0.03665,-0.00304,0.00003,0.56416,0.00090,0.22805,-0.00052,0.70682,0.00055,0.70739,1,3,0.99925,0.02962,0.00642,-0.02427,0.06681,0.08209,0.63142,1,0
1768333694.181243,-0.05413,0.35636,-1.13471,-0.03646,-0.00241,-0.00047,0.56416,0.00090,0.22805,-0.00052,0.70682,0.00055,0.70739,1,3,0.99925,0.02962,0.00642,-0.02427,0.06681,0.08209,0.63142,1,0
1768333694.183244,-0.04559,0.39616,-1.09763,-0.03664,-0.00318,-0.00032,0.56416,0.00090,0.22805,-0.00052,0.70682,0.00055,0.70739,1,3,0.99925,0.02962,0.00642,-0.02427,0.06681,0.08209,0.63142,1,0
1768333694.185277,-0.00197,0.36169,-1.14238,-0.03727,-0.00482,-0.00066,0.56420,0.00090,0.22805,-0.00052,0.70682,0.00055,0.70740,1,3,0.99925,0.02962,0.00642,-0.02427,0.06681,0.08209,0.63142,1,0
1768333694.187257,-0.02949,0.36151,-1.16514,-0.03574,-0.00334,-0.00025,0.56420,0.00090,0.22805,-0.00052,0.70682,0.00055,0.70740,1,3,0.99925,0.02962,0.00642,-0.02427,0.06681,0.08209,0.63142,1,0
1768333694.189289,-0.03640,0.34206,-1.13422,-0.03685,-0.00376,-0.00048,0.56420,0.00090,0.22805,-0.00052,0.70682,0.00055,0.70740,1,3,0.99925,0.02962,0.00642,-0.02427,0.06681,0.08209,0.63142,1,0
1768333694.191320,-0.03845,0.36785,-1.10420,-0.03501,-0.00463,0.00008,0.56424,0.00090,0.22805,-0.00052,0.70682,0.00055,0.70740,1,3,0.99925,0.02962,0.00642,-0.02427,0.06681,0.08209,0.63142,1,0
1768333694.193268,0.00863,0.36529,-1.05125,-0.03504,-0.00572,-0.00046,0.56424,0.00090,0.22805,-0.00052,0.70682,0.00055,0.70740,1,3,0.99925,0.02962,0.00642,-0.02427,0.06681,0.08209,0.63142,1,0
1768333694.195331,-0.02702,0.36424,-1.08189,-0.03396,-0.00288,-0.00046,0.56428,0.00090,0.22805,-0.00052,0.70682,0.00055,0.70740,1,3,0.99925,0.02962,0.00642,-0.02427,0.06681,0.08209,0.63142,1,0
1768333694.197256,-0.01794,0.37239,-1.12787,-0.03517,-0.00146,-0.00038,0.56428,0.00090,0.22805,-0.00052,0.70682,0.00055,0.70740,1,3,0.99925,0.02962,0.00642,-0.02427,0.06681,0.08209,0.63142,1,0
1768333694.199270,-0.05141,0.38240,-1.12779,-0.03593,-0.00106,0.00019,0.56432,0.00090,0.22806,-0.00052,0.70681,0.00055,0.70740,1,3,0.99927,0.03022,0.00586,-0.02284,0.06702,0.08204,0.63145,1,0
1768333694.201281,-0.03807,0.38116,-1.08959,-0.03594,-0.00300,0.00008,0.56432,0.00090,0.22806,-0.00052,0.70681,0.00055,0.70740,1,3,0.99927,0.03022,0.00586,-0.02284,0.06702,0.08204,0.63145,1,0
1768333694.203301,-0.00360,0.36198,-1.05133,-0.03573,-0.00443,-0.00059,0.56436,0.00090,0.22805,-0.00052,0.70682,0.00055,0.70740,1,3,0.99927,0.03022,0.00586,-0.02284,0.06702,0.08204,0.63145,1,0
1768333694.205264,-0.01087,0.33904,-1.08889,-0.03339,-0.00254,-0.00021,0.56440,0.00090,0.22805,-0.00052,0.70682,0.00055,0.70740,1,3,0.99927,0.03022,0.00586,-0.02284,0.06702,0.08204,0.63145,1,0
1768333694.207294,-0.04305,0.36776,-1.11222,-0.03567,-0.00140,0.00020,0.56440,0.00090,0.22805,-0.00052,0.70682,0.00055,0.70740,1,3,0.99927,0.03022,0.00586,-0.02284,0.06702,0.08204,0.63145,1,0
1768333694.209260,-0.03733,0.39622,-1.12061,-0.03620,-0.00329,-0.00075,0.56444,0.00090,0.22806,-0.00052,0.70681,0.00055,0.70740,1,3,0.99927,0.03022,0.00586,-0.02284,0.06702,0.08204,0.63145,1,0
1768333694.211373,-0.03687,0.40094,-1.12803,-0.03701,-0.00354,-0.00009,0.56444,0.00090,0.22806,-0.00052,0.70681,0.00055,0.70740,1,3,0.99927,0.03022,0.00586,-0.02284,0.06702,0.08204,0.63145,1,0
1768333694.213275,-0.01040,0.37124,-1.13519,-0.03737,-0.00410,-0.00092,0.56448,0.00090,0.22805,-0.00052,0.70681,0.00055,0.70740,1,3,0.99927,0.03022,0.00586,-0.02284,0.06702,0.08204,0.63145,1,0
1768333694.215275,-0.02957,0.34571,-1.11918,-0.03615,-0.00218,0.00019,0.56448,0.00090,0.22805,-0.00052,0.70681,0.00055,0.70740,1,3,0.99927,0.03022,0.00586,-0.02284,0.06702,0.08204,0.63145,1,0
1768333694.217304,-0.05598,0.36234,-1.04375,-0.03442,-0.00278,-0.00053,0.56452,0.00090,0.22805,-0.00052,0.70682,0.00055,0.70740,1,3,0.99927,0.03022,0.00586,-0.02284,0.06702,0.08204,0.63145,1,0
1768333694.219355,-0.02007,0.38262,-1.10485,-0.03592,-0.00526,-0.00075,0.56452,0.00090,0.22805,-0.00052,0.70682,0.00055,0.70740,1,3,0.99927,0.03022,0.00586,-0.02284,0.06702,0.08204,0.63145,1,0
1768333694.221287,-0.01972,0.36283,-1.11910,-0.03660,-0.00574,0.00019,0.56456,0.00090,0.22805,-0.00052,0.70682,0.00055,0.70739,1,3,0.99927,0.03022,0.00586,-0.02284,0.06702,0.08204,0.63145,1,0
1768333694.223296,-0.02453,0.37420,-1.12744,-0.03624,-0.00405,-0.00036,0.56456,0.00090,0.22805,-0.00052,0.70682,0.00055,0.70739,1,3,0.99927,0.03022,0.00586,-0.02284,0.06702,0.08204,0.63145,1,0
1768333694.225291,-0.02073,0.32173,-1.09553,-0.03622,-0.00341,0.00048,0.56456,0.00090,0.22805,-0.00052,0.70682,0.00055,0.70739,1,3,0.99927,0.03022,0.00586,-0.02284,0.06702,0.08204,0.63145,1,0
1768333694.227298,-0.03824,0.37708,-1.12744,-0.03534,-0.00389,-0.00021,0.56460,0.00090,0.22805,-0.00052,0.70682,0.00055,0.70739,1,3,0.99927,0.03022,0.00586,-0.02284,0.06702,0.08204,0.63145,1,0
1768333694.229293,-0.01086,0.32213,-1.14871,-0.03709,-0.00455,0.00003,0.56460,0.00090,0.22805,-0.00052,0.70682,0.00055,0.70739,1,3,0.99927,0.03022,0.00586,-0.02284,0.06702,0.08204,0.63145,1,0
1768333694.231337,-0.02948,0.36656,-1.11974,-0.03568,-0.00335,-0.00035,0.56464,0.00090,0.22805,-0.00052,0.70682,0.00055,0.70739,1,3,0.99918,0.03096,0.00637,-0.02542,0.06721,0.08195,0.63117,1,0
1768333694.233289,-0.05188,0.32995,-1.05807,-0.03438,-0.00255,-0.00027,0.56464,0.00090,0.22805,-0.00052,0.70682,0.00055,0.70739,1,3,0.99918,0.03096,0.00637,-0.02542,0.06721,0.08195,0.63117,1,0
1768333694.235363,-0.05286,0.32561,-1.03508,-0.03334,-0.00291,-0.00012,0.56469,0.00090,0.22805,-0.00052,0.70682,0.00055,0.70739,1,3,0.99918,0.03096,0.00637,-0.02542,0.06721,0.08195,0.63117,1,0
1768333694.237278,-0.02183,0.39675,-1.09787,-0.03466,-0.00386,-0.00075,0.56473,0.00090,0.22805,-0.00052,0.70682,0.00055,0.70739,1,3,0.99918,0.03096,0.00637,-0.02542,0.06721,0.08195,0.63117,1,0
1768333694.239336,-0.02797,0.35103,-1.14956,-0.03740,-0.00322,0.00004,0.56473,0.00090,0.22805,-0.00052,0.70682,0.00055,0.70739,1,3,0.99918,0.03096,0.00637,-0.02542,0.06721,0.08195,0.63117,1,0
1768333694.241296,-0.03382,0.33815,-1.07382,-0.03581,-0.00138,-0.00058,0.56477,0.00090,0.22805,-0.00052,0.70682,0.00055,0.70739,1,3,0.99918,0.03096,0.00637,-0.02542,0.06721,0.08195,0.63117,1,0
1768333694.243329,-0.02699,0.34457,-0.98277,-0.03376,-0.00262,-0.00065,0.56477,0.00090,0.22805,-0.00052,0.70682,0.00055,0.70739,1,3,0.99918,0.03096,0.00637,-0.02542,0.06721,0.08195,0.63117,1,0
1768333694.245291,-0.02293,0.35737,-1.00569,-0.03361,-0.00343,-0.00040,0.56481,0.00090,0.22805,-0.00052,0.70682,0.00055,0.70739,1,3,0.99918,0.03096,0.00637,-0.02542,0.06721,0.08195,0.63117,1,0
1768333694.247294,-0.03402,0.36055,-1.11158,-0.03510,-0.00493,0.00007,0.56481,0.00090,0.22805,-0.00052,0.70682,0.00055,0.70739,1,3,0.99918,0.03096,0.00637,-0.02542,0.06721,0.08195,0.63117,1,0
1768333694.249309,-0.03256,0.40267,-1.13592,-0.03721,-0.00271,-0.00037,0.56485,0.00090,0.22805,-0.00052,0.70682,0.00055,0.70739,1,3,0.99918,0.03096,0.00637,-0.02542,0.06721,0.08195,0.63117,1,0
1768333694.251324,-0.01149,0.40548,-1.14331,-0.03717,-0.00397,0.00015,0.56485,0.00090,0.22805,-0.00052,0.70682,0.00055,0.70739,1,3,0.99918,0.03096,0.00637,-0.02542,0.06721,0.08195,0.63117,1,0
1768333694.253294,-0.02943,0.37606,-1.06701,-0.03579,-0.00273,-0.00058,0.56485,0.00090,0.22805,-0.00052,0.70682,0.00055,0.70739,1,3,0.99918,0.03096,0.00637,-0.02542,0.06721,0.08195,0.63117,1,0
1768333694.255327,-0.01935,0.29507,-1.07251,-0.03305,-0.00266,-0.00017,0.56489,0.00090,0.22804,-0.00052,0.70683,0.00055,0.70739,1,3,0.99918,0.03096,0.00637,-0.02542,0.06721,0.08195,0.63117,1,0
1768333694.257302,-0.05137,0.30458,-0.99682,-0.03491,-0.00165,-0.00035,0.56489,0.00090,0.22804,-0.00052,0.70683,0.00055,0.70739,1,3,0.99918,0.03096,0.00637,-0.02542,0.06721,0.08195,0.63117,1,0
1768333694.259319,-0.00976,0.32817,-1.09637,-0.03462,-0.00166,-0.00035,0.56493,0.00090,0.22804,-0.00052,0.70683,0.00055,0.70738,1,3,0.99918,0.03096,0.00637,-0.02542,0.06721,0.08195,0.63117,1,0
1768333694.261292,-0.03030,0.37487,-1.09728,-0.03580,-0.00144,0.00020,0.56493,0.00090,0.22804,-0.00052,0.70683,0.00055,0.70738,1,3,0.99918,0.03096,0.00637,-0.02542,0.06721,0.08195,0.63117,1,0
1768333694.263297,-0.04677,0.38192,-1.13505,-0.03550,-0.00365,0.00006,0.56497,0.00090,0.22805,-0.00052,0.70683,0.00055,0.70739,1,3,0.99918,0.03182,0.00673,-0.02431,0.06741,0.08190,0.63115,1,0
1768333694.265308,-0.04094,0.40420,-1.13548,-0.03697,-0.00450,0.00005,0.56497,0.00090,0.22805,-0.00052,0.70683,0.00055,0.70739,1,3,0.99918,0.03182,0.00673,-0.02431,0.06741,0.08190,0.63115,1,0
1768333694.267316,-0.03161,0.37409,-1.15772,-0.03756,-0.00422,-0.00037,0.56501,0.00090,0.22804,-0.00052,0.70683,0.00055,0.70739,1,3,0.99918,0.03182,0.00673,-0.02431,0.06741,0.08190,0.63115,1,0
1768333694.269317,-0.01021,0.34749,-1.14948,-0.03722,-0.00535,-0.00065,0.56505,0.00090,0.22804,-0.00052,0.70683,0.00055,0.70739,1,3,0.99918,0.03182,0.00673,-0.02431,0.06741,0.08190,0.63115,1,0
1768333694.271329,-0.02514,0.32498,-1.08077,-0.03531,-0.00363,-0.00058,0.56505,0.00090,0.22804,-0.00052,0.70683,0.00055,0.70739,1,3,0.99918,0.03182,0.00673,-0.02431,0.06741,0.08190,0.63115,1,0
1768333694.273304,-0.06019,0.34528,-1.05816,-0.03463,-0.00322,0.00014,0.56509,0.00090,0.22804,-0.00052,0.70683,0.00055,0.70738,1,3,0.99918,0.03182,0.00673,-0.02431,0.06741,0.08190,0.63115,1,0
1768333694.275321,-0.03064,0.35242,-1.08880,-0.03454,-0.00383,0.00008,0.56509,0.00090,0.22804,-0.00052,0.70683,0.00055,0.70738,1,3,0.99918,0.03182,0.00673,-0.02431,0.06741,0.08190,0.63115,1,0
1768333694.277324,-0.03323,0.38989,-1.14287,-0.03584,-0.00485,-0.00037,0.56513,0.00090,0.22804,-0.00052,0.70683,0.00055,0.70738,1,3,0.99918,0.03182,0.00673,-0.02431,0.06741,0.08190,0.63115,1,0
1768333694.279342,-0.02740,0.34708,-1.07361,-0.03723,-0.00413,-0.00057,0.56513,0.00090,0.22804,-0.00052,0.70683,0.00055,0.70738,1,3,0.99918,0.03182,0.00673,-0.02431,0.06741,0.08190,0.63115,1,0
1768333694.281322,-0.03507,0.35372,-1.03638,-0.03431,-0.00164,-0.00096,0.56517,0.00090,0.22804,-0.00052,0.70683,0.00055,0.70738,1,3,0.99918,0.03182,0.00673,-0.02431,0.06741,0.08190,0.63115,1,0
1768333694.283342,-0.01891,0.35330,-1.05152,-0.03388,-0.00157,-0.00058,0.56517,0.00090,0.22804,-0.00052,0.70683,0.00055,0.70738,1,3,0.99918,0.03182,0.00673,-0.02431,0.06741,0.08190,0.63115,1,0
1768333694.285350,-0.02625,0.37783,-1.11259,-0.03533,-0.00200,-0.00009,0.56517,0.00090,0.22804,-0.00052,0.70683,0.00055,0.70738,1,3,0.99918,0.03182,0.00673,-0.02431,0.06741,0.08190,0.63115,1,0
1768333694.287333,-0.00655,0.34872,-1.14972,-0.03721,-0.00387,-0.00052,0.56521,0.00090,0.22804,-0.00052,0.70683,0.00055,0.70738,1,3,0.99918,0.03182,0.00673,-0.02431,0.06741,0.08190,0.63115,1,0
1768333694.289338,-0.02777,0.38586,-1.06727,-0.03720,-0.00315,-0.00085,0.56521,0.00090,0.22804,-0.00052,0.70683,0.00055,0.70738,1,3,0.99918,0.03182,0.00673,-0.02431,0.06741,0.08190,0.63115,1,0
1768333694.291343,-0.01165,0.33830,-1.02832,-0.03296,-0.00126,-0.00016,0.56525,0.00090,0.22805,-0.00052,0.70683,0.00055,0.70739,1,3,0.99918,0.03182,0.00673,-0.02431,0.06741,0.08190,0.63115,1,0
1768333694.293337,-0.04929,0.37553,-1.00618,-0.03382,-0.00084,0.00028,0.56525,0.00090,0.22805,-0.00052,0.70683,0.00055,0.70739,1,3,0.99918,0.03182,0.00673,-0.02431,0.06741,0.08190,0.63115,1,0
1768333694.295318,-0.01405,0.36562,-1.08964,-0.03460,-0.00214,-0.00035,0.56529,0.00090,0.22805,-0.00052,0.70682,0.00055,0.70739,1,3,0.99922,0.03218,0.00410,-0.02255,0.06770,0.08191,0.63174,1,0
1768333694.297354,-0.03458,0.38257,-1.08223,-0.03571,-0.00165,0.00021,0.56529,0.00090,0.22805,-0.00052,0.70682,0.00055,0.70739,1,3,0.99922,0.03218,0.00410,-0.02255,0.06770,0.08191,0.63174,1,0
1768333694.299327,-0.02803,0.38565,-1.10493,-0.03742,-0.00325,-0.00007,0.56533,0.00090,0.22805,-0.00052,0.70682,0.00055,0.70739,1,3,0.99922,0.03218,0.00410,-0.02255,0.06770,0.08191,0.63174,1,0
1768333694.301349,-0.04035,0.40826,-1.11316,-0.03758,-0.00338,-0.00048,0.56533,0.00090,0.22805,-0.00052,0.70682,0.00055,0.70739,1,3,0.99922,0.03218,0.00410,-0.02255,0.06770,0.08191,0.63174,1,0
1768333694.303326,-0.02843,0.34694,-1.08130,-0.03636,-0.00361,-0.00058,0.56533,0.00090,0.22805,-0.00052,0.70682,0.00055,0.70739,1,3,0.99922,0.03218,0.00410,-0.02255,0.06770,0.08191,0.63174,1,0
1768333694.305367,-0.03481,0.30521,-1.08012,-0.03446,-0.00311,-0.00003,0.56537,0.00090,0.22804,-0.00052,0.70683,0.00055,0.70739,1,3,0.99922,0.03218,0.00410,-0.02255,0.06770,0.08191,0.63174,1,0
1768333694.307344,-0.02278,0.33151,-1.04291,-0.03436,-0.00239,0.00025,0.56541,0.00090,0.22805,-0.00052,0.70683,0.00055,0.70739,1,3,0.99922,0.03218,0.00410,-0.02255,0.06770,0.08191,0.63174,1,0
1768333694.309356,-0.02225,0.34719,-1.08885,-0.03439,-0.00355,-0.00019,0.56545,0.00090,0.22804,-0.00052,0.70683,0.00055,0.70739,1,3,0.99922,0.03218,0.00410,-0.02255,0.06770,0.08191,0.63174,1,0
1768333694.311354,-0.03568,0.34957,-1.12706,-0.03370,-0.00276,-0.00048,0.56545,0.00090,0.22804,-0.00052,0.70683,0.00055,0.70739,1,3,0.99922,0.03218,0.00410,-0.02255,0.06770,0.08191,0.63174,1,0
1768333694.313363,-0.02394,0.36328,-1.12737,-0.03703,-0.00291,-0.00049,0.56549,0.00090,0.22805,-0.00052,0.70683,0.00055,0.70739,1,3,0.99922,0.03218,0.00410,-0.02255,0.06770,0.08191,0.63174,1,0
1768333694.315358,-0.03471,0.36808,-1.09718,-0.03523,-0.00177,-0.00020,0.56549,0.00090,0.22805,-0.00052,0.70683,0.00055,0.70739,1,3,0.99922,0.03218,0.00410,-0.02255,0.06770,0.08191,0.63174,1,0
1768333694.317385,-0.04324,0.39291,-1.05993,-0.03515,-0.00156,-0.00044,0.56553,0.00090,0.22804,-0.00052,0.70683,0.00055,0.70739,1,3,0.99922,0.03218,0.00410,-0.02255,0.06770,0.08191,0.63174,1,0
1768333694.319359,-0.02190,0.34122,-1.04324,-0.03511,-0.00241,-0.00002,0.56553,0.00090,0.22804,-0.00052,0.70683,0.00055,0.70739,1,3,0.99922,0.03218,0.00410,-0.02255,0.06770,0.08191,0.63174,1,0
1768333694.321342,-0.04332,0.33932,-1.09630,-0.03470,-0.00240,-0.00018,0.56553,0.00090,0.22804,-0.00052,0.70683,0.00055,0.70739,1,3,0.99922,0.03218,0.00410,-0.02255,0.06770,0.08191,0.63174,1,0
1768333694.323336,-0.01530,0.36602,-1.12728,-0.03372,-0.00262,0.00043,0.56557,0.00090,0.22804,-0.00052,0.70683,0.00055,0.70738,1,3,0.99922,0.03218,0.00410,-0.02255,0.06770,0.08191,0.63174,1,0
1768333694.325339,-0.02870,0.37529,-1.11246,-0.03689,-0.00235,-0.00021,0.56557,0.00090,0.22804,-0.00052,0.70683,0.00055,0.70738,1,3,0.99922,0.03218,0.00410,-0.02255,0.06770,0.08191,0.63174,1,0
1768333694.327346,-0.03280,0.38279,-1.12780,-0.03702,-0.00243,-0.00022,0.56561,0.00090,0.22804,-0.00052,0.70683,0.00055,0.70739,1,3,0.99922,0.03218,0.00410,-0.02255,0.06770,0.08191,0.63174,1,0
1768333694.329343,-0.04131,0.38344,-1.13529,-0.03679,-0.00296,-0.00022,0.56561,0.00090,0.22804,-0.00052,0.70683,0.00055,0.70739,1,3,0.99914,0.03300,0.00631,-0.02448,0.06786,0.08181,0.63134,1,0
1768333694.331337,-0.02931,0.36204,-1.06632,-0.03574,-0.00386,-0.00017,0.56561,0.00090,0.22804,-0.00052,0.70683,0.00055,0.70739,1,3,0.99914,0.03300,0.00631,-0.02448,0.06786,0.08181,0.63134,1,0
1768333694.333424,-0.02265,0.35809,-1.03594,-0.03360,-0.00445,-0.00042,0.56565,0.00090,0.22804,-0.00052,0.70683,0.00055,0.70738,1,3,0.99914,0.03300,0.00631,-0.02448,0.06786,0.08181,0.63134,1,0
1768333694.335362,-0.01858,0.33985,-1.05073,-0.03382,-0.00346,-0.00017,0.56565,0.00090,0.22804,-0.00052,0.70683,0.00055,0.70738,1,3,0.99914,0.03300,0.00631,-0.02448,0.06786,0.08181,0.63134,1,0
1768333694.337417,-0.01499,0.32598,-1.07343,-0.03377,-0.00159,-0.00006,0.56573,0.00090,0.22804,-0.00052,0.70683,0.00055,0.70738,1,3,0.99914,0.03300,0.00631,-0.02448,0.06786,0.08181,0.63134,1,0
1768333694.339362,-0.03412,0.33362,-1.11156,-0.03543,-0.00188,-0.00047,0.56573,0.00090,0.22804,-0.00052,0.70683,0.00055,0.70738,1,3,0.99914,0.03300,0.00631,-0.02448,0.06786,0.08181,0.63134,1,0
1768333694.341380,-0.03474,0.37226,-1.09731,-0.03561,-0.00100,0.00007,0.56578,0.00090,0.22805,-0.00052,0.70683,0.00055,0.70739,1,3,0.99914,0.03300,0.00631,-0.02448,0.06786,0.08181,0.63134,1,0
1768333694.343368,-0.04233,0.35864,-1.09703,-0.03556,-0.00206,-0.00072,0.56578,0.00090,0.22805,-0.00052,0.70683,0.00055,0.70739,1,3,0.99914,0.03300,0.00631,-0.02448,0.06786,0.08181,0.63134,1,0
1768333694.345385,-0.03137,0.38529,-1.06726,-0.03458,-0.00157,-0.00005,0.56582,0.00090,0.22805,-0.00052,0.70683,0.00055,0.70739,1,3,0.99914,0.03300,0.00631,-0.02448,0.06786,0.08181,0.63134,1,0
1768333694.347376,-0.01012,0.34752,-1.03572,-0.03503,-0.00153,0.00077,0.56582,0.00090,0.22805,-0.00052,0.70683,0.00055,0.70739,1,3,0.99914,0.03300,0.00631,-0.02448,0.06786,0.08181,0.63134,1,0
1768333694.349492,-0.03015,0.34049,-1.10390,-0.03578,-0.00166,0.00034,0.56586,0.00090,0.22804,-0.00052,0.70683,0.00055,0.70739,1,3,0.99914,0.03300,0.00631,-0.02448,0.06786,0.08181,0.63134,1,0
1768333694.351374,-0.01294,0.34487,-1.08174,-0.03573,-0.00113,-0.00061,0.56586,0.00090,0.22804,-0.00052,0.70683,0.00055,0.70739,1,3,0.99914,0.03300,0.00631,-0.02448,0.06786,0.08181,0.63134,1,0
1768333694.353364,-0.02763,0.33832,-1.09639,-0.03406,-0.00144,0.00020,0.56586,0.00090,0.22804,-0.00052,0.70683,0.00055,0.70739,1,3,0.99914,0.03300,0.00631,-0.02448,0.06786,0.08181,0.63134,1,0
1768333694.355370,-0.01581,0.34050,-1.04318,-0.03359,-0.00133,0.00077,0.56586,0.00090,0.22804,-0.00052,0.70683,0.00055,0.70739,1,3,0.99914,0.03300,0.00631,-0.02448,0.06786,0.08181,0.63134,1,0
1768333694.357362,-0.03800,0.38143,-1.08213,-0.03572,-0.00314,-0.00032,0.56589,0.00090,0.22804,-0.00052,0.70683,0.00055,0.70739,1,3,0.99914,0.03300,0.00631,-0.02448,0.06786,0.08181,0.63134,1,0
1768333694.359358,-0.02537,0.37387,-1.11218,-0.03581,-0.00353,0.00005,0.56589,0.00090,0.22804,-0.00052,0.70683,0.00055,0.70739,1,3,0.99914,0.03300,0.00631,-0.02448,0.06786,0.08181,0.63134,1,0
1768333694.361373,-0.03296,0.38874,-1.12043,-0.03629,-0.00333,-0.00076,0.56593,0.00090,0.22804,-0.00052,0.70683,0.00055,0.70739,1,3,0.99913,0.03358,0.00541,-0.02429,0.06809,0.08177,0.63148,1,0
1768333694.363389,-0.02960,0.39605,-1.04458,-0.03576,-0.00313,-0.00030,0.56593,0.00090,0.22804,-0.00052,0.70683,0.00055,0.70739,1,3,0.99913,0.03358,0.00541,-0.02429,0.06809,0.08177,0.63148,1,0
1768333694.365407,-0.03008,0.31865,-1.05009,-0.03430,-0.00446,-0.00055,0.56601,0.00090,0.22804,-0.00052,0.70683,0.00055,0.70739,1,3,0.99913,0.03358,0.00541,-0.02429,0.06809,0.08177,0.63148,1,0
1768333694.367720,-0.03401,0.31609,-1.05767,-0.03455,-0.00428,-0.00068,0.56601,0.00090,0.22804,-0.00052,0.70683,0.00055,0.70739,1,3,0.99913,0.03358,0.00541,-0.02429,0.06809,0.08177,0.63148,1,0
1768333694.369421,-0.00238,0.31412,-1.05022,-0.03347,-0.00249,0.00009,0.56605,0.00090,0.22804,-0.00052,0.70683,0.00055,0.70739,1,3,0.99913,0.03358,0.00541,-0.02429,0.06809,0.08177,0.63148,1,0
1768333694.371388,-0.04374,0.37290,-1.07446,-0.03495,-0.00128,0.00009,0.56605,0.00090,0.22804,-0.00052,0.70683,0.00055,0.70739,1,3,0.99913,0.03358,0.00541,-0.02429,0.06809,0.08177,0.63148,1,0
1768333694.373471,-0.01698,0.42691,-1.10629,-0.03626,-0.00228,-0.00024,0.56609,0.00090,0.22804,-0.00052,0.70683,0.00055,0.70739,1,3,0.99913,0.03358,0.00541,-0.02429,0.06809,0.08177,0.63148,1,0
1768333694.375387,-0.01545,0.41707,-1.15136,-0.03769,-0.00304,0.00000,0.56609,0.00090,0.22804,-0.00052,0.70683,0.00055,0.70739,1,3,0.99913,0.03358,0.00541,-0.02429,0.06809,0.08177,0.63148,1,0
1768333694.377378,-0.02839,0.36481,-1.11975,-0.03745,-0.00183,0.00005,0.56609,0.00090,0.22804,-0.00052,0.70683,0.00055,0.70739,1,3,0.99913,0.03358,0.00541,-0.02429,0.06809,0.08177,0.63148,1,0
1768333694.379389,-0.03316,0.31868,-1.10354,-0.03626,-0.00200,-0.00046,0.56613,0.00090,0.22804,-0.00052,0.70683,0.00055,0.70738,1,3,0.99913,0.03358,0.00541,-0.02429,0.06809,0.08177,0.63148,1,0
1768333694.381386,-0.03175,0.30759,-1.08059,-0.03312,-0.00240,-0.00071,0.56613,0.00090,0.22804,-0.00052,0.70683,0.00055,0.70738,1,3,0.99913,0.03358,0.00541,-0.02429,0.06809,0.08177,0.63148,1,0
1768333694.383419,-0.01592,0.32178,-1.08080,-0.03273,-0.00221,0.00008,0.56617,0.00090,0.22804,-0.00052,0.70683,0.00055,0.70738,1,3,0.99913,0.03358,0.00541,-0.02429,0.06809,0.08177,0.63148,1,0
1768333694.385404,-0.02501,0.36000,-1.11941,-0.03554,-0.00454,-0.00035,0.56617,0.00090,0.22804,-0.00052,0.70683,0.00055,0.70738,1,3,0.99913,0.03358,0.00541,-0.02429,0.06809,0.08177,0.63148,1,0
1768333694.387398,-0.01903,0.36149,-1.14222,-0.03749,-0.00423,-0.00024,0.56617,0.00090,0.22804,-0.00052,0.70683,0.00055,0.70738,1,3,0.99913,0.03358,0.00541,-0.02429,0.06809,0.08177,0.63148,1,0
1768333694.389408,-0.03669,0.37098,-1.15010,-0.03716,-0.00313,-0.00010,0.56621,0.00090,0.22804,-0.00052,0.70683,0.00055,0.70738,1,3,0.99913,0.03358,0.00541,-0.02429,0.06809,0.08177,0.63148,1,0
1768333694.391412,-0.03316,0.32987,-1.09593,-0.03591,-0.00366,-0.00031,0.56621,0.00090,0.22804,-0.00052,0.70683,0.00055,0.70738,1,3,0.99913,0.03358,0.00541,-0.02429,0.06809,0.08177,0.63148,1,0
1768333694.393409,-0.04623,0.33252,-1.05795,-0.03566,-0.00338,-0.00014,0.56625,0.00090,0.22804,-0.00052,0.70683,0.00055,0.70738,1,3,0.99913,0.03358,0.00541,-0.02429,0.06809,0.08177,0.63148,1,0
1768333694.395413,-0.01377,0.31228,-1.07261,-0.03459,-0.00349,0.00036,0.56625,0.00090,0.22804,-0.00052,0.70683,0.00055,0.70738,1,3,0.99913,0.03358,0.00541,-0.02429,0.06809,0.08177,0.63148,1,0
1768333694.397536,-0.03092,0.36170,-1.03612,-0.03443,-0.00283,-0.00015,0.56629,0.00090,0.22804,-0.00052,0.70683,0.00055,0.70738,1,3,0.99913,0.03433,0.00658,-0.02274,0.06832,0.08174,0.63163,1,0
1768333694.399421,-0.02746,0.35877,-0.99829,-0.03381,-0.00198,-0.00026,0.56629,0.00090,0.22804,-0.00052,0.70683,0.00055,0.70738,1,3,0.99913,0.03433,0.00658,-0.02274,0.06832,0.08174,0.63163,1,0
1768333694.401440,-0.02658,0.36773,-1.09727,-0.03501,-0.00148,-0.00021,0.56634,0.00090,0.22804,-0.00052,0.70683,0.00055,0.70739,1,3,0.99913,0.03433,0.00658,-0.02274,0.06832,0.08174,0.63163,1,0
1768333694.403406,-0.00702,0.37584,-1.08978,-0.03819,-0.00108,0.00032,0.56634,0.00090,0.22804,-0.00052,0.70683,0.00055,0.70739,1,3,0.99913,0.03433,0.00658,-0.02274,0.06832,0.08174,0.63163,1,0
1768333694.405404,-0.00901,0.36236,-1.04415,-0.03551,-0.00145,-0.00045,0.56638,0.00090,0.22804,-0.00052,0.70683,0.00055,0.70738,1,3,0.99913,0.03433,0.00658,-0.02274,0.06832,0.08174,0.63163,1,0
1768333694.407420,-0.02244,0.37025,-1.00615,-0.03498,-0.00154,-0.00001,0.56642,0.00090,0.22804,-0.00052,0.70683,0.00055,0.70738,1,3,0.99913,0.03433,0.00658,-0.02274,0.06832,0.08174,0.63163,1,0
1768333694.409428,-0.02643,0.36323,-1.07441,-0.03485,-0.00187,-0.00046,0.56642,0.00090,0.22804,-0.00052,0.70683,0.00055,0.70738,1,3,0.99913,0.03433,0.00658,-0.02274,0.06832,0.08174,0.63163,1,0
1768333694.411452,-0.03835,0.37404,-1.11997,-0.03668,-0.00057,0.00059,0.56646,0.00090,0.22804,-0.00052,0.70683,0.00055,0.70739,1,3,0.99913,0.03433,0.00658,-0.02274,0.06832,0.08174,0.63163,1,0
1768333694.413431,-0.00246,0.37030,-1.10483,-0.03738,-0.00318,-0.00050,0.56646,0.00090,0.22804,-0.00052,0.70683,0.00055,0.70739,1,3,0.99913,0.03433,0.00658,-0.02274,0.06832,0.08174,0.63163,1,0
1768333694.415424,-0.02610,0.34415,-1.01279,-0.03508,-0.00287,0.00014,0.56650,0.00090,0.22804,-0.00052,0.70683,0.00055,0.70739,1,3,0.99913,0.03433,0.00658,-0.02274,0.06832,0.08174,0.63163,1,0
1768333694.417423,-0.02295,0.31702,-0.96692,-0.03366,-0.00214,-0.00050,0.56650,0.00090,0.22804,-0.00052,0.70683,0.00055,0.70739,1,3,0.99913,0.03433,0.00658,-0.02274,0.06832,0.08174,0.63163,1,0
1768333694.419441,-0.03912,0.34697,-1.03571,-0.03461,-0.00272,-0.00014,0.56654,0.00090,0.22804,-0.00052,0.70683,0.00055,0.70739,1,3,0.99913,0.03433,0.00658,-0.02274,0.06832,0.08174,0.63163,1,0
1768333694.421427,-0.02159,0.36134,-1.06668,-0.03509,-0.00282,-0.00059,0.56654,0.00090,0.22804,-0.00052,0.70683,0.00055,0.70739,1,3,0.99913,0.03433,0.00658,-0.02274,0.06832,0.08174,0.63163,1,0
1768333694.423516,-0.01177,0.38134,-1.08970,-0.03637,-0.00409,-0.00034,0.56654,0.00090,0.22804,-0.00052,0.70683,0.00055,0.70739,1,3,0.99913,0.03433,0.00658,-0.02274,0.06832,0.08174,0.63163,1,0
1768333694.425519,-0.01557,0.39197,-1.10531,-0.03756,-0.00227,-0.00009,0.56658,0.00090,0.22804,-0.00052,0.70683,0.00055,0.70739,1,3,0.99913,0.03433,0.00658,-0.02274,0.06832,0.08174,0.63163,1,0
1768333694.427496,-0.05833,0.37789,-1.09740,-0.03686,-0.00149,-0.00045,0.56658,0.00090,0.22804,-0.00052,0.70683,0.00055,0.70739,1,3,0.99913,0.03433,0.00658,-0.02274,0.06832,0.08174,0.63163,1,0
1768333694.429531,-0.00673,0.34318,-1.09630,-0.03749,-0.00322,0.00006,0.56662,0.00090,0.22804,-0.00052,0.70683,0.00055,0.70738,1,3,0.99913,0.03433,0.00658,-0.02274,0.06832,0.08174,0.63163,1,0
1768333694.431574,-0.01288,0.36123,-1.08187,-0.03531,-0.00305,-0.00061,0.56662,0.00090,0.22804,-0.00052,0.70683,0.00055,0.70738,1,3,0.99913,0.03433,0.00658,-0.02274,0.06832,0.08174,0.63163,1,0
1768333694.433548,-0.01741,0.35761,-1.09708,-0.03557,-0.00159,-0.00035,0.56666,0.00090,0.22804,-0.00052,0.70683,0.00055,0.70738,1,3,0.99905,0.03483,0.00839,-0.02474,0.06848,0.08162,0.63108,1,0
1768333694.435449,-0.03816,0.37471,-1.13540,-0.03624,-0.00109,-0.00023,0.56666,0.00090,0.22804,-0.00052,0.70683,0.00055,0.70738,1,3,0.99905,0.03483,0.00839,-0.02474,0.06848,0.08162,0.63108,1,0
1768333694.437452,-0.02856,0.33016,-1.11867,-0.03743,-0.00179,0.00060,0.56670,0.00090,0.22804,-0.00052,0.70683,0.00055,0.70738,1,3,0.99905,0.03483,0.00839,-0.02474,0.06848,0.08162,0.63108,1,0
1768333694.439455,-0.04549,0.32686,-1.08820,-0.03660,-0.00287,-0.00003,0.56674,0.00090,0.22804,-0.00052,0.70683,0.00055,0.70738,1,3,0.99905,0.03483,0.00839,-0.02474,0.06848,0.08162,0.63108,1,0
1768333694.441444,-0.01774,0.35372,-1.07397,-0.03496,-0.00272,-0.00019,0.56674,0.00090,0.22804,-0.00052,0.70683,0.00055,0.70738,1,3,0.99905,0.03483,0.00839,-0.02474,0.06848,0.08162,0.63108,1,0
1768333694.443455,-0.03321,0.33428,-1.07378,-0.03564,-0.00254,-0.00124,0.56674,0.00090,0.22804,-0.00052,0.70683,0.00055,0.70738,1,3,0.99905,0.03483,0.00839,-0.02474,0.06848,0.08162,0.63108,1,0
1768333694.445571,-0.04664,0.32707,-1.09585,-0.03551,-0.00273,-0.00003,0.56678,0.00090,0.22804,-0.00052,0.70683,0.00055,0.70738,1,3,0.99905,0.03483,0.00839,-0.02474,0.06848,0.08162,0.63108,1,0
1768333694.447453,-0.03702,0.36775,-1.04336,-0.03632,-0.00491,0.00013,0.56682,0.00090,0.22804,-0.00052,0.70683,0.00055,0.70738,1,3,0.99905,0.03483,0.00839,-0.02474,0.06848,0.08162,0.63108,1,0
1768333694.449450,-0.01327,0.38332,-1.02135,-0.03417,-0.00560,-0.00069,0.56682,0.00090,0.22804,-0.00052,0.70683,0.00055,0.70738,1,3,0.99905,0.03483,0.00839,-0.02474,0.06848,0.08162,0.63108,1,0
1768333694.451451,-0.00977,0.34871,-1.00568,-0.03437,-0.00244,-0.00041,0.56686,0.00090,0.22804,-0.00052,0.70683,0.00055,0.70739,1,3,0.99905,0.03483,0.00839,-0.02474,0.06848,0.08162,0.63108,1,0
1768333694.453446,-0.02663,0.34272,-1.07380,-0.03510,-0.00108,0.00009,0.56686,0.00090,0.22804,-0.00052,0.70683,0.00055,0.70739,1,3,0.99905,0.03483,0.00839,-0.02474,0.06848,0.08162,0.63108,1,0
1768333694.455465,-0.01761,0.36192,-1.08182,-0.03595,-0.00107,0.00034,0.56690,0.00090,0.22804,-0.00052,0.70682,0.00055,0.70739,1,3,0.99905,0.03483,0.00839,-0.02474,0.06848,0.08162,0.63108,1,0
1768333694.457555,-0.00519,0.38378,-1.04468,-0.03569,-0.00074,-0.00006,0.56690,0.00090,0.22804,-0.00052,0.70682,0.00055,0.70739,1,3,0.99905,0.03483,0.00839,-0.02474,0.06848,0.08162,0.63108,1,0
1768333694.459532,-0.02467,0.38737,-1.12030,-0.03696,-0.00228,0.00004,0.56690,0.00090,0.22804,-0.00052,0.70682,0.00055,0.70739,1,3,0.99905,0.03483,0.00839,-0.02474,0.06848,0.08162,0.63108,1,0
1768333694.461550,-0.03648,0.37462,-1.08972,-0.03777,-0.00150,-0.00019,0.56694,0.00090,0.22805,-0.00052,0.70682,0.00055,0.70739,1,3,0.99905,0.03483,0.00839,-0.02474,0.06848,0.08162,0.63108,1,0
1768333694.463530,-0.04631,0.39927,-1.06778,-0.03660,-0.00064,-0.00044,0.56694,0.00090,0.22805,-0.00052,0.70682,0.00055,0.70739,1,3,0.99904,0.03551,0.00802,-0.02452,0.06870,0.08159,0.63118,1,0
1768333694.465475,-0.03114,0.35611,-1.05884,-0.03450,-0.00205,-0.00003,0.56698,0.00090,0.22805,-0.00052,0.70682,0.00055,0.70739,1,3,0.99904,0.03551,0.00802,-0.02452,0.06870,0.08159,0.63118,1,0
1768333694.467463,-0.01241,0.36610,-1.02869,-0.03590,-0.00318,-0.00030,0.56698,0.00090,0.22805,-0.00052,0.70682,0.00055,0.70739,1,3,0.99904,0.03551,0.00802,-0.02452,0.06870,0.08159,0.63118,1,0
1768333694.469480,-0.00570,0.31187,-1.02733,-0.03416,-0.00283,-0.00002,0.56702,0.00090,0.22805,-0.00052,0.70682,0.00055,0.70739,1,3,0.99904,0.03551,0.00802,-0.02452,0.06870,0.08159,0.63118,1,0
1768333694.471467,-0.03212,0.32571,-1.02791,-0.03377,-0.00062,-0.00001,0.56706,0.00090,0.22805,-0.00052,0.70682,0.00055,0.70739,1,3,0.99904,0.03551,0.00802,-0.02452,0.06870,0.08159,0.63118,1,0
1768333694.473471,-0.02087,0.33337,-1.00540,-0.03237,-0.00077,-0.00000,0.56706,0.00090,0.22805,-0.00052,0.70682,0.00055,0.70739,1,3,0.99904,0.03551,0.00802,-0.02452,0.06870,0.08159,0.63118,1,0
1768333694.475475,-0.02250,0.38569,-1.03699,-0.03457,-0.00219,-0.00044,0.56710,0.00090,0.22805,-0.00052,0.70682,0.00055,0.70739,1,3,0.99904,0.03551,0.00802,-0.02452,0.06870,0.08159,0.63118,1,0
1768333694.477478,-0.01122,0.38576,-1.10493,-0.03719,-0.00384,-0.00009,0.56710,0.00090,0.22805,-0.00052,0.70682,0.00055,0.70739,1,3,0.99904,0.03551,0.00802,-0.02452,0.06870,0.08159,0.63118,1,0
1768333694.479473,-0.02836,0.36193,-1.09665,-0.03661,-0.00412,-0.00019,0.56714,0.00090,0.22804,-0.00052,0.70683,0.00055,0.70739,1,3,0.99904,0.03551,0.00802,-0.02452,0.06870,0.08159,0.63118,1,0
1768333694.481472,-0.02777,0.38403,-1.02156,-0.03350,-0.00276,-0.00015,0.56714,0.00090,0.22804,-0.00052,0.70683,0.00055,0.70739,1,3,0.99904,0.03551,0.00802,-0.02452,0.06870,0.08159,0.63118,1,0
1768333694.483491,-0.04786,0.33776,-0.98987,-0.03406,-0.00299,-0.00022,0.56718,0.00090,0.22804,-0.00052,0.70682,0.00055,0.70739,1,3,0.99904,0.03551,0.00802,-0.02452,0.06870,0.08159,0.63118,1,0
1768333694.485503,-0.00035,0.33292,-1.12690,-0.03543,-0.00203,-0.00051,0.56718,0.00090,0.22804,-0.00052,0.70682,0.00055,0.70739,1,3,0.99904,0.03551,0.00802,-0.02452,0.06870,0.08159,0.63118,1,0
1768333694.487487,-0.03686,0.33514,-1.13419,-0.03737,-0.00145,0.00006,0.56718,0.00090,0.22804,-0.00052,0.70682,0.00055,0.70739,1,3,0.99904,0.03551,0.00802,-0.02452,0.06870,0.08159,0.63118,1,0
1768333694.489503,-0.03441,0.38738,-1.09001,-0.03587,-0.00153,0.00007,0.56722,0.00091,0.22804,-0.00052,0.70683,0.00055,0.70739,1,3,0.99904,0.03551,0.00802,-0.02452,0.06870,0.08159,0.63118,1,0
1768333694.491486,-0.03020,0.35728,-1.08896,-0.03492,-0.00384,-0.00005,0.56722,0.00091,0.22804,-0.00052,0.70683,0.00055,0.70739,1,3,0.99904,0.03551,0.00802,-0.02452,0.06870,0.08159,0.63118,1,0
1768333694.493500,-0.03460,0.32563,-1.09575,-0.03443,-0.00402,-0.00018,0.56726,0.00091,0.22804,-0.00052,0.70683,0.00055,0.70739,1,3,0.99904,0.03551,0.00802,-0.02452,0.06870,0.08159,0.63118,1,0
1768333694.495487,-0.02549,0.28560,-1.05688,-0.03491,-0.00359,-0.00028,0.56726,0.00091,0.22804,-0.00052,0.70683,0.00055,0.70739,1,3,0.99903,0.03593,0.00565,-0.02489,0.06894,0.08156,0.63144,1,0
1768333694.497503,-0.05258,0.31592,-0.95149,-0.03324,-0.00280,-0.00059,0.56730,0.00091,0.22804,-0.00052,0.70683,0.00055,0.70738,1,3,0.99903,0.03593,0.00565,-0.02489,0.06894,0.08156,0.63144,1,0
1768333694.499508,-0.02031,0.33983,-1.04327,-0.03229,-0.00281,-0.00016,0.56730,0.00091,0.22804,-0.00052,0.70683,0.00055,0.70738,1,3,0.99903,0.03593,0.00565,-0.02489,0.06894,0.08156,0.63144,1,0
1768333694.501491,-0.03134,0.38600,-1.08234,-0.03435,-0.00245,-0.00006,0.56734,0.00091,0.22804,-0.00052,0.70683,0.00055,0.70738,1,3,0.99903,0.03593,0.00565,-0.02489,0.06894,0.08156,0.63144,1,0
1768333694.503490,-0.01649,0.37789,-1.09730,-0.03642,-0.00275,-0.00008,0.56738,0.00091,0.22804,-0.00052,0.70683,0.00055,0.70738,1,3,0.99903,0.03593,0.00565,-0.02489,0.06894,0.08156,0.63144,1,0
1768333694.505585,-0.01096,0.34610,-1.11919,-0.03724,-0.00355,-0.00022,0.56738,0.00091,0.22804,-0.00052,0.70683,0.00055,0.70738,1,3,0.99903,0.03593,0.00565,-0.02489,0.06894,0.08156,0.63144,1,0
1768333694.507519,-0.02184,0.35635,-1.05133,-0.03493,-0.00268,-0.00044,0.56742,0.00091,0.22804,-0.00052,0.70683,0.00055,0.70738,1,3,0.99903,0.03593,0.00565,-0.02489,0.06894,0.08156,0.63144,1,0
1768333694.509490,-0.00770,0.32177,-1.02785,-0.03229,-0.00206,-0.00030,0.56742,0.00091,0.22804,-0.00052,0.70683,0.00055,0.70738,1,3,0.99903,0.03593,0.00565,-0.02489,0.06894,0.08156,0.63144,1,0
1768333694.511505,-0.01950,0.31965,-1.03549,-0.03275,-0.00218,-0.00083,0.56746,0.00091,0.22804,-0.00052,0.70683,0.00055,0.70738,1,3,0.99903,0.03593,0.00565,-0.02489,0.06894,0.08156,0.63144,1,0
1768333694.513516,-0.03381,0.31644,-1.03517,-0.03214,-0.00085,0.00026,0.56746,0.00091,0.22804,-0.00052,0.70683,0.00055,0.70738,1,3,0.99903,0.03593,0.00565,-0.02489,0.06894,0.08156,0.63144,1,0
1768333694.515529,-0.02269,0.41060,-1.06031,-0.03449,-0.00259,-0.00033,0.56750,0.00091,0.22803,-0.00052,0.70684,0.00055,0.70738,1,3,0.99903,0.03593,0.00565,-0.02489,0.06894,0.08156,0.63144,1,0
1768333694.517521,-0.01342,0.36043,-1.08204,-0.03510,-0.00190,-0.00061,0.56750,0.00091,0.22803,-0.00052,0.70684,0.00055,0.70738,1,3,0.99903,0.03593,0.00565,-0.02489,0.06894,0.08156,0.63144,1,0
1768333694.519620,0.00336,0.30016,-1.11093,-0.03517,-0.00115,-0.00023,0.56750,0.00091,0.22803,-0.00052,0.70684,0.00055,0.70738,1,3,0.99903,0.03593,0.00565,-0.02489,0.06894,0.08156,0.63144,1,0
1768333694.521609,-0.01639,0.32989,-1.06629,-0.03285,0.00020,-0.00019,0.56754,0.00091,0.22804,-0.00052,0.70683,0.00055,0.70738,1,3,0.99903,0.03593,0.00565,-0.02489,0.06894,0.08156,0.63144,1,0
1768333694.523506,-0.03197,0.35247,-0.93755,-0.03279,-0.00257,-0.00101,0.56754,0.00091,0.22804,-0.00052,0.70683,0.00055,0.70738,1,3,0.99903,0.03593,0.00565,-0.02489,0.06894,0.08156,0.63144,1,0
1768333694.525519,-0.01414,0.37735,-0.99861,-0.03380,-0.00407,-0.00054,0.56758,0.00091,0.22804,-0.00052,0.70683,0.00055,0.70738,1,3,0.99903,0.03593,0.00565,-0.02489,0.06894,0.08156,0.63144,1,0
1768333694.527502,0.00046,0.33446,-1.01269,-0.03563,-0.00395,-0.00042,0.56758,0.00091,0.22804,-0.00052,0.70683,0.00055,0.70738,1,3,0.99903,0.03691,0.00641,-0.02325,0.06914,0.08150,0.63137,1,0
1768333694.529535,-0.03927,0.36008,-1.07415,-0.03532,-0.00094,0.00023,0.56762,0.00091,0.22804,-0.00052,0.70683,0.00055,0.70738,1,3,0.99903,0.03691,0.00641,-0.02325,0.06914,0.08150,0.63137,1,0
1768333694.531563,-0.04102,0.32605,-1.01288,-0.03311,-0.00040,-0.00039,0.56762,0.00091,0.22804,-0.00052,0.70683,0.00055,0.70738,1,3,0.99903,0.03691,0.00641,-0.02325,0.06914,0.08150,0.63137,1,0
1768333694.533526,-0.03634,0.38821,-1.02187,-0.03367,-0.00152,-0.00028,0.56766,0.00091,0.22804,-0.00052,0.70683,0.00055,0.70738,1,3,0.99903,0.03691,0.00641,-0.02325,0.06914,0.08150,0.63137,1,0
1768333694.535513,-0.01624,0.37799,-1.09745,-0.03642,-0.00276,-0.00048,0.56770,0.00091,0.22804,-0.00052,0.70683,0.00055,0.70738,1,3,0.99903,0.03691,0.00641,-0.02325,0.06914,0.08150,0.63137,1,0
1768333694.537609,-0.01985,0.39970,-1.06748,-0.03746,-0.00248,-0.00006,0.56770,0.00091,0.22804,-0.00052,0.70683,0.00055,0.70738,1,3,0.99903,0.03691,0.00641,-0.02325,0.06914,0.08150,0.63137,1,0
1768333694.539520,-0.03015,0.36048,-1.05904,-0.03554,-0.00169,-0.00017,0.56774,0.00091,0.22804,-0.00052,0.70683,0.00055,0.70738,1,3,0.99903,0.03691,0.00641,-0.02325,0.06914,0.08150,0.63137,1,0
1768333694.541558,-0.02278,0.36147,-0.99840,-0.03399,-0.00243,-0.00053,0.56774,0.00091,0.22804,-0.00052,0.70683,0.00055,0.70738,1,3,0.99903,0.03691,0.00641,-0.02325,0.06914,0.08150,0.63137,1,0
1768333694.543531,-0.01510,0.35751,-1.02091,-0.03295,-0.00365,-0.00042,0.56778,0.00091,0.22804,-0.00052,0.70683,0.00055,0.70738,1,3,0.99903,0.03691,0.00641,-0.02325,0.06914,0.08150,0.63137,1,0
1768333694.545542,-0.03409,0.31507,-1.04229,-0.03521,-0.00338,0.00013,0.56778,0.00091,0.22804,-0.00052,0.70683,0.00055,0.70738,1,3,0.99903,0.03691,0.00641,-0.02325,0.06914,0.08150,0.63137,1,0
1768333694.547536,-0.02557,0.28539,-1.07211,-0.03492,-0.00334,-0.00029,0.56778,0.00091,0.22804,-0.00052,0.70683,0.00055,0.70738,1,3,0.99903,0.03691,0.00641,-0.02325,0.06914,0.08150,0.63137,1,0
1768333694.549543,-0.02795,0.35943,-1.00581,-0.03314,-0.00261,-0.00027,0.56778,0.00091,0.22804,-0.00052,0.70683,0.00055,0.70738,1,3,0.99903,0.03691,0.00641,-0.02325,0.06914,0.08150,0.63137,1,0
1768333694.551528,0.00487,0.34892,-0.99824,-0.03218,-0.00237,-0.00043,0.56782,0.00091,0.22804,-0.00052,0.70683,0.00055,0.70738,1,3,0.99903,0.03691,0.00641,-0.02325,0.06914,0.08150,0.63137,1,0
1768333694.553541,-0.02297,0.36141,-1.06641,-0.03421,-0.00279,0.00022,0.56786,0.00091,0.22804,-0.00052,0.70683,0.00055,0.70738,1,3,0.99903,0.03691,0.00641,-0.02325,0.06914,0.08150,0.63137,1,0
1768333694.555522,-0.03723,0.38021,-1.10505,-0.03683,-0.00200,-0.00034,0.56786,0.00091,0.22804,-0.00052,0.70683,0.00055,0.70738,1,3,0.99903,0.03691,0.00641,-0.02325,0.06914,0.08150,0.63137,1,0
1768333694.557533,-0.03731,0.40478,-1.12842,-0.03697,-0.00202,-0.00023,0.56790,0.00091,0.22804,-0.00052,0.70683,0.00055,0.70738,1,3,0.99903,0.03691,0.00641,-0.02325,0.06914,0.08150,0.63137,1,0
1768333694.559534,-0.02457,0.37774,-1.06691,-0.03686,-0.00240,-0.00005,0.56790,0.00091,0.22804,-0.00052,0.70683,0.00055,0.70738,1,3,0.99896,0.03727,0.00692,-0.02542,0.06935,0.08144,0.63125,1,0
1768333694.561540,-0.04338,0.33424,-1.07355,-0.03455,-0.00202,-0.00043,0.56794,0.00091,0.22804,-0.00052,0.70683,0.00055,0.70738,1,3,0.99896,0.03727,0.00692,-0.02542,0.06935,0.08144,0.63125,1,0
1768333694.563556,-0.01799,0.33881,-1.06604,-0.03471,-0.00245,-0.00018,0.56798,0.00091,0.22804,-0.00052,0.70683,0.00055,0.70738,1,3,0.99896,0.03727,0.00692,-0.02542,0.06935,0.08144,0.63125,1,0
1768333694.565546,-0.01548,0.31603,-1.01996,-0.03345,-0.00132,0.00026,0.56798,0.00091,0.22804,-0.00052,0.70683,0.00055,0.70738,1,3,0.99896,0.03727,0.00692,-0.02542,0.06935,0.08144,0.63125,1,0
1768333694.567549,-0.02314,0.33185,-1.02770,-0.03391,-0.00264,0.00026,0.56802,0.00091,0.22803,-0.00052,0.70684,0.00055,0.70737,1,3,0.99896,0.03727,0.00692,-0.02542,0.06935,0.08144,0.63125,1,0
1768333694.569554,-0.02727,0.32366,-1.05022,-0.03445,-0.00181,0.00065,0.56802,0.00091,0.22803,-0.00052,0.70684,0.00055,0.70737,1,3,0.99896,0.03727,0.00692,-0.02542,0.06935,0.08144,0.63125,1,0
1768333694.571546,-0.03070,0.34097,-1.10387,-0.03512,-0.00204,0.00034,0.56806,0.00091,0.22803,-0.00052,0.70684,0.00055,0.70737,1,3,0.99896,0.03727,0.00692,-0.02542,0.06935,0.08144,0.63125,1,0
1768333694.573570,-0.04652,0.31676,-1.09554,-0.03585,-0.00234,0.00024,0.56806,0.00091,0.22803,-0.00052,0.70684,0.00055,0.70737,1,3,0.99896,0.03727,0.00692,-0.02542,0.06935,0.08144,0.63125,1,0
1768333694.575546,-0.02543,0.39001,-1.03660,-0.03518,-0.00482,-0.00029,0.56811,0.00091,0.22803,-0.00052,0.70684,0.00055,0.70737,1,3,0.99896,0.03727,0.00692,-0.02542,0.06935,0.08144,0.63125,1,0
1768333694.577546,-0.03201,0.32795,-1.00477,-0.03309,-0.00329,0.00002,0.56811,0.00091,0.22803,-0.00052,0.70684,0.00055,0.70737,1,3,0.99896,0.03727,0.00692,-0.02542,0.06935,0.08144,0.63125,1,0
1768333694.579547,-0.03396,0.36877,-1.05905,-0.03565,-0.00279,-0.00017,0.56811,0.00091,0.22803,-0.00052,0.70684,0.00055,0.70737,1,3,0.99896,0.03727,0.00692,-0.02542,0.06935,0.08144,0.63125,1,0
1768333694.581566,-0.03093,0.31837,-1.04261,-0.03364,-0.00381,-0.00054,0.56814,0.00091,0.22803,-0.00052,0.70684,0.00055,0.70737,1,3,0.99896,0.03727,0.00692,-0.02542,0.06935,0.08144,0.63125,1,0
1768333694.583555,-0.03502,0.37922,-1.00625,-0.03444,-0.00292,-0.00040,0.56814,0.00091,0.22803,-0.00052,0.70684,0.00055,0.70737,1,3,0.99896,0.03727,0.00692,-0.02542,0.06935,0.08144,0.63125,1,0
1768333694.585567,-0.02655,0.36424,-0.99072,-0.03440,-0.00289,-0.00039,0.56819,0.00091,0.22803,-0.00052,0.70684,0.00055,0.70738,1,3,0.99896,0.03727,0.00692,-0.02542,0.06935,0.08144,0.63125,1,0
1768333694.587543,-0.02642,0.34828,-1.07387,-0.03503,-0.00185,-0.00005,0.56819,0.00091,0.22803,-0.00052,0.70684,0.00055,0.70738,1,3,0.99896,0.03727,0.00692,-0.02542,0.06935,0.08144,0.63125,1,0
1768333694.589546,-0.02408,0.35793,-1.11207,-0.03710,-0.00239,-0.00035,0.56823,0.00091,0.22803,-0.00052,0.70684,0.00055,0.70737,1,3,0.99895,0.03827,0.00652,-0.02413,0.06958,0.08141,0.63144,1,0
1768333694.591554,-0.04594,0.35193,-1.06631,-0.03586,-0.00290,-0.00069,0.56823,0.00091,0.22803,-0.00052,0.70684,0.00055,0.70737,1,3,0.99895,0.03827,0.00652,-0.02413,0.06958,0.08141,0.63144,1,0
1768333694.593562,-0.02435,0.34191,-0.98256,-0.03270,-0.00226,0.00002,0.56823,0.00091,0.22803,-0.00052,0.70684,0.00055,0.70737,1,3,0.99895,0.03827,0.00652,-0.02413,0.06958,0.08141,0.63144,1,0
1768333694.595567,-0.02836,0.30999,-0.95899,-0.03265,-0.00219,-0.00008,0.56831,0.00091,0.22803,-0.00052,0.70684,0.00055,0.70737,1,3,0.99895,0.03827,0.00652,-0.02413,0.06958,0.08141,0.63144,1,0
1768333694.597563,-0.03268,0.32126,-1.03547,-0.03295,-0.00087,-0.00028,0.56831,0.00091,0.22803,-0.00052,0.70684,0.00055,0.70737,1,3,0.99895,0.03827,0.00652,-0.02413,0.06958,0.08141,0.63144,1,0
1768333694.599946,-0.04305,0.35780,-1.11187,-0.03579,-0.00139,0.00047,0.56835,0.00091,0.22803,-0.00052,0.70684,0.00055,0.70737,1,3,0.99895,0.03827,0.00652,-0.02413,0.06958,0.08141,0.63144,1,0
1768333694.601573,-0.01233,0.34084,-1.11175,-0.03599,-0.00252,-0.00049,0.56835,0.00091,0.22803,-0.00052,0.70684,0.00055,0.70737,1,3,0.99895,0.03827,0.00652,-0.02413,0.06958,0.08141,0.63144,1,0
1768333694.603584,-0.03135,0.35688,-1.01317,-0.03405,-0.00282,0.00000,0.56839,0.00091,0.22803,-0.00052,0.70684,0.00055,0.70737,1,3,0.99895,0.03827,0.00652,-0.02413,0.06958,0.08141,0.63144,1,0
1768333694.605601,-0.00564,0.34679,-1.04339,-0.03417,-0.00337,-0.00018,0.56839,0.00091,0.22803,-0.00052,0.70684,0.00055,0.70737,1,3,0.99895,0.03827,0.00652,-0.02413,0.06958,0.08141,0.63144,1,0
1768333694.607574,-0.05080,0.34943,-1.03580,-0.03545,-0.00258,-0.00039,0.56843,0.00091,0.22803,-0.00052,0.70684,0.00055,0.70737,1,3,0.99895,0.03827,0.00652,-0.02413,0.06958,0.08141,0.63144,1,0
1768333694.609587,-0.03009,0.37692,-1.04414,-0.03490,-0.00349,-0.00056,0.56843,0.00091,0.22803,-0.00052,0.70684,0.00055,0.70737,1,3,0.99895,0.03827,0.00652,-0.02413,0.06958,0.08141,0.63144,1,0
1768333694.611580,-0.01427,0.32727,-0.99724,-0.03397,-0.00325,0.00001,0.56843,0.00091,0.22803,-0.00052,0.70684,0.00055,0.70737,1,3,0.99895,0.03827,0.00652,-0.02413,0.06958,0.08141,0.63144,1,0
1768333694.613586,0.00225,0.30680,-1.00462,-0.03356,-0.00255,-0.00028,0.56847,0.00091,0.22803,-0.00052,0.70684,0.00055,0.70737,1,3,0.99895,0.03827,0.00652,-0.02413,0.06958,0.08141,0.63144,1,0
1768333694.615591,-0.01582,0.32075,-1.04298,-0.03318,-0.00094,0.00010,0.56847,0.00091,0.22803,-0.00052,0.70684,0.00055,0.70737,1,3,0.99895,0.03827,0.00652,-0.02413,0.06958,0.08141,0.63144,1,0
1768333694.617579,-0.03917,0.31706,-0.99704,-0.03453,-0.00219,-0.00010,0.56851,0.00091,0.22803,-0.00052,0.70684,0.00055,0.70737,1,3,0.99895,0.03827,0.00652,-0.02413,0.06958,0.08141,0.63144,1,0
1768333694.619583,-0.02944,0.36669,-1.02859,-0.03568,-0.00336,-0.00028,0.56851,0.00091,0.22803,-0.00052,0.70684,0.00055,0.70737,1,3,0.99895,0.03827,0.00652,-0.02413,0.06958,0.08141,0.63144,1,0
1768333694.621573,-0.03000,0.37068,-1.08176,-0.03585,-0.00245,0.00035,0.56851,0.00091,0.22803,-0.00052,0.70684,0.00055,0.70737,1,3,0.99895,0.03827,0.00652,-0.02413,0.06958,0.08141,0.63144,1,0
1768333694.623598,-0.03266,0.37767,-1.02150,-0.03708,-0.00194,-0.00041,0.56855,0.00091,0.22803,-0.00052,0.70684,0.00055,0.70737,1,3,0.99895,0.03827,0.00652,-0.02413,0.06958,0.08141,0.63144,1,0
1768333694.625595,-0.05544,0.31772,-1.01965,-0.03496,-0.00275,-0.00010,0.56855,0.00091,0.22803,-0.00052,0.70684,0.00055,0.70737,1,3,0.99895,0.03827,0.00652,-0.02413,0.06958,0.08141,0.63144,1,0
1768333694.627605,-0.01601,0.33289,-0.90632,-0.03215,-0.00325,-0.00006,0.56859,0.00091,0.22803,-0.00052,0.70684,0.00055,0.70737,1,3,0.99892,0.03912,0.00755,-0.02396,0.06980,0.08137,0.63147,1,0
1768333694.629599,0.00878,0.29754,-0.93614,-0.03149,-0.00263,-0.00037,0.56863,0.00091,0.22803,-0.00052,0.70684,0.00055,0.70737,1,3,0.99892,0.03912,0.00755,-0.02396,0.06980,0.08137,0.63147,1,0
1768333694.631663,-0.02495,0.28710,-1.02712,-0.03184,-0.00107,-0.00054,0.56863,0.00091,0.22803,-0.00052,0.70684,0.00055,0.70737,1,3,0.99892,0.03912,0.00755,-0.02396,0.06980,0.08137,0.63147,1,0
1768333694.633595,-0.03684,0.31934,-1.08853,-0.03276,-0.00145,-0.00045,0.56866,0.00091,0.22803,-0.00052,0.70684,0.00055,0.70737,1,3,0.99892,0.03912,0.00755,-0.02396,0.06980,0.08137,0.63147,1,0
1768333694.635594,-0.03115,0.36607,-1.05919,-0.03438,-0.00207,-0.00031,0.56871,0.00091,0.22803,-0.00052,0.70684,0.00055,0.70737,1,3,0.99892,0.03912,0.00755,-0.02396,0.06980,0.08137,0.63147,1,0
1768333694.637617,-0.03013,0.37614,-1.07464,-0.03513,-0.00260,-0.00059,0.56871,0.00091,0.22803,-0.00052,0.70684,0.00055,0.70737,1,3,0.99892,0.03912,0.00755,-0.02396,0.06980,0.08137,0.63147,1,0
1768333694.639599,-0.02937,0.36050,-1.07398,-0.03641,-0.00220,0.00022,0.56875,0.00091,0.22803,-0.00052,0.70684,0.00055,0.70737,1,3,0.99892,0.03912,0.00755,-0.02396,0.06980,0.08137,0.63147,1,0
1768333694.641600,-0.03876,0.37140,-1.05906,-0.03519,-0.00274,-0.00003,0.56875,0.00091,0.22803,-0.00052,0.70684,0.00055,0.70737,1,3,0.99892,0.03912,0.00755,-0.02396,0.06980,0.08137,0.63147,1,0
1768333694.643606,-0.05077,0.33035,-1.04291,-0.03503,-0.00320,-0.00066,0.56875,0.00091,0.22803,-0.00052,0.70684,0.00055,0.70737,1,3,0.99892,0.03912,0.00755,-0.02396,0.06980,0.08137,0.63147,1,0
1768333694.645624,-0.00575,0.31237,-1.05764,-0.03393,-0.00347,-0.00004,0.56875,0.00091,0.22803,-0.00052,0.70684,0.00055,0.70737,1,3,0.99892,0.03912,0.00755,-0.02396,0.06980,0.08137,0.63147,1,0
1768333694.647621,-0.01866,0.28944,-0.98903,-0.03377,-0.00178,-0.00038,0.56879,0.00091,0.22803,-0.00052,0.70684,0.00055,0.70738,1,3,0.99892,0.03912,0.00755,-0.02396,0.06980,0.08137,0.63147,1,0
1768333694.649638,-0.02096,0.33814,-1.02080,-0.03231,-0.00052,-0.00015,0.56879,0.00091,0.22803,-0.00052,0.70684,0.00055,0.70738,1,3,0.99892,0.03912,0.00755,-0.02396,0.06980,0.08137,0.63147,1,0
1768333694.651618,0.00162,0.32558,-1.02797,-0.03355,-0.00141,-0.00004,0.56883,0.00091,0.22804,-0.00052,0.70684,0.00055,0.70738,1,3,0.99892,0.03912,0.00755,-0.02396,0.06980,0.08137,0.63147,1,0
1768333694.653612,-0.03195,0.35156,-1.06625,-0.03368,-0.00229,0.00010,0.56883,0.00091,0.22804,-0.00052,0.70684,0.00055,0.70738,1,3,0.99892,0.03912,0.00755,-0.02396,0.06980,0.08137,0.63147,1,0
1768333694.655620,-0.02182,0.34143,-1.02801,-0.03511,-0.00266,-0.00001,0.56887,0.00091,0.22804,-0.00052,0.70683,0.00055,0.70738,1,3,0.99892,0.03912,0.00755,-0.02396,0.06980,0.08137,0.63147,1,0
1768333694.657611,-0.06075,0.34032,-0.94447,-0.03382,-0.00246,-0.00045,0.56887,0.00091,0.22804,-0.00052,0.70683,0.00055,0.70738,1,3,0.99891,0.03946,0.00563,-0.02437,0.07001,0.08132,0.63146,1,0
1768333694.659632,-0.04463,0.37446,-1.05150,-0.03362,-0.00279,0.00012,0.56891,0.00091,0.22804,-0.00052,0.70683,0.00055,0.70738,1,3,0.99891,0.03946,0.00563,-0.02437,0.07001,0.08132,0.63146,1,0
1768333694.661614,-0.02912,0.36688,-1.05132,-0.03590,-0.00374,-0.00029,0.56895,0.00091,0.22804,-0.00052,0.70683,0.00055,0.70738,1,3,0.99891,0.03946,0.00563,-0.02437,0.07001,0.08132,0.63146,1,0
1768333694.663633,-0.01254,0.34578,-1.03565,-0.03615,-0.00265,0.00024,0.56899,0.00091,0.22804,-0.00052,0.70683,0.00055,0.70738,1,3,0.99891,0.03946,0.00563,-0.02437,0.07001,0.08132,0.63146,1,0
1768333694.665611,-0.01968,0.31398,-0.98932,-0.03347,-0.00177,0.00056,0.56899,0.00091,0.22804,-0.00052,0.70683,0.00055,0.70738,1,3,0.99891,0.03946,0.00563,-0.02437,0.07001,0.08132,0.63146,1,0
1768333694.667724,-0.01252,0.33364,-0.98259,-0.03214,-0.00125,0.00001,0.56903,0.00091,0.22804,-0.00052,0.70683,0.00055,0.70738,1,3,0.99891,0.03946,0.00563,-0.02437,0.07001,0.08132,0.63146,1,0
1768333694.669644,-0.00764,0.31629,-0.99737,-0.03257,-0.00142,-0.00014,0.56903,0.00091,0.22804,-0.00052,0.70683,0.00055,0.70738,1,3,0.99891,0.03946,0.00563,-0.02437,0.07001,0.08132,0.63146,1,0
1768333694.671702,-0.01850,0.33876,-1.05849,-0.03427,-0.00219,-0.00018,0.56903,0.00091,0.22804,-0.00052,0.70683,0.00055,0.70738,1,3,0.99891,0.03946,0.00563,-0.02437,0.07001,0.08132,0.63146,1,0
1768333694.673640,-0.02944,0.34172,-1.07328,-0.03598,-0.00332,0.00037,0.56907,0.00091,0.22804,-0.00052,0.70683,0.00055,0.70738,1,3,0.99891,0.03946,0.00563,-0.02437,0.07001,0.08132,0.63146,1,0
1768333694.675620,-0.03533,0.36907,-0.98317,-0.03434,-0.00253,-0.00011,0.56907,0.00091,0.22804,-0.00052,0.70683,0.00055,0.70738,1,3,0.99891,0.03946,0.00563,-0.02437,0.07001,0.08132,0.63146,1,0
1768333694.677613,-0.04444,0.39428,-1.01424,-0.03360,-0.00270,-0.00040,0.56907,0.00091,0.22804,-0.00052,0.70683,0.00055,0.70738,1,3,0.99891,0.03946,0.00563,-0.02437,0.07001,0.08132,0.63146,1,0
1768333694.679654,-0.02070,0.38091,-1.05183,-0.03616,-0.00309,-0.00031,0.56911,0.00091,0.22804,-0.00052,0.70683,0.00055,0.70738,1,3,0.99891,0.03946,0.00563,-0.02437,0.07001,0.08132,0.63146,1,0
1768333694.681639,-0.02101,0.33097,-1.06564,-0.03611,-0.00240,0.00023,0.56911,0.00091,0.22804,-0.00052,0.70683,0.00055,0.70738,1,3,0.99891,0.03946,0.00563,-0.02437,0.07001,0.08132,0.63146,1,0
1768333694.683643,-0.01064,0.29443,-0.98924,-0.03328,-0.00188,-0.00052,0.56915,0.00091,0.22804,-0.00052,0.70683,0.00055,0.70738,1,3,0.99891,0.03946,0.00563,-0.02437,0.07001,0.08132,0.63146,1,0
1768333694.685695,0.00381,0.30971,-0.96697,-0.03090,-0.00207,-0.00053,0.56915,0.00091,0.22804,-0.00052,0.70683,0.00055,0.70738,1,3,0.99891,0.03946,0.00563,-0.02437,0.07001,0.08132,0.63146,1,0
1768333694.687654,-0.00443,0.31530,-0.98203,-0.03105,-0.00286,-0.00026,0.56919,0.00091,0.22804,-0.00052,0.70683,0.00055,0.70738,1,3,0.99887,0.04015,0.00651,-0.02478,0.07023,0.08126,0.63147,1,0
1768333694.689654,-0.02255,0.36631,-1.07434,-0.03437,-0.00268,-0.00033,0.56919,0.00091,0.22804,-0.00052,0.70683,0.00055,0.70738,1,3,0.99887,0.04015,0.00651,-0.02478,0.07023,0.08126,0.63147,1,0
1768333694.691699,-0.02438,0.36830,-1.14258,-0.03675,-0.00303,-0.00024,0.56923,0.00091,0.22804,-0.00052,0.70683,0.00055,0.70738,1,3,0.99887,0.04015,0.00651,-0.02478,0.07023,0.08126,0.63147,1,0
1768333694.693662,-0.04116,0.38885,-1.10501,-0.03672,-0.00348,-0.00033,0.56927,0.00091,0.22804,-0.00052,0.70683,0.00055,0.70738,1,3,0.99887,0.04015,0.00651,-0.02478,0.07023,0.08126,0.63147,1,0
1768333694.695652,-0.03396,0.33556,-1.00529,-0.03453,-0.00368,-0.00119,0.56927,0.00091,0.22804,-0.00052,0.70683,0.00055,0.70738,1,3,0.99887,0.04015,0.00651,-0.02478,0.07023,0.08126,0.63147,1,0
1768333694.697679,-0.06685,0.29867,-0.91289,-0.03214,-0.00210,0.00013,0.56931,0.00091,0.22804,-0.00052,0.70683,0.00055,0.70738,1,3,0.99887,0.04015,0.00651,-0.02478,0.07023,0.08126,0.63147,1,0
1768333694.699672,0.01330,0.31957,-0.99746,-0.03188,-0.00283,-0.00043,0.56931,0.00091,0.22804,-0.00052,0.70683,0.00055,0.70738,1,3,0.99887,0.04015,0.00651,-0.02478,0.07023,0.08126,0.63147,1,0
1768333694.701663,-0.02759,0.34408,-1.06607,-0.03377,-0.00234,0.00009,0.56935,0.00091,0.22804,-0.00052,0.70683,0.00055,0.70738,1,3,0.99887,0.04015,0.00651,-0.02478,0.07023,0.08126,0.63147,1,0
1768333694.703661,-0.03466,0.36758,-1.06688,-0.03545,-0.00113,-0.00018,0.56935,0.00091,0.22804,-0.00052,0.70683,0.00055,0.70738,1,3,0.99887,0.04015,0.00651,-0.02478,0.07023,0.08126,0.63147,1,0
1768333694.705659,-0.04832,0.33655,-1.03565,-0.03408,-0.00146,-0.00026,0.56940,0.00091,0.22804,-0.00052,0.70683,0.00055,0.70738,1,3,0.99887,0.04015,0.00651,-0.02478,0.07023,0.08126,0.63147,1,0
1768333694.707635,-0.03575,0.35991,-1.02069,-0.03379,-0.00340,0.00014,0.56940,0.00091,0.22804,-0.00052,0.70683,0.00055,0.70738,1,3,0.99887,0.04015,0.00651,-0.02478,0.07023,0.08126,0.63147,1,0
1768333694.709659,-0.00331,0.32001,-1.02014,-0.03209,-0.00300,-0.00043,0.56940,0.00091,0.22804,-0.00052,0.70683,0.00055,0.70738,1,3,0.99887,0.04015,0.00651,-0.02478,0.07023,0.08126,0.63147,1,0
1768333694.711675,-0.02322,0.37159,-0.97598,-0.03343,-0.00244,-0.00079,0.56944,0.00091,0.22805,-0.00052,0.70683,0.00055,0.70739,1,3,0.99887,0.04015,0.00651,-0.02478,0.07023,0.08126,0.63147,1,0
1768333694.713675,-0.01764,0.30931,-1.03487,-0.03484,-0.00256,-0.00015,0.56944,0.00091,0.22805,-0.00052,0.70683,0.00055,0.70739,1,3,0.99887,0.04015,0.00651,-0.02478,0.07023,0.08126,0.63147,1,0
1768333694.715657,-0.00813,0.31197,-1.00472,-0.03197,-0.00205,-0.00001,0.56948,0.00091,0.22804,-0.00052,0.70683,0.00055,0.70738,1,3,0.99887,0.04015,0.00651,-0.02478,0.07023,0.08126,0.63147,1,0
1768333694.717705,-0.01810,0.32684,-0.92147,-0.03091,-0.00143,0.00047,0.56948,0.00091,0.22804,-0.00052,0.70683,0.00055,0.70738,1,3,0.99884,0.04114,0.00604,-0.02427,0.07044,0.08123,0.63151,1,0
1768333694.719671,-0.00588,0.35807,-1.02908,-0.03054,-0.00059,-0.00032,0.56952,0.00091,0.22804,-0.00052,0.70683,0.00055,0.70738,1,3,0.99884,0.04114,0.00604,-0.02427,0.07044,0.08123,0.63151,1,0
1768333694.721663,-0.04307,0.38769,-1.11293,-0.03543,-0.00143,-0.00034,0.56952,0.00091,0.22804,-0.00052,0.70683,0.00055,0.70738,1,3,0.99884,0.04114,0.00604,-0.02427,0.07044,0.08123,0.63151,1,0
1768333694.723678,-0.01492,0.37749,-1.13521,-0.03795,-0.00290,-0.00011,0.56956,0.00091,0.22805,-0.00052,0.70683,0.00055,0.70739,1,3,0.99884,0.04114,0.00604,-0.02427,0.07044,0.08123,0.63151,1,0
1768333694.725654,-0.01682,0.35429,-1.05121,-0.03539,-0.00350,-0.00057,0.56960,0.00091,0.22804,-0.00052,0.70683,0.00055,0.70738,1,3,0.99884,0.04114,0.00604,-0.02427,0.07044,0.08123,0.63151,1,0
1768333694.727672,-0.04560,0.33068,-0.95199,-0.03197,-0.00251,-0.00060,0.56960,0.00091,0.22804,-0.00052,0.70683,0.00055,0.70738,1,3,0.99884,0.04114,0.00604,-0.02427,0.07044,0.08123,0.63151,1,0
1768333694.729683,-0.02484,0.31295,-0.97452,-0.03152,-0.00237,-0.00077,0.56964,0.00091,0.22805,-0.00052,0.70682,0.00055,0.70739,1,3,0.99884,0.04114,0.00604,-0.02427,0.07044,0.08123,0.63151,1,0
1768333694.731676,0.00136,0.28224,-1.01929,-0.03255,-0.00227,-0.00042,0.56964,0.00091,0.22805,-0.00052,0.70682,0.00055,0.70739,1,3,0.99884,0.04114,0.00604,-0.02427,0.07044,0.08123,0.63151,1,0
1768333694.733660,-0.02450,0.29190,-1.01952,-0.03243,-0.00120,-0.00027,0.56968,0.00091,0.22804,-0.00052,0.70683,0.00055,0.70738,1,3,0.99884,0.04114,0.00604,-0.02427,0.07044,0.08123,0.63151,1,0
1768333694.735680,-0.00421,0.34436,-0.99044,-0.03158,-0.00238,-0.00028,0.56968,0.00091,0.22804,-0.00052,0.70683,0.00055,0.70738,1,3,0.99884,0.04114,0.00604,-0.02427,0.07044,0.08123,0.63151,1,0
1768333694.737673,-0.06519,0.35504,-1.02095,-0.03014,-0.00114,-0.00011,0.56968,0.00091,0.22804,-0.00052,0.70683,0.00055,0.70738,1,3,0.99884,0.04114,0.00604,-0.02427,0.07044,0.08123,0.63151,1,0
1768333694.739689,-0.02894,0.38519,-1.08988,-0.03677,-0.00236,-0.00006,0.56972,0.00091,0.22805,-0.00052,0.70683,0.00055,0.70739,1,3,0.99884,0.04114,0.00604,-0.02427,0.07044,0.08123,0.63151,1,0
1768333694.741684,-0.01580,0.32939,-1.13378,-0.03657,-0.00399,0.00004,0.56972,0.00091,0.22805,-0.00052,0.70683,0.00055,0.70739,1,3,0.99884,0.04114,0.00604,-0.02427,0.07044,0.08123,0.63151,1,0
1768333694.743684,-0.03589,0.37436,-1.01335,-0.03406,-0.00315,0.00054,0.56976,0.00091,0.22804,-0.00052,0.70683,0.00055,0.70738,1,3,0.99884,0.04114,0.00604,-0.02427,0.07044,0.08123,0.63151,1,0
1768333694.745681,-0.01320,0.33008,-0.94427,-0.03109,-0.00264,0.00018,0.56976,0.00091,0.22804,-0.00052,0.70683,0.00055,0.70738,1,3,0.99884,0.04114,0.00604,-0.02427,0.07044,0.08123,0.63151,1,0
1768333694.747692,-0.02513,0.33310,-1.00487,-0.03171,-0.00338,0.00028,0.56980,0.00091,0.22804,-0.00052,0.70683,0.00055,0.70738,1,3,0.99883,0.04163,0.00712,-0.02366,0.07066,0.08119,0.63161,1,0
1768333694.749704,-0.01761,0.31985,-1.05755,-0.03493,-0.00370,0.00037,0.56980,0.00091,0.22804,-0.00052,0.70683,0.00055,0.70738,1,3,0.99883,0.04163,0.00712,-0.02366,0.07066,0.08119,0.63161,1,0
1768333694.751696,-0.01348,0.33172,-1.05819,-0.03479,-0.00301,-0.00017,0.56984,0.00091,0.22804,-0.00052,0.70683,0.00055,0.70738,1,3,0.99883,0.04163,0.00712,-0.02366,0.07066,0.08119,0.63161,1,0
1768333694.753717,-0.01988,0.32405,-1.02765,-0.03314,-0.00191,0.00026,0.56988,0.00091,0.22804,-0.00051,0.70684,0.00055,0.70738,1,3,0.99883,0.04163,0.00712,-0.02366,0.07066,0.08119,0.63161,1,0
1768333694.755701,-0.04227,0.29816,-0.98917,-0.03127,-0.00188,-0.00036,0.56988,0.00091,0.22804,-0.00051,0.70684,0.00055,0.70738,1,3,0.99883,0.04163,0.00712,-0.02366,0.07066,0.08119,0.63161,1,0
1768333694.757683,-0.00844,0.34352,-1.00519,-0.03115,-0.00435,-0.00001,0.56992,0.00091,0.22803,-0.00052,0.70684,0.00055,0.70737,1,3,0.99883,0.04163,0.00712,-0.02366,0.07066,0.08119,0.63161,1,0
1768333694.759677,-0.01506,0.32471,-1.01953,-0.03247,-0.00590,0.00013,0.56992,0.00091,0.22803,-0.00052,0.70684,0.00055,0.70737,1,3,0.99883,0.04163,0.00712,-0.02366,0.07066,0.08119,0.63161,1,0
1768333694.761679,-0.03109,0.34322,-1.02761,-0.03400,-0.00445,0.00041,0.56996,0.00091,0.22803,-0.00052,0.70684,0.00055,0.70737,1,3,0.99883,0.04163,0.00712,-0.02366,0.07066,0.08119,0.63161,1,0
1768333694.763678,-0.04398,0.32464,-1.02002,-0.03401,-0.00213,-0.00012,0.56996,0.00091,0.22803,-0.00052,0.70684,0.00055,0.70737,1,3,0.99883,0.04163,0.00712,-0.02366,0.07066,0.08119,0.63161,1,0
1768333694.765680,-0.02366,0.35176,-0.99807,-0.03324,-0.00240,-0.00026,0.57000,0.00091,0.22803,-0.00051,0.70684,0.00055,0.70737,1,3,0.99883,0.04163,0.00712,-0.02366,0.07066,0.08119,0.63161,1,0
1768333694.767758,-0.02729,0.32510,-1.01998,-0.03356,-0.00310,-0.00013,0.57000,0.00091,0.22803,-0.00051,0.70684,0.00055,0.70737,1,3,0.99883,0.04163,0.00712,-0.02366,0.07066,0.08119,0.63161,1,0
1768333694.769689,-0.01955,0.34916,-0.99792,-0.03327,-0.00245,0.00000,0.57000,0.00091,0.22803,-0.00051,0.70684,0.00055,0.70737,1,3,0.99883,0.04163,0.00712,-0.02366,0.07066,0.08119,0.63161,1,0
1768333694.771690,0.00564,0.33910,-1.00558,-0.03273,-0.00262,-0.00056,0.57003,0.00091,0.22803,-0.00052,0.70684,0.00055,0.70737,1,3,0.99883,0.04163,0.00712,-0.02366,0.07066,0.08119,0.63161,1,0
1768333694.773681,-0.02432,0.35131,-0.99819,-0.03281,-0.00163,-0.00027,0.57003,0.00091,0.22803,-0.00052,0.70684,0.00055,0.70737,1,3,0.99883,0.04163,0.00712,-0.02366,0.07066,0.08119,0.63161,1,0
1768333694.775726,-0.03663,0.31437,-1.01257,-0.03282,-0.00121,-0.00066,0.57007,0.00091,0.22803,-0.00052,0.70684,0.00055,0.70737,1,3,0.99883,0.04163,0.00712,-0.02366,0.07066,0.08119,0.63161,1,0
1768333694.777702,-0.02391,0.33179,-1.00498,-0.03326,-0.00225,0.00028,0.57007,0.00091,0.22803,-0.00052,0.70684,0.00055,0.70737,1,3,0.99883,0.04163,0.00712,-0.02366,0.07066,0.08119,0.63161,1,0
1768333694.779726,-0.02818,0.31060,-1.01999,-0.03221,-0.00271,-0.00094,0.57011,0.00091,0.22803,-0.00052,0.70684,0.00055,0.70737,1,3,0.99883,0.04163,0.00712,-0.02366,0.07066,0.08119,0.63161,1,0
1768333694.781708,-0.02518,0.36228,-0.99086,-0.03158,-0.00253,-0.00053,0.57011,0.00091,0.22803,-0.00052,0.70684,0.00055,0.70737,1,3,0.99883,0.04163,0.00712,-0.02366,0.07066,0.08119,0.63161,1,0
1768333694.783709,-0.04025,0.33243,-0.99000,-0.03326,-0.00232,-0.00050,0.57015,0.00091,0.22803,-0.00052,0.70685,0.00055,0.70737,1,3,0.99884,0.04215,0.00464,-0.02276,0.07090,0.08116,0.63183,1,0
1768333694.785728,-0.03209,0.34753,-1.02796,-0.03329,-0.00330,0.00027,0.57015,0.00091,0.22803,-0.00052,0.70685,0.00055,0.70737,1,3,0.99884,0.04215,0.00464,-0.02276,0.07090,0.08116,0.63183,1,0
1768333694.787726,0.00150,0.34140,-0.95208,-0.03336,-0.00269,0.00043,0.57019,0.00091,0.22803,-0.00052,0.70685,0.00055,0.70737,1,3,0.99884,0.04215,0.00464,-0.02276,0.07090,0.08116,0.63183,1,0
1768333694.789706,-0.00622,0.33178,-0.99771,-0.03348,-0.00260,-0.00054,0.57023,0.00091,0.22802,-0.00052,0.70685,0.00055,0.70736,1,3,0.99884,0.04215,0.00464,-0.02276,0.07090,0.08116,0.63183,1,0
1768333694.791725,-0.02410,0.32193,-1.04259,-0.03316,-0.00236,0.00052,0.57023,0.00091,0.22802,-0.00052,0.70685,0.00055,0.70736,1,3,0.99884,0.04215,0.00464,-0.02276,0.07090,0.08116,0.63183,1,0
1768333694.793757,-0.02699,0.33438,-1.05803,-0.03432,-0.00284,0.00038,0.57027,0.00091,0.22802,-0.00052,0.70685,0.00055,0.70736,1,3,0.99884,0.04215,0.00464,-0.02276,0.07090,0.08116,0.63183,1,0
1768333694.795711,-0.02308,0.34327,-1.03541,-0.03334,-0.00443,-0.00001,0.57027,0.00091,0.22802,-0.00052,0.70685,0.00055,0.70736,1,3,0.99884,0.04215,0.00464,-0.02276,0.07090,0.08116,0.63183,1,0
1768333694.797788,-0.01729,0.34003,-1.03542,-0.03491,-0.00411,-0.00015,0.57031,0.00091,0.22803,-0.00052,0.70685,0.00055,0.70737,1,3,0.99884,0.04215,0.00464,-0.02276,0.07090,0.08116,0.63183,1,0
1768333694.799705,-0.02337,0.32281,-1.00498,-0.03293,-0.00302,-0.00066,0.57031,0.00091,0.22803,-0.00052,0.70685,0.00055,0.70737,1,3,0.99884,0.04215,0.00464,-0.02276,0.07090,0.08116,0.63183,1,0
1768333694.801707,-0.03751,0.31458,-1.00483,-0.03216,-0.00132,-0.00025,0.57036,0.00091,0.22803,-0.00052,0.70685,0.00055,0.70736,1,3,0.99884,0.04215,0.00464,-0.02276,0.07090,0.08116,0.63183,1,0
1768333694.803741,-0.01991,0.30963,-1.03463,-0.03309,-0.00252,0.00066,0.57036,0.00091,0.22803,-0.00052,0.70685,0.00055,0.70736,1,3,0.99884,0.04215,0.00464,-0.02276,0.07090,0.08116,0.63183,1,0
1768333694.805721,-0.00312,0.29016,-1.00440,-0.03202,-0.00248,-0.00081,0.57036,0.00091,0.22803,-0.00052,0.70685,0.00055,0.70736,1,3,0.99884,0.04215,0.00464,-0.02276,0.07090,0.08116,0.63183,1,0
1768333694.807734,-0.03233,0.30796,-0.97408,-0.03268,-0.00265,-0.00022,0.57040,0.00091,0.22803,-0.00052,0.70685,0.00055,0.70737,1,3,0.99884,0.04215,0.00464,-0.02276,0.07090,0.08116,0.63183,1,0
1768333694.809739,-0.06086,0.30404,-0.93580,-0.02988,-0.00217,0.00037,0.57040,0.00091,0.22803,-0.00052,0.70685,0.00055,0.70737,1,3,0.99884,0.04215,0.00464,-0.02276,0.07090,0.08116,0.63183,1,0
1768333694.811724,-0.03625,0.33827,-0.93668,-0.02947,-0.00249,0.00060,0.57044,0.00091,0.22803,-0.00052,0.70685,0.00055,0.70736,1,3,0.99884,0.04215,0.00464,-0.02276,0.07090,0.08116,0.63183,1,0
1768333694.813747,-0.01751,0.33780,-0.95978,-0.03078,-0.00272,-0.00024,0.57044,0.00091,0.22803,-0.00052,0.70685,0.00055,0.70736,1,3,0.99883,0.04294,0.00396,-0.02177,0.07115,0.08115,0.63213,1,0
1768333694.815724,-0.02309,0.34221,-1.01334,-0.03314,-0.00254,-0.00121,0.57048,0.00091,0.22803,-0.00052,0.70685,0.00055,0.70737,1,3,0.99883,0.04294,0.00396,-0.02177,0.07115,0.08115,0.63213,1,0
1768333694.817742,-0.04835,0.32650,-0.95937,-0.03420,-0.00120,0.00007,0.57048,0.00091,0.22803,-0.00052,0.70685,0.00055,0.70737,1,3,0.99883,0.04294,0.00396,-0.02177,0.07115,0.08115,0.63213,1,0
1768333694.819726,-0.03147,0.35608,-1.00607,-0.03384,-0.00143,-0.00080,0.57048,0.00091,0.22803,-0.00052,0.70685,0.00055,0.70737,1,3,0.99883,0.04294,0.00396,-0.02177,0.07115,0.08115,0.63213,1,0
1768333694.821724,-0.03965,0.34632,-0.97528,-0.03418,-0.00145,-0.00050,0.57056,0.00091,0.22803,-0.00052,0.70684,0.00055,0.70737,1,3,0.99883,0.04294,0.00396,-0.02177,0.07115,0.08115,0.63213,1,0
1768333694.823734,-0.02488,0.30838,-1.01966,-0.03158,-0.00311,-0.00027,0.57056,0.00091,0.22803,-0.00052,0.70684,0.00055,0.70737,1,3,0.99883,0.04294,0.00396,-0.02177,0.07115,0.08115,0.63213,1,0
1768333694.825740,-0.01184,0.34484,-0.98288,-0.03201,-0.00280,-0.00067,0.57060,0.00091,0.22803,-0.00052,0.70684,0.00055,0.70737,1,3,0.99883,0.04294,0.00396,-0.02177,0.07115,0.08115,0.63213,1,0
1768333694.827734,-0.02121,0.31463,-0.99729,-0.03150,-0.00164,-0.00026,0.57060,0.00091,0.22803,-0.00052,0.70684,0.00055,0.70737,1,3,0.99883,0.04294,0.00396,-0.02177,0.07115,0.08115,0.63213,1,0
1768333694.829734,-0.00763,0.34672,-1.04355,-0.03242,-0.00259,-0.00018,0.57064,0.00091,0.22803,-0.00052,0.70685,0.00055,0.70737,1,3,0.99883,0.04294,0.00396,-0.02177,0.07115,0.08115,0.63213,1,0
1768333694.831717,-0.01444,0.32678,-1.07327,-0.03398,-0.00274,-0.00005,0.57064,0.00091,0.22803,-0.00052,0.70685,0.00055,0.70737,1,3,0.99883,0.04294,0.00396,-0.02177,0.07115,0.08115,0.63213,1,0
1768333694.833725,-0.03143,0.34667,-1.05083,-0.03417,-0.00255,0.00025,0.57064,0.00091,0.22803,-0.00052,0.70685,0.00055,0.70737,1,3,0.99883,0.04294,0.00396,-0.02177,0.07115,0.08115,0.63213,1,0
1768333694.835720,-0.03180,0.28890,-1.01153,-0.03269,-0.00353,-0.00051,0.57068,0.00091,0.22803,-0.00052,0.70685,0.00055,0.70737,1,3,0.99883,0.04294,0.00396,-0.02177,0.07115,0.08115,0.63213,1,0
1768333694.837725,-0.02539,0.30833,-1.01212,-0.03114,-0.00285,-0.00026,0.57068,0.00091,0.22803,-0.00052,0.70685,0.00055,0.70737,1,3,0.99883,0.04294,0.00396,-0.02177,0.07115,0.08115,0.63213,1,0
1768333694.839758,-0.00883,0.31336,-0.98937,-0.03086,-0.00344,0.00001,0.57072,0.00091,0.22803,-0.00052,0.70684,0.00055,0.70737,1,3,0.99883,0.04294,0.00396,-0.02177,0.07115,0.08115,0.63213,1,0
1768333694.841763,-0.04196,0.30330,-1.03486,-0.03142,-0.00227,-0.00053,0.57072,0.00091,0.22803,-0.00052,0.70684,0.00055,0.70737,1,3,0.99883,0.04294,0.00396,-0.02177,0.07115,0.08115,0.63213,1,0
1768333694.843740,-0.01445,0.33805,-1.05064,-0.03340,-0.00428,-0.00030,0.57076,0.00091,0.22803,-0.00052,0.70685,0.00055,0.70737,1,3,0.99883,0.04294,0.00396,-0.02177,0.07115,0.08115,0.63213,1,0
1768333694.845761,0.00092,0.31698,-1.03505,-0.03256,-0.00279,0.00023,0.57076,0.00091,0.22803,-0.00052,0.70685,0.00055,0.70737,1,3,0.99883,0.04294,0.00396,-0.02177,0.07115,0.08115,0.63213,1,0
1768333694.847754,-0.01195,0.31520,-1.05013,-0.03215,-0.00314,0.00010,0.57080,0.00091,0.22803,-0.00052,0.70684,0.00055,0.70737,1,3,0.99877,0.04338,0.00635,-0.02336,0.07132,0.08105,0.63168,1,0
1768333694.849762,-0.04174,0.32737,-1.04310,-0.03201,-0.00178,-0.00041,0.57080,0.00091,0.22803,-0.00052,0.70684,0.00055,0.70737,1,3,0.99877,0.04338,0.00635,-0.02336,0.07132,0.08105,0.63168,1,0
1768333694.851746,-0.04786,0.36204,-1.05160,-0.03399,-0.00238,-0.00096,0.57085,0.00091,0.22803,-0.00052,0.70684,0.00055,0.70737,1,3,0.99877,0.04338,0.00635,-0.02336,0.07132,0.08105,0.63168,1,0
1768333694.853751,-0.03943,0.38350,-1.03636,-0.03373,-0.00503,-0.00028,0.57089,0.00091,0.22804,-0.00052,0.70684,0.00055,0.70737,1,3,0.99877,0.04338,0.00635,-0.02336,0.07132,0.08105,0.63168,1,0
1768333694.855750,-0.00259,0.32489,-0.98212,-0.03290,-0.00327,-0.00013,0.57089,0.00091,0.22804,-0.00052,0.70684,0.00055,0.70737,1,3,0.99877,0.04338,0.00635,-0.02336,0.07132,0.08105,0.63168,1,0
1768333694.857752,-0.02670,0.32783,-0.89836,-0.03068,-0.00246,0.00090,0.57093,0.00091,0.22804,-0.00052,0.70684,0.00055,0.70737,1,3,0.99877,0.04338,0.00635,-0.02336,0.07132,0.08105,0.63168,1,0
1768333694.859753,-0.03921,0.30605,-0.91344,-0.03008,-0.00206,-0.00031,0.57093,0.00091,0.22804,-0.00052,0.70684,0.00055,0.70737,1,3,0.99877,0.04338,0.00635,-0.02336,0.07132,0.08105,0.63168,1,0
1768333694.861786,-0.04420,0.29396,-0.91308,-0.02935,-0.00199,-0.00017,0.57097,0.00091,0.22804,-0.00052,0.70684,0.00055,0.70737,1,3,0.99877,0.04338,0.00635,-0.02336,0.07132,0.08105,0.63168,1,0
1768333694.863748,0.01296,0.29512,-0.94355,-0.03152,-0.00293,-0.00011,0.57097,0.00091,0.22804,-0.00052,0.70684,0.00055,0.70737,1,3,0.99877,0.04338,0.00635,-0.02336,0.07132,0.08105,0.63168,1,0
1768333694.865838,-0.02510,0.32649,-0.99789,-0.03180,-0.00085,-0.00080,0.57101,0.00091,0.22803,-0.00051,0.70684,0.00055,0.70737,1,3,0.99877,0.04338,0.00635,-0.02336,0.07132,0.08105,0.63168,1,0
1768333694.867771,-0.01285,0.32823,-1.03530,-0.03243,-0.00110,0.00091,0.57101,0.00091,0.22803,-0.00051,0.70684,0.00055,0.70737,1,3,0.99877,0.04338,0.00635,-0.02336,0.07132,0.08105,0.63168,1,0
1768333694.869865,-0.03563,0.32499,-0.98220,-0.03356,-0.00250,-0.00050,0.57105,0.00091,0.22803,-0.00052,0.70684,0.00055,0.70737,1,3,0.99877,0.04338,0.00635,-0.02336,0.07132,0.08105,0.63168,1,0
1768333694.871772,0.02163,0.34463,-1.01335,-0.03157,-0.00346,-0.00072,0.57105,0.00091,0.22803,-0.00052,0.70684,0.00055,0.70737,1,3,0.99877,0.04338,0.00635,-0.02336,0.07132,0.08105,0.63168,1,0
1768333694.873770,-0.04750,0.34498,-1.02835,-0.03070,-0.00160,-0.00027,0.57105,0.00091,0.22803,-0.00052,0.70684,0.00055,0.70737,1,3,0.99877,0.04338,0.00635,-0.02336,0.07132,0.08105,0.63168,1,0
1768333694.875758,-0.02006,0.32792,-1.02042,-0.03331,-0.00052,0.00012,0.57109,0.00091,0.22803,-0.00052,0.70685,0.00055,0.70737,1,3,0.99877,0.04338,0.00635,-0.02336,0.07132,0.08105,0.63168,1,0
1768333694.877769,-0.00654,0.30661,-1.01967,-0.03356,-0.00218,0.00012,0.57109,0.00091,0.22803,-0.00052,0.70685,0.00055,0.70737,1,3,0.99877,0.04338,0.00635,-0.02336,0.07132,0.08105,0.63168,1,0
1768333694.879760,0.01245,0.30568,-0.99701,-0.03073,-0.00357,-0.00042,0.57113,0.00091,0.22803,-0.00052,0.70685,0.00055,0.70736,1,3,0.99877,0.04338,0.00635,-0.02336,0.07132,0.08105,0.63168,1,0
1768333694.881763,-0.02761,0.31194,-0.96693,-0.02979,-0.00055,0.00003,0.57113,0.00091,0.22803,-0.00052,0.70685,0.00055,0.70736,1,3,0.99877,0.04338,0.00635,-0.02336,0.07132,0.08105,0.63168,1,0
1768333694.883795,-0.01685,0.32694,-1.00508,-0.03179,-0.00195,-0.00000,0.57117,0.00091,0.22803,-0.00052,0.70685,0.00055,0.70736,1,3,0.99866,0.04440,0.00827,-0.02509,0.07149,0.08096,0.63137,1,0
1768333694.885777,-0.05551,0.30337,-1.06496,-0.03448,-0.00312,-0.00053,0.57117,0.00091,0.22803,-0.00052,0.70685,0.00055,0.70736,1,3,0.99866,0.04440,0.00827,-0.02509,0.07149,0.08096,0.63137,1,0
1768333694.887761,-0.03517,0.36513,-1.03597,-0.03417,-0.00392,-0.00001,0.57117,0.00091,0.22803,-0.00052,0.70685,0.00055,0.70736,1,3,0.99866,0.04440,0.00827,-0.02509,0.07149,0.08096,0.63137,1,0
1768333694.889774,-0.05157,0.32089,-1.00457,-0.03427,-0.00344,-0.00036,0.57124,0.00091,0.22802,-0.00052,0.70685,0.00055,0.70736,1,3,0.99866,0.04440,0.00827,-0.02509,0.07149,0.08096,0.63137,1,0
1768333694.891797,-0.01255,0.33058,-0.95192,-0.03131,-0.00329,-0.00023,0.57124,0.00091,0.22802,-0.00052,0.70685,0.00055,0.70736,1,3,0.99866,0.04440,0.00827,-0.02509,0.07149,0.08096,0.63137,1,0
1768333694.893794,-0.03926,0.31145,-0.95894,-0.03001,-0.00282,-0.00007,0.57128,0.00091,0.22802,-0.00052,0.70685,0.00055,0.70736,1,3,0.99866,0.04440,0.00827,-0.02509,0.07149,0.08096,0.63137,1,0
1768333694.895793,-0.01634,0.28876,-0.98148,-0.03116,-0.00309,-0.00091,0.57128,0.00091,0.22802,-0.00052,0.70685,0.00055,0.70736,1,3,0.99866,0.04440,0.00827,-0.02509,0.07149,0.08096,0.63137,1,0
1768333694.897811,-0.01376,0.29436,-1.01932,-0.03109,-0.00132,0.00066,0.57133,0.00091,0.22802,-0.00052,0.70685,0.00055,0.70736,1,3,0.99866,0.04440,0.00827,-0.02509,0.07149,0.08096,0.63137,1,0
1768333694.899798,-0.02974,0.33297,-1.03568,-0.03237,-0.00014,0.00038,0.57133,0.00091,0.22802,-0.00052,0.70685,0.00055,0.70736,1,3,0.99866,0.04440,0.00827,-0.02509,0.07149,0.08096,0.63137,1,0
1768333694.901794,-0.03245,0.34659,-1.01295,-0.03330,-0.00203,0.00027,0.57137,0.00091,0.22802,-0.00052,0.70686,0.00055,0.70736,1,3,0.99866,0.04440,0.00827,-0.02509,0.07149,0.08096,0.63137,1,0
1768333694.903789,-0.01799,0.33041,-0.99764,-0.03372,-0.00361,-0.00106,0.57137,0.00091,0.22802,-0.00052,0.70686,0.00055,0.70736,1,3,0.99866,0.04440,0.00827,-0.02509,0.07149,0.08096,0.63137,1,0
1768333694.905799,-0.00241,0.27649,-0.98102,-0.03218,-0.00400,-0.00078,0.57137,0.00091,0.22802,-0.00052,0.70686,0.00055,0.70736,1,3,0.99866,0.04440,0.00827,-0.02509,0.07149,0.08096,0.63137,1,0
1768333694.907781,-0.04213,0.30090,-0.90537,-0.02817,-0.00137,0.00104,0.57141,0.00091,0.22802,-0.00052,0.70686,0.00055,0.70736,1,3,0.99866,0.04440,0.00827,-0.02509,0.07149,0.08096,0.63137,1,0
1768333694.909785,-0.02722,0.32281,-0.92119,-0.03009,-0.00208,0.00061,0.57141,0.00091,0.22802,-0.00052,0.70686,0.00055,0.70736,1,3,0.99866,0.04440,0.00827,-0.02509,0.07149,0.08096,0.63137,1,0
1768333694.911783,-0.00431,0.34909,-1.02864,-0.03152,-0.00213,-0.00044,0.57141,0.00091,0.22802,-0.00052,0.70686,0.00055,0.70736,1,3,0.99866,0.04440,0.00827,-0.02509,0.07149,0.08096,0.63137,1,0
1768333694.913800,-0.00148,0.30900,-1.01221,-0.03419,-0.00238,-0.00015,0.57145,0.00091,0.22802,-0.00052,0.70685,0.00055,0.70736,1,3,0.99866,0.04440,0.00827,-0.02509,0.07149,0.08096,0.63137,1,0
1768333694.915807,-0.03218,0.32704,-0.94454,-0.03288,-0.00166,-0.00075,0.57145,0.00091,0.22802,-0.00052,0.70685,0.00055,0.70736,1,3,0.99881,0.04480,0.00400,-0.01887,0.07184,0.08104,0.63248,1,0
1768333694.917807,-0.03902,0.34509,-0.95276,-0.03026,-0.00147,-0.00103,0.57149,0.00091,0.22802,-0.00052,0.70685,0.00055,0.70736,1,3,0.99881,0.04480,0.00400,-0.01887,0.07184,0.08104,0.63248,1,0
1768333694.919813,-0.00794,0.31183,-0.98954,-0.03219,-0.00192,0.00001,0.57149,0.00091,0.22802,-0.00052,0.70685,0.00055,0.70736,1,3,0.99881,0.04480,0.00400,-0.01887,0.07184,0.08104,0.63248,1,0
1768333694.921798,-0.00383,0.30911,-1.02720,-0.03244,-0.00208,0.00065,0.57153,0.00091,0.22803,-0.00052,0.70685,0.00055,0.70737,1,3,0.99881,0.04480,0.00400,-0.01887,0.07184,0.08104,0.63248,1,0
1768333694.923802,-0.03383,0.30724,-0.96671,-0.03159,-0.00123,-0.00022,0.57157,0.00091,0.22802,-0.00052,0.70685,0.00055,0.70736,1,3,0.99881,0.04480,0.00400,-0.01887,0.07184,0.08104,0.63248,1,0
1768333694.925817,-0.00750,0.32668,-0.96727,-0.03245,-0.00195,-0.00038,0.57161,0.00091,0.22803,-0.00052,0.70685,0.00055,0.70736,1,3,0.99881,0.04480,0.00400,-0.01887,0.07184,0.08104,0.63248,1,0
1768333694.927810,-0.01545,0.32204,-0.94457,-0.03251,-0.00186,-0.00103,0.57161,0.00091,0.22803,-0.00052,0.70685,0.00055,0.70736,1,3,0.99881,0.04480,0.00400,-0.01887,0.07184,0.08104,0.63248,1,0
1768333694.929825,-0.02355,0.30183,-1.00462,-0.03319,-0.00148,-0.00053,0.57165,0.00091,0.22803,-0.00052,0.70685,0.00055,0.70736,1,3,0.99881,0.04480,0.00400,-0.01887,0.07184,0.08104,0.63248,1,0
1768333694.931813,-0.03216,0.30645,-1.02746,-0.03335,-0.00099,-0.00027,0.57165,0.00091,0.22803,-0.00052,0.70685,0.00055,0.70736,1,3,0.99881,0.04480,0.00400,-0.01887,0.07184,0.08104,0.63248,1,0
1768333694.933808,-0.04189,0.35098,-1.00551,-0.03281,-0.00090,0.00055,0.57169,0.00091,0.22803,-0.00052,0.70685,0.00055,0.70736,1,3,0.99881,0.04480,0.00400,-0.01887,0.07184,0.08104,0.63248,1,0
1768333694.935803,-0.03259,0.36750,-0.95277,-0.03261,-0.00307,-0.00022,0.57169,0.00091,0.22803,-0.00052,0.70685,0.00055,0.70736,1,3,0.99881,0.04480,0.00400,-0.01887,0.07184,0.08104,0.63248,1,0
1768333694.937805,-0.02808,0.32482,-0.92860,-0.03334,-0.00270,0.00075,0.57169,0.00091,0.22803,-0.00052,0.70685,0.00055,0.70736,1,3,0.99881,0.04480,0.00400,-0.01887,0.07184,0.08104,0.63248,1,0
1768333694.939803,-0.01552,0.31807,-0.95166,-0.03233,-0.00324,-0.00049,0.57169,0.00091,0.22803,-0.00052,0.70685,0.00055,0.70736,1,3,0.99881,0.04480,0.00400,-0.01887,0.07184,0.08104,0.63248,1,0
1768333694.941798,-0.04547,0.31040,-0.95133,-0.03243,-0.00211,-0.00006,0.57173,0.00091,0.22803,-0.00052,0.70685,0.00055,0.70736,1,3,0.99881,0.04480,0.00400,-0.01887,0.07184,0.08104,0.63248,1,0
1768333694.943797,-0.05829,0.31303,-0.95130,-0.03240,-0.00195,0.00009,0.57177,0.00091,0.22803,-0.00052,0.70685,0.00055,0.70737,1,3,0.99881,0.04480,0.00400,-0.01887,0.07184,0.08104,0.63248,1,0
1768333694.945800,-0.01962,0.33041,-0.97443,-0.03284,-0.00357,0.00017,0.57177,0.00091,0.22803,-0.00052,0.70685,0.00055,0.70737,1,3,0.99881,0.04480,0.00400,-0.01887,0.07184,0.08104,0.63248,1,0
1768333694.947798,-0.00143,0.31961,-0.98932,-0.03428,-0.00352,0.00041,0.57177,0.00091,0.22803,-0.00052,0.70685,0.00055,0.70737,1,3,0.99881,0.04480,0.00400,-0.01887,0.07184,0.08104,0.63248,1,0
1768333694.949828,0.00992,0.31153,-1.02768,-0.03285,-0.00227,-0.00044,0.57181,0.00091,0.22803,-0.00052,0.70685,0.00055,0.70736,1,3,0.99869,0.04626,0.00394,-0.02171,0.07201,0.08094,0.63199,1,0
1768333694.951821,-0.04524,0.33393,-1.00539,-0.03302,-0.00086,-0.00038,0.57181,0.00091,0.22803,-0.00052,0.70685,0.00055,0.70736,1,3,0.99869,0.04626,0.00394,-0.02171,0.07201,0.08094,0.63199,1,0
1768333694.953818,-0.04731,0.35206,-1.02047,-0.03498,-0.00287,0.00015,0.57185,0.00091,0.22803,-0.00052,0.70685,0.00055,0.70736,1,3,0.99869,0.04626,0.00394,-0.02171,0.07201,0.08094,0.63199,1,0
1768333694.955834,-0.00435,0.29368,-1.03421,-0.03460,-0.00500,-0.00028,0.57189,0.00091,0.22803,-0.00052,0.70685,0.00055,0.70736,1,3,0.99869,0.04626,0.00394,-0.02171,0.07201,0.08094,0.63199,1,0
1768333694.957864,-0.03131,0.33783,-0.99749,-0.03363,-0.00344,-0.00025,0.57189,0.00091,0.22803,-0.00052,0.70685,0.00055,0.70736,1,3,0.99869,0.04626,0.00394,-0.02171,0.07201,0.08094,0.63199,1,0
1768333694.959840,-0.01444,0.32874,-1.01292,-0.03046,-0.00071,0.00012,0.57193,0.00091,0.22803,-0.00052,0.70684,0.00055,0.70737,1,3,0.99869,0.04626,0.00394,-0.02171,0.07201,0.08094,0.63199,1,0
1768333694.961847,-0.04527,0.37280,-1.00624,-0.03364,-0.00050,0.00014,0.57193,0.00091,0.22803,-0.00052,0.70684,0.00055,0.70737,1,3,0.99869,0.04626,0.00394,-0.02171,0.07201,0.08094,0.63199,1,0
1768333694.963839,-0.01230,0.31596,-1.08807,-0.03629,-0.00250,0.00021,0.57198,0.00091,0.22803,-0.00052,0.70685,0.00055,0.70737,1,3,0.99869,0.04626,0.00394,-0.02171,0.07201,0.08094,0.63199,1,0
1768333694.965842,-0.00940,0.33350,-1.00534,-0.03477,-0.00205,-0.00041,0.57198,0.00091,0.22803,-0.00052,0.70685,0.00055,0.70737,1,3,0.99869,0.04626,0.00394,-0.02171,0.07201,0.08094,0.63199,1,0
1768333694.967829,0.00440,0.29928,-0.91330,-0.03190,-0.00181,0.00019,0.57202,0.00091,0.22803,-0.00052,0.70685,0.00055,0.70737,1,3,0.99869,0.04626,0.00394,-0.02171,0.07201,0.08094,0.63199,1,0
1768333694.969837,-0.05020,0.27180,-0.89727,-0.02787,-0.00139,0.00026,0.57202,0.00091,0.22803,-0.00052,0.70685,0.00055,0.70737,1,3,0.99869,0.04626,0.00394,-0.02171,0.07201,0.08094,0.63199,1,0
1768333694.971833,-0.03597,0.29810,-0.97398,-0.02952,-0.00145,0.00004,0.57202,0.00091,0.22803,-0.00052,0.70685,0.00055,0.70737,1,3,0.99869,0.04626,0.00394,-0.02171,0.07201,0.08094,0.63199,1,0
1768333694.973840,-0.01244,0.32953,-1.05839,-0.03176,-0.00226,-0.00032,0.57206,0.00091,0.22803,-0.00052,0.70685,0.00055,0.70736,1,3,0.99869,0.04626,0.00394,-0.02171,0.07201,0.08094,0.63199,1,0
1768333694.975823,-0.00618,0.35956,-1.02875,-0.03467,-0.00096,0.00023,0.57206,0.00091,0.22803,-0.00052,0.70685,0.00055,0.70736,1,3,0.99869,0.04626,0.00394,-0.02171,0.07201,0.08094,0.63199,1,0
1768333694.977821,-0.04088,0.34913,-0.98294,-0.03436,0.00099,0.00057,0.57210,0.00091,0.22803,-0.00052,0.70685,0.00055,0.70737,1,3,0.99869,0.04626,0.00394,-0.02171,0.07201,0.08094,0.63199,1,0
1768333694.979861,-0.01867,0.32426,-0.98250,-0.03357,-0.00195,-0.00092,0.57210,0.00091,0.22803,-0.00052,0.70685,0.00055,0.70737,1,3,0.99869,0.04626,0.00394,-0.02171,0.07201,0.08094,0.63199,1,0
1768333694.981836,-0.02408,0.36195,-0.93008,-0.03268,-0.00242,-0.00048,0.57214,0.00091,0.22803,-0.00052,0.70684,0.00055,0.70737,1,3,0.99869,0.04626,0.00394,-0.02171,0.07201,0.08094,0.63199,1,0
1768333694.983861,-0.01172,0.32392,-0.92157,-0.03270,-0.00151,-0.00008,0.57214,0.00091,0.22803,-0.00052,0.70684,0.00055,0.70737,1,3,0.99855,0.04598,0.00721,-0.02707,0.07215,0.08083,0.63137,1,0
1768333694.985847,-0.01620,0.32543,-0.96730,-0.03290,-0.00031,0.00002,0.57218,0.00091,0.22804,-0.00052,0.70684,0.00055,0.70737,1,3,0.99855,0.04598,0.00721,-0.02707,0.07215,0.08083,0.63137,1,0
1768333694.987859,0.00117,0.29658,-0.95882,-0.03281,-0.00177,0.00003,0.57218,0.00091,0.22804,-0.00052,0.70684,0.00055,0.70737,1,3,0.99855,0.04598,0.00721,-0.02707,0.07215,0.08083,0.63137,1,0
1768333694.989861,-0.03198,0.30825,-0.92845,-0.03289,-0.00303,-0.00018,0.57222,0.00091,0.22804,-0.00052,0.70684,0.00055,0.70737,1,3,0.99855,0.04598,0.00721,-0.02707,0.07215,0.08083,0.63137,1,0
1768333694.991860,-0.01800,0.33283,-0.90648,-0.03041,-0.00246,-0.00006,0.57226,0.00091,0.22804,-0.00052,0.70684,0.00055,0.70737,1,3,0.99855,0.04598,0.00721,-0.02707,0.07215,0.08083,0.63137,1,0
1768333694.993858,-0.02365,0.32718,-0.93710,-0.03266,-0.00190,-0.00115,0.57226,0.00091,0.22804,-0.00052,0.70684,0.00055,0.70737,1,3,0.99855,0.04598,0.00721,-0.02707,0.07215,0.08083,0.63137,1,0
1768333694.995919,-0.02029,0.32862,-1.02033,-0.03286,-0.00128,0.00012,0.57230,0.00091,0.22804,-0.00052,0.70684,0.00055,0.70737,1,3,0.99855,0.04598,0.00721,-0.02707,0.07215,0.08083,0.63137,1,0
1768333694.997861,-0.01910,0.33977,-1.06597,-0.03338,-0.00320,-0.00018,0.57230,0.00091,0.22804,-0.00052,0.70684,0.00055,0.70737,1,3,0.99855,0.04598,0.00721,-0.02707,0.07215,0.08083,0.63137,1,0
1768333694.999855,-0.05289,0.29650,-0.99647,-0.03282,-0.00315,-0.00048,0.57234,0.00091,0.22803,-0.00052,0.70684,0.00055,0.70737,1,3,0.99855,0.04598,0.00721,-0.02707,0.07215,0.08083,0.63137,1,0
1768333695.001850,-0.01235,0.34467,-1.01314,-0.03179,-0.00266,-0.00029,0.57234,0.00091,0.22803,-0.00052,0.70684,0.00055,0.70737,1,3,0.99855,0.04598,0.00721,-0.02707,0.07215,0.08083,0.63137,1,0
1768333695.003958,-0.02033,0.29937,-1.04231,-0.03256,-0.00163,0.00011,0.57238,0.00091,0.22804,-0.00052,0.70684,0.00055,0.70738,1,3,0.99855,0.04598,0.00721,-0.02707,0.07215,0.08083,0.63137,1,0
1768333695.005860,-0.03211,0.29723,-1.01939,-0.03324,-0.00187,0.00001,0.57238,0.00091,0.22804,-0.00052,0.70684,0.00055,0.70738,1,3,0.99855,0.04598,0.00721,-0.02707,0.07215,0.08083,0.63137,1,0
1768333695.007854,-0.00761,0.31202,-1.01227,-0.03241,-0.00231,-0.00001,0.57238,0.00091,0.22804,-0.00052,0.70684,0.00055,0.70738,1,3,0.99855,0.04598,0.00721,-0.02707,0.07215,0.08083,0.63137,1,0
1768333695.009849,-0.02889,0.34587,-0.97476,-0.03200,-0.00385,0.00017,0.57242,0.00091,0.22804,-0.00052,0.70684,0.00055,0.70738,1,3,0.99855,0.04598,0.00721,-0.02707,0.07215,0.08083,0.63137,1,0
1768333695.011844,-0.02754,0.35488,-0.99035,-0.03342,-0.00325,-0.00012,0.57242,0.00091,0.22804,-0.00052,0.70684,0.00055,0.70738,1,3,0.99855,0.04598,0.00721,-0.02707,0.07215,0.08083,0.63137,1,0
1768333695.013855,-0.01538,0.29713,-1.03463,-0.03302,-0.00220,-0.00002,0.57246,0.00091,0.22804,-0.00052,0.70684,0.00055,0.70738,1,3,0.99855,0.04598,0.00721,-0.02707,0.07215,0.08083,0.63137,1,0
1768333695.015849,-0.02771,0.29562,-0.95108,-0.03283,-0.00270,-0.00047,0.57246,0.00091,0.22804,-0.00052,0.70684,0.00055,0.70738,1,3,0.99855,0.04598,0.00721,-0.02707,0.07215,0.08083,0.63137,1,0
1768333695.017853,-0.02016,0.32799,-0.87607,-0.02850,-0.00180,0.00010,0.57250,0.00091,0.22804,-0.00052,0.70684,0.00055,0.70738,1,3,0.99855,0.04598,0.00721,-0.02707,0.07215,0.08083,0.63137,1,0
1768333695.019846,-0.03603,0.36736,-0.92231,-0.02999,-0.00201,0.00061,0.57250,0.00091,0.22804,-0.00052,0.70684,0.00055,0.70738,1,3,0.99849,0.04632,0.00696,-0.02885,0.07235,0.08074,0.63123,1,0
1768333695.021879,-0.05324,0.29061,-0.95849,-0.03289,-0.00187,-0.00032,0.57254,0.00091,0.22804,-0.00052,0.70683,0.00055,0.70738,1,3,0.99849,0.04632,0.00696,-0.02885,0.07235,0.08074,0.63123,1,0
1768333695.023847,-0.03185,0.35187,-0.98266,-0.03367,-0.00255,0.00016,0.57254,0.00091,0.22804,-0.00052,0.70683,0.00055,0.70738,1,3,0.99849,0.04632,0.00696,-0.02885,0.07235,0.08074,0.63123,1,0
1768333695.025873,0.01591,0.34599,-0.96771,-0.03112,-0.00186,0.00026,0.57258,0.00091,0.22804,-0.00052,0.70683,0.00055,0.70738,1,3,0.99849,0.04632,0.00696,-0.02885,0.07235,0.08074,0.63123,1,0
1768333695.027856,-0.01382,0.33412,-0.91427,-0.03083,-0.00124,0.00006,0.57262,0.00091,0.22804,-0.00052,0.70684,0.00055,0.70738,1,3,0.99849,0.04632,0.00696,-0.02885,0.07235,0.08074,0.63123,1,0
1768333695.029893,-0.03555,0.28807,-1.01194,-0.02964,-0.00120,-0.00052,0.57262,0.00091,0.22804,-0.00052,0.70684,0.00055,0.70738,1,3,0.99849,0.04632,0.00696,-0.02885,0.07235,0.08074,0.63123,1,0
1768333695.031876,-0.01134,0.28953,-0.99670,-0.03268,-0.00174,-0.00039,0.57266,0.00091,0.22804,-0.00052,0.70683,0.00055,0.70738,1,3,0.99849,0.04632,0.00696,-0.02885,0.07235,0.08074,0.63123,1,0
1768333695.033883,0.00165,0.29311,-0.96651,-0.03220,-0.00318,-0.00105,0.57266,0.00091,0.22804,-0.00052,0.70683,0.00055,0.70738,1,3,0.99849,0.04632,0.00696,-0.02885,0.07235,0.08074,0.63123,1,0
1768333695.035878,-0.06088,0.29418,-0.95098,-0.02957,-0.00191,-0.00018,0.57270,0.00091,0.22804,-0.00052,0.70683,0.00055,0.70738,1,3,0.99849,0.04632,0.00696,-0.02885,0.07235,0.08074,0.63123,1,0
1768333695.037878,-0.05853,0.31192,-0.93606,-0.02804,-0.00220,0.00036,0.57270,0.00091,0.22804,-0.00052,0.70683,0.00055,0.70738,1,3,0.99849,0.04632,0.00696,-0.02885,0.07235,0.08074,0.63123,1,0
1768333695.039881,-0.02598,0.35197,-0.94470,-0.03148,-0.00211,0.00059,0.57270,0.00091,0.22804,-0.00052,0.70683,0.00055,0.70738,1,3,0.99849,0.04632,0.00696,-0.02885,0.07235,0.08074,0.63123,1,0
1768333695.041867,-0.01037,0.34972,-1.01316,-0.03348,-0.00345,-0.00042,0.57274,0.00091,0.22804,-0.00052,0.70683,0.00055,0.70738,1,3,0.99849,0.04632,0.00696,-0.02885,0.07235,0.08074,0.63123,1,0
1768333695.043863,-0.01455,0.32733,-1.02040,-0.03332,-0.00288,-0.00082,0.57274,0.00091,0.22804,-0.00052,0.70683,0.00055,0.70738,1,3,0.99849,0.04632,0.00696,-0.02885,0.07235,0.08074,0.63123,1,0
1768333695.045874,-0.03277,0.28699,-0.98912,-0.03249,-0.00085,-0.00050,0.57278,0.00091,0.22804,-0.00052,0.70683,0.00055,0.70738,1,3,0.99849,0.04632,0.00696,-0.02885,0.07235,0.08074,0.63123,1,0
1768333695.047865,-0.05088,0.27801,-1.00387,-0.03129,-0.00113,-0.00023,0.57278,0.00091,0.22804,-0.00052,0.70683,0.00055,0.70738,1,3,0.99849,0.04632,0.00696,-0.02885,0.07235,0.08074,0.63123,1,0
1768333695.049890,-0.03396,0.30884,-0.98926,-0.03092,-0.00313,-0.00023,0.57282,0.00091,0.22804,-0.00052,0.70683,0.00055,0.70738,1,3,0.99861,0.04803,0.00227,-0.02154,0.07254,0.08092,0.63209,1,0
1768333695.051887,-0.00392,0.30659,-1.00404,-0.03138,-0.00475,0.00040,0.57282,0.00091,0.22804,-0.00052,0.70683,0.00055,0.70738,1,3,0.99861,0.04803,0.00227,-0.02154,0.07254,0.08092,0.63209,1,0
1768333695.053905,-0.00845,0.29326,-0.97383,-0.03110,-0.00292,-0.00024,0.57286,0.00091,0.22804,-0.00052,0.70683,0.00055,0.70738,1,3,0.99861,0.04803,0.00227,-0.02154,0.07254,0.08092,0.63209,1,0
1768333695.055869,-0.02236,0.27514,-1.02682,-0.03023,-0.00109,-0.00041,0.57290,0.00091,0.22804,-0.00052,0.70683,0.00055,0.70738,1,3,0.99861,0.04803,0.00227,-0.02154,0.07254,0.08092,0.63209,1,0
1768333695.057878,-0.03503,0.28318,-0.99652,-0.03014,-0.00145,-0.00037,0.57290,0.00091,0.22804,-0.00052,0.70683,0.00055,0.70738,1,3,0.99861,0.04803,0.00227,-0.02154,0.07254,0.08092,0.63209,1,0
1768333695.060109,-0.01260,0.32478,-1.00503,-0.03160,-0.00239,-0.00014,0.57294,0.00091,0.22804,-0.00052,0.70684,0.00055,0.70738,1,3,0.99861,0.04803,0.00227,-0.02154,0.07254,0.08092,0.63209,1,0
1768333695.061880,0.00519,0.31570,-1.02004,-0.03171,-0.00387,-0.00070,0.57294,0.00091,0.22804,-0.00052,0.70684,0.00055,0.70738,1,3,0.99861,0.04803,0.00227,-0.02154,0.07254,0.08092,0.63209,1,0
1768333695.063868,-0.03073,0.29534,-0.97396,-0.03043,-0.00151,-0.00009,0.57298,0.00091,0.22804,-0.00052,0.70683,0.00055,0.70738,1,3,0.99861,0.04803,0.00227,-0.02154,0.07254,0.08092,0.63209,1,0
1768333695.065892,-0.02866,0.32357,-0.89840,-0.02855,-0.00244,0.00063,0.57298,0.00091,0.22804,-0.00052,0.70683,0.00055,0.70738,1,3,0.99861,0.04803,0.00227,-0.02154,0.07254,0.08092,0.63209,1,0
1768333695.067874,-0.05031,0.34671,-0.84604,-0.02762,-0.00234,-0.00012,0.57302,0.00091,0.22804,-0.00052,0.70683,0.00055,0.70738,1,3,0.99861,0.04803,0.00227,-0.02154,0.07254,0.08092,0.63209,1,0
1768333695.069907,0.00295,0.31126,-0.91345,-0.02979,-0.00371,-0.00008,0.57302,0.00091,0.22804,-0.00052,0.70683,0.00055,0.70738,1,3,0.99861,0.04803,0.00227,-0.02154,0.07254,0.08092,0.63209,1,0
1768333695.071908,-0.00133,0.27650,-0.97351,-0.03087,-0.00070,0.00055,0.57302,0.00091,0.22804,-0.00052,0.70683,0.00055,0.70738,1,3,0.99861,0.04803,0.00227,-0.02154,0.07254,0.08092,0.63209,1,0
1768333695.073891,-0.03313,0.27423,-0.95083,-0.02893,0.00083,0.00046,0.57306,0.00091,0.22804,-0.00052,0.70683,0.00055,0.70738,1,3,0.99861,0.04803,0.00227,-0.02154,0.07254,0.08092,0.63209,1,0
1768333695.075889,-0.02810,0.29709,-0.89825,-0.02931,-0.00015,0.00009,0.57306,0.00091,0.22804,-0.00052,0.70683,0.00055,0.70738,1,3,0.99861,0.04803,0.00227,-0.02154,0.07254,0.08092,0.63209,1,0
1768333695.077898,-0.01408,0.35016,-0.92948,-0.03041,-0.00289,0.00045,0.57310,0.00091,0.22804,-0.00052,0.70683,0.00055,0.70738,1,3,0.99861,0.04803,0.00227,-0.02154,0.07254,0.08092,0.63209,1,0
1768333695.079886,0.02172,0.31369,-1.02781,-0.03217,-0.00203,-0.00032,0.57310,0.00091,0.22804,-0.00052,0.70683,0.00055,0.70738,1,3,0.99861,0.04803,0.00227,-0.02154,0.07254,0.08092,0.63209,1,0
1768333695.081889,-0.01315,0.30901,-1.02745,-0.03157,-0.00122,0.00025,0.57314,0.00092,0.22804,-0.00052,0.70683,0.00055,0.70738,1,3,0.99861,0.04803,0.00227,-0.02154,0.07254,0.08092,0.63209,1,0
1768333695.083971,-0.03211,0.33388,-0.95977,-0.02996,-0.00025,0.00044,0.57314,0.00092,0.22804,-0.00052,0.70683,0.00055,0.70738,1,3,0.99861,0.04803,0.00227,-0.02154,0.07254,0.08092,0.63209,1,0
1768333695.086009,-0.04768,0.30606,-0.95122,-0.03030,-0.00208,0.00008,0.57318,0.00092,0.22804,-0.00052,0.70683,0.00055,0.70738,1,3,0.99851,0.04810,0.00748,-0.02455,0.07225,0.08137,0.63174,1,0
1768333695.087903,0.00989,0.30850,-0.97423,-0.03201,-0.00430,-0.00066,0.57318,0.00092,0.22804,-0.00052,0.70683,0.00055,0.70738,1,3,0.99851,0.04810,0.00748,-0.02455,0.07225,0.08137,0.63174,1,0
1768333695.089910,0.00912,0.27151,-0.98096,-0.03246,-0.00146,0.00028,0.57322,0.00092,0.22803,-0.00052,0.70684,0.00055,0.70738,1,3,0.99851,0.04810,0.00748,-0.02455,0.07225,0.08137,0.63174,1,0
1768333695.091985,-0.01220,0.30168,-0.87563,-0.02860,0.00003,0.00036,0.57326,0.00092,0.22803,-0.00052,0.70684,0.00055,0.70737,1,3,0.99851,0.04810,0.00748,-0.02455,0.07225,0.08137,0.63174,1,0
1768333695.093896,-0.06320,0.28328,-0.89019,-0.02795,0.00015,0.00013,0.57326,0.00092,0.22803,-0.00052,0.70684,0.00055,0.70737,1,3,0.99851,0.04810,0.00748,-0.02455,0.07225,0.08137,0.63174,1,0
1768333695.095961,-0.01515,0.30590,-0.94360,-0.02920,-0.00259,0.00045,0.57330,0.00092,0.22803,-0.00052,0.70684,0.00055,0.70737,1,3,0.99851,0.04810,0.00748,-0.02455,0.07225,0.08137,0.63174,1,0
1768333695.097993,0.00377,0.30523,-0.99709,-0.03074,-0.00270,-0.00041,0.57330,0.00092,0.22803,-0.00052,0.70684,0.00055,0.70737,1,3,0.99851,0.04810,0.00748,-0.02455,0.07225,0.08137,0.63174,1,0
1768333695.099933,-0.00764,0.35171,-1.04373,-0.03236,-0.00259,-0.00032,0.57334,0.00092,0.22803,-0.00052,0.70684,0.00055,0.70738,1,3,0.99851,0.04810,0.00748,-0.02455,0.07225,0.08137,0.63174,1,0
1768333695.101892,-0.03352,0.30250,-0.99703,-0.03165,-0.00149,-0.00051,0.57334,0.00092,0.22803,-0.00052,0.70684,0.00055,0.70738,1,3,0.99851,0.04810,0.00748,-0.02455,0.07225,0.08137,0.63174,1,0
1768333695.103923,-0.04024,0.34043,-0.95190,-0.02988,-0.00218,0.00073,0.57338,0.00092,0.22803,-0.00052,0.70684,0.00055,0.70737,1,3,0.99851,0.04810,0.00748,-0.02455,0.07225,0.08137,0.63174,1,0
1768333695.105913,-0.02167,0.28059,-0.97354,-0.03082,-0.00199,-0.00009,0.57338,0.00092,0.22803,-0.00052,0.70684,0.00055,0.70737,1,3,0.99851,0.04810,0.00748,-0.02455,0.07225,0.08137,0.63174,1,0
1768333695.107909,-0.01240,0.28081,-1.01937,-0.03104,-0.00249,-0.00095,0.57338,0.00092,0.22803,-0.00052,0.70684,0.00055,0.70737,1,3,0.99851,0.04810,0.00748,-0.02455,0.07225,0.08137,0.63174,1,0
1768333695.109913,-0.02604,0.26326,-0.98836,-0.03060,-0.00167,-0.00023,0.57342,0.00091,0.22803,-0.00051,0.70684,0.00055,0.70738,1,3,0.99851,0.04810,0.00748,-0.02455,0.07225,0.08137,0.63174,1,0
1768333695.111922,-0.02372,0.31999,-0.93649,-0.02947,-0.00148,0.00046,0.57342,0.00091,0.22803,-0.00051,0.70684,0.00055,0.70738,1,3,0.99851,0.04810,0.00748,-0.02455,0.07225,0.08137,0.63174,1,0
1768333695.113917,-0.01249,0.28850,-0.89003,-0.02788,-0.00197,0.00076,0.57342,0.00091,0.22803,-0.00051,0.70684,0.00055,0.70738,1,3,0.99851,0.04810,0.00748,-0.02455,0.07225,0.08137,0.63174,1,0
1768333695.115915,-0.04707,0.29651,-0.88259,-0.03063,-0.00246,-0.00000,0.57346,0.00092,0.22803,-0.00052,0.70684,0.00055,0.70738,1,3,0.99851,0.04810,0.00748,-0.02455,0.07225,0.08137,0.63174,1,0
1768333695.117911,-0.02193,0.33514,-0.95204,-0.03082,-0.00241,0.00004,0.57350,0.00092,0.22803,-0.00052,0.70683,0.00055,0.70738,1,3,0.99851,0.04810,0.00748,-0.02455,0.07225,0.08137,0.63174,1,0
1768333695.119946,-0.01676,0.33220,-0.94446,-0.03172,-0.00222,-0.00009,0.57350,0.00092,0.22803,-0.00052,0.70683,0.00055,0.70738,1,3,0.99848,0.04883,0.00795,-0.02417,0.07287,0.08179,0.63472,1,0
1768333695.121934,-0.01306,0.33423,-0.94475,-0.03126,-0.00151,-0.00037,0.57354,0.00092,0.22804,-0.00052,0.70683,0.00055,0.70738,1,3,0.99848,0.04883,0.00795,-0.02417,0.07287,0.08179,0.63472,1,0
1768333695.123977,0.01580,0.32655,-0.95970,-0.03070,-0.00197,-0.00000,0.57354,0.00092,0.22804,-0.00052,0.70683,0.00055,0.70738,1,3,0.99848,0.04883,0.00795,-0.02417,0.07287,0.08179,0.63472,1,0
1768333695.125957,-0.01826,0.27691,-0.94341,-0.03043,-0.00026,-0.00021,0.57354,0.00092,0.22804,-0.00052,0.70683,0.00055,0.70738,1,3,0.99848,0.04883,0.00795,-0.02417,0.07287,0.08179,0.63472,1,0
1768333695.127987,0.00340,0.31425,-0.98243,-0.03063,-0.00144,-0.00068,0.57362,0.00092,0.22804,-0.00052,0.70683,0.00055,0.70738,1,3,0.99848,0.04883,0.00795,-0.02417,0.07287,0.08179,0.63472,1,0
1768333695.129931,-0.00963,0.31124,-0.99735,-0.03089,-0.00063,-0.00000,0.57362,0.00092,0.22804,-0.00052,0.70683,0.00055,0.70738,1,3,0.99848,0.04883,0.00795,-0.02417,0.07287,0.08179,0.63472,1,0
1768333695.132109,-0.02470,0.33199,-0.96776,-0.03173,-0.00138,-0.00131,0.57366,0.00092,0.22803,-0.00052,0.70684,0.00055,0.70738,1,3,0.99848,0.04883,0.00795,-0.02417,0.07287,0.08179,0.63472,1,0
1768333695.133916,-0.00007,0.33251,-1.00501,-0.03150,-0.00330,0.00025,0.57366,0.00092,0.22803,-0.00052,0.70684,0.00055,0.70738,1,3,0.99848,0.04883,0.00795,-0.02417,0.07287,0.08179,0.63472,1,0
1768333695.135937,-0.01196,0.27998,-0.95094,-0.03192,-0.00173,-0.00049,0.57370,0.00092,0.22803,-0.00052,0.70684,0.00055,0.70737,1,3,0.99848,0.04883,0.00795,-0.02417,0.07287,0.08179,0.63472,1,0
1768333695.137929,-0.01885,0.29195,-0.90528,-0.03046,-0.00088,0.00103,0.57370,0.00092,0.22803,-0.00052,0.70684,0.00055,0.70737,1,3,0.99848,0.04883,0.00795,-0.02417,0.07287,0.08179,0.63472,1,0
1768333695.139924,-0.04500,0.27814,-0.94312,-0.02910,-0.00069,0.00022,0.57374,0.00092,0.22804,-0.00052,0.70684,0.00055,0.70738,1,3,0.99848,0.04883,0.00795,-0.02417,0.07287,0.08179,0.63472,1,0
1768333695.141929,-0.03715,0.35216,-0.96023,-0.02886,-0.00097,0.00017,0.57374,0.00092,0.22804,-0.00052,0.70684,0.00055,0.70738,1,3,0.99848,0.04883,0.00795,-0.02417,0.07287,0.08179,0.63472,1,0
1768333695.143923,-0.01603,0.34279,-0.95225,-0.03203,-0.00325,-0.00037,0.57374,0.00092,0.22804,-0.00052,0.70684,0.00055,0.70738,1,3,0.99848,0.04883,0.00795,-0.02417,0.07287,0.08179,0.63472,1,0
1768333695.145949,-0.00381,0.32497,-0.98998,-0.03159,-0.00275,-0.00054,0.57374,0.00092,0.22804,-0.00052,0.70684,0.00055,0.70738,1,3,0.99848,0.04883,0.00795,-0.02417,0.07287,0.08179,0.63472,1,0
1768333695.147939,-0.03677,0.35001,-0.97520,-0.03260,-0.00263,-0.00037,0.57378,0.00092,0.22803,-0.00052,0.70684,0.00055,0.70738,1,3,0.99848,0.04883,0.00795,-0.02417,0.07287,0.08179,0.63472,1,0
1768333695.149941,-0.00368,0.31962,-0.95929,-0.03209,-0.00249,0.00003,0.57382,0.00092,0.22804,-0.00052,0.70684,0.00055,0.70738,1,3,0.99848,0.04883,0.00795,-0.02417,0.07287,0.08179,0.63472,1,0
1768333695.151941,-0.01167,0.32534,-0.95172,-0.03224,-0.00329,-0.00009,0.57382,0.00092,0.22804,-0.00052,0.70684,0.00055,0.70738,1,3,0.99848,0.04883,0.00795,-0.02417,0.07287,0.08179,0.63472,1,0
1768333695.153944,-0.03602,0.29859,-1.00429,-0.02929,-0.00208,0.00002,0.57382,0.00092,0.22804,-0.00052,0.70684,0.00055,0.70738,1,3,0.99847,0.04992,0.00789,-0.02236,0.07310,0.08176,0.63484,1,0
1768333695.155942,-0.00203,0.28658,-0.95871,-0.03009,-0.00058,0.00029,0.57386,0.00092,0.22803,-0.00052,0.70684,0.00055,0.70738,1,3,0.99847,0.04992,0.00789,-0.02236,0.07310,0.08176,0.63484,1,0
1768333695.157946,-0.02237,0.28577,-0.94354,-0.02989,-0.00174,-0.00061,0.57386,0.00092,0.22803,-0.00052,0.70684,0.00055,0.70738,1,3,0.99847,0.04992,0.00789,-0.02236,0.07310,0.08176,0.63484,1,0
1768333695.159939,-0.02455,0.30975,-0.92865,-0.02894,-0.00083,0.00074,0.57386,0.00092,0.22803,-0.00052,0.70684,0.00055,0.70738,1,3,0.99847,0.04992,0.00789,-0.02236,0.07310,0.08176,0.63484,1,0
1768333695.161940,-0.00931,0.32641,-0.99783,-0.03092,-0.00104,-0.00041,0.57386,0.00092,0.22803,-0.00052,0.70684,0.00055,0.70738,1,3,0.99847,0.04992,0.00789,-0.02236,0.07310,0.08176,0.63484,1,0
1768333695.163937,-0.03252,0.29201,-0.98167,-0.03265,-0.00099,-0.00063,0.57398,0.00092,0.22804,-0.00052,0.70684,0.00055,0.70738,1,3,0.99847,0.04992,0.00789,-0.02236,0.07310,0.08176,0.63484,1,0
1768333695.165948,-0.01252,0.29532,-0.96646,-0.03130,-0.00224,-0.00051,0.57398,0.00092,0.22804,-0.00052,0.70684,0.00055,0.70738,1,3,0.99847,0.04992,0.00789,-0.02236,0.07310,0.08176,0.63484,1,0
1768333695.167936,-0.03542,0.34288,-0.88370,-0.03028,-0.00225,0.00051,0.57403,0.00092,0.22804,-0.00052,0.70683,0.00055,0.70738,1,3,0.99847,0.04992,0.00789,-0.02236,0.07310,0.08176,0.63484,1,0
1768333695.169950,-0.02791,0.31798,-0.88307,-0.02949,-0.00194,0.00078,0.57403,0.00092,0.22804,-0.00052,0.70683,0.00055,0.70738,1,3,0.99847,0.04992,0.00789,-0.02236,0.07310,0.08176,0.63484,1,0
1768333695.171957,0.00820,0.32701,-0.92159,-0.03135,-0.00252,0.00004,0.57407,0.00092,0.22804,-0.00052,0.70683,0.00055,0.70738,1,3,0.99847,0.04992,0.00789,-0.02236,0.07310,0.08176,0.63484,1,0
1768333695.173956,0.00489,0.29434,-0.97401,-0.03218,-0.00194,-0.00012,0.57407,0.00092,0.22804,-0.00052,0.70683,0.00055,0.70738,1,3,0.99847,0.04992,0.00789,-0.02236,0.07310,0.08176,0.63484,1,0
1768333695.175956,-0.00134,0.30643,-0.95179,-0.03051,-0.00074,-0.00025,0.57407,0.00092,0.22804,-0.00052,0.70683,0.00055,0.70738,1,3,0.99847,0.04992,0.00789,-0.02236,0.07310,0.08176,0.63484,1,0
1768333695.177960,-0.02052,0.30706,-0.90592,-0.02875,-0.00050,0.00061,0.57407,0.00092,0.22804,-0.00052,0.70683,0.00055,0.70738,1,3,0.99847,0.04992,0.00789,-0.02236,0.07310,0.08176,0.63484,1,0
1768333695.179958,-0.02987,0.30514,-0.98982,-0.03075,-0.00129,-0.00119,0.57411,0.00092,0.22804,-0.00052,0.70683,0.00055,0.70738,1,3,0.99847,0.04992,0.00789,-0.02236,0.07310,0.08176,0.63484,1,0
1768333695.181954,0.00084,0.34655,-1.03581,-0.03264,-0.00281,0.00022,0.57411,0.00092,0.22804,-0.00052,0.70683,0.00055,0.70738,1,3,0.99847,0.04992,0.00789,-0.02236,0.07310,0.08176,0.63484,1,0
1768333695.183954,-0.03635,0.31930,-0.98960,-0.03341,-0.00159,0.00003,0.57415,0.00092,0.22804,-0.00052,0.70683,0.00055,0.70738,1,3,0.99842,0.05013,0.00408,-0.02491,0.07300,0.08133,0.63241,1,0
1768333695.185966,-0.03413,0.31776,-0.93663,-0.03103,-0.00175,-0.00047,0.57415,0.00092,0.22804,-0.00052,0.70683,0.00055,0.70738,1,3,0.99842,0.05013,0.00408,-0.02491,0.07300,0.08133,0.63241,1,0
1768333695.187963,-0.03267,0.28038,-0.89745,-0.02907,-0.00083,0.00078,0.57419,0.00092,0.22804,-0.00052,0.70683,0.00055,0.70738,1,3,0.99842,0.05013,0.00408,-0.02491,0.07300,0.08133,0.63241,1,0
1768333695.189954,-0.02718,0.27768,-0.92036,-0.02998,-0.00090,0.00022,0.57423,0.00092,0.22804,-0.00052,0.70683,0.00055,0.70738,1,3,0.99842,0.05013,0.00408,-0.02491,0.07300,0.08133,0.63241,1,0
1768333695.191965,-0.02637,0.30653,-0.95190,-0.03073,-0.00006,-0.00063,0.57427,0.00092,0.22804,-0.00052,0.70683,0.00055,0.70738,1,3,0.99842,0.05013,0.00408,-0.02491,0.07300,0.08133,0.63241,1,0
1768333695.193959,-0.01288,0.32406,-0.97479,-0.03160,-0.00137,-0.00012,0.57427,0.00092,0.22804,-0.00052,0.70683,0.00055,0.70738,1,3,0.99842,0.05013,0.00408,-0.02491,0.07300,0.08133,0.63241,1,0
1768333695.195991,0.00208,0.34172,-0.95217,-0.03357,-0.00309,0.00002,0.57431,0.00092,0.22804,-0.00052,0.70683,0.00055,0.70738,1,3,0.99842,0.05013,0.00408,-0.02491,0.07300,0.08133,0.63241,1,0
1768333695.197982,-0.02578,0.27820,-0.97351,-0.03085,-0.00194,-0.00022,0.57431,0.00092,0.22804,-0.00052,0.70683,0.00055,0.70738,1,3,0.99842,0.05013,0.00408,-0.02491,0.07300,0.08133,0.63241,1,0
1768333695.199976,-0.02316,0.31955,-0.91373,-0.03013,-0.00111,0.00048,0.57435,0.00092,0.22804,-0.00052,0.70683,0.00055,0.70738,1,3,0.99842,0.05013,0.00408,-0.02491,0.07300,0.08133,0.63241,1,0
1768333695.202000,-0.02220,0.30038,-0.98172,-0.03036,-0.00187,-0.00024,0.57435,0.00092,0.22804,-0.00052,0.70683,0.00055,0.70738,1,3,0.99842,0.05013,0.00408,-0.02491,0.07300,0.08133,0.63241,1,0
1768333695.203998,-0.02065,0.28069,-0.98863,-0.03169,-0.00251,-0.00010,0.57439,0.00092,0.22804,-0.00052,0.70683,0.00055,0.70738,1,3,0.99842,0.05013,0.00408,-0.02491,0.07300,0.08133,0.63241,1,0
1768333695.205978,0.00911,0.29278,-0.93590,-0.03176,-0.00301,-0.00023,0.57439,0.00092,0.22804,-0.00052,0.70683,0.00055,0.70738,1,3,0.99842,0.05013,0.00408,-0.02491,0.07300,0.08133,0.63241,1,0
1768333695.207976,-0.01950,0.30844,-0.92081,-0.02917,-0.00254,0.00061,0.57439,0.00092,0.22804,-0.00052,0.70683,0.00055,0.70738,1,3,0.99842,0.05013,0.00408,-0.02491,0.07300,0.08133,0.63241,1,0
1768333695.209973,-0.01099,0.33589,-0.93763,-0.02950,0.00024,-0.00064,0.57443,0.00092,0.22804,-0.00052,0.70683,0.00055,0.70738,1,3,0.99842,0.05013,0.00408,-0.02491,0.07300,0.08133,0.63241,1,0
1768333695.211994,-0.01725,0.36000,-1.00627,-0.03204,-0.00007,-0.00015,0.57443,0.00092,0.22804,-0.00052,0.70683,0.00055,0.70738,1,3,0.99842,0.05013,0.00408,-0.02491,0.07300,0.08133,0.63241,1,0
1768333695.213981,-0.02994,0.35543,-0.99810,-0.03582,-0.00156,0.00001,0.57447,0.00092,0.22804,-0.00052,0.70683,0.00055,0.70738,1,3,0.99842,0.05013,0.00408,-0.02491,0.07300,0.08133,0.63241,1,0
1768333695.215985,-0.00482,0.35646,-0.97557,-0.03471,-0.00302,-0.00080,0.57447,0.00092,0.22804,-0.00052,0.70683,0.00055,0.70738,1,3,0.99842,0.05013,0.00408,-0.02491,0.07300,0.08133,0.63241,1,0
1768333695.217975,-0.01049,0.27732,-0.88971,-0.03020,-0.00122,0.00103,0.57447,0.00092,0.22804,-0.00052,0.70683,0.00055,0.70738,1,3,0.99842,0.05013,0.00408,-0.02491,0.07300,0.08133,0.63241,1,0
1768333695.219982,-0.02971,0.28827,-0.81467,-0.02723,-0.00039,-0.00038,0.57451,0.00092,0.22804,-0.00052,0.70683,0.00055,0.70738,1,3,0.99842,0.05013,0.00408,-0.02491,0.07300,0.08133,0.63241,1,0
1768333695.221981,-0.03173,0.26388,-0.82922,-0.02534,-0.00009,-0.00012,0.57451,0.00092,0.22804,-0.00052,0.70683,0.00055,0.70738,1,3,0.99842,0.05018,0.00392,-0.02506,0.07360,0.08095,0.63299,1,0
1768333695.223979,-0.01092,0.24850,-0.91201,-0.02902,-0.00159,0.00022,0.57455,0.00092,0.22804,-0.00052,0.70683,0.00055,0.70738,1,3,0.99842,0.05018,0.00392,-0.02506,0.07360,0.08095,0.63299,1,0
1768333695.226003,-0.01915,0.32174,-0.95955,-0.02989,-0.00078,0.00016,0.57455,0.00092,0.22804,-0.00052,0.70683,0.00055,0.70738,1,3,0.99842,0.05018,0.00392,-0.02506,0.07360,0.08095,0.63299,1,0
1768333695.228001,-0.02675,0.32668,-0.97520,-0.03026,-0.00045,-0.00078,0.57459,0.00092,0.22804,-0.00051,0.70683,0.00055,0.70738,1,3,0.99842,0.05018,0.00392,-0.02506,0.07360,0.08095,0.63299,1,0
1768333695.229997,-0.02814,0.33398,-0.98224,-0.03345,-0.00182,0.00043,0.57463,0.00092,0.22804,-0.00052,0.70683,0.00055,0.70738,1,3,0.99842,0.05018,0.00392,-0.02506,0.07360,0.08095,0.63299,1,0
1768333695.232018,-0.00981,0.30965,-0.99727,-0.03375,-0.00255,-0.00093,0.57467,0.00092,0.22804,-0.00052,0.70683,0.00055,0.70738,1,3,0.99842,0.05018,0.00392,-0.02506,0.07360,0.08095,0.63299,1,0
1768333695.233999,-0.02537,0.29712,-0.98917,-0.03171,-0.00132,0.00003,0.57467,0.00092,0.22804,-0.00052,0.70683,0.00055,0.70738,1,3,0.99842,0.05018,0.00392,-0.02506,0.07360,0.08095,0.63299,1,0
1768333695.236068,-0.05322,0.29734,-0.92059,-0.02996,-0.00022,0.00091,0.57471,0.00092,0.22804,-0.00052,0.70683,0.00055,0.70738,1,3,0.99842,0.05018,0.00392,-0.02506,0.07360,0.08095,0.63299,1,0
1768333695.237995,-0.04454,0.34247,-0.89881,-0.03007,-0.00150,0.00091,0.57471,0.00092,0.22804,-0.00052,0.70683,0.00055,0.70738,1,3,0.99842,0.05018,0.00392,-0.02506,0.07360,0.08095,0.63299,1,0
1768333695.240039,-0.02758,0.29907,-0.96625,-0.02907,-0.00282,0.00005,0.57471,0.00092,0.22804,-0.00052,0.70683,0.00055,0.70738,1,3,0.99842,0.05018,0.00392,-0.02506,0.07360,0.08095,0.63299,1,0
1768333695.242006,0.01412,0.30918,-0.98952,-0.03288,-0.00257,-0.00015,0.57471,0.00092,0.22804,-0.00052,0.70683,0.00055,0.70738,1,3,0.99842,0.05018,0.00392,-0.02506,0.07360,0.08095,0.63299,1,0
1768333695.244019,-0.00796,0.31112,-0.97446,-0.03242,-0.00103,0.00002,0.57475,0.00092,0.22804,-0.00052,0.70683,0.00055,0.70738,1,3,0.99842,0.05018,0.00392,-0.02506,0.07360,0.08095,0.63299,1,0
1768333695.245997,-0.00975,0.32094,-0.91422,-0.03077,-0.00014,-0.00021,0.57475,0.00092,0.22804,-0.00052,0.70683,0.00055,0.70738,1,3,0.99842,0.05018,0.00392,-0.02506,0.07360,0.08095,0.63299,1,0
1768333695.248016,-0.02500,0.31988,-0.90623,-0.02838,-0.00084,0.00048,0.57479,0.00092,0.22804,-0.00052,0.70683,0.00055,0.70738,1,3,0.99842,0.05018,0.00392,-0.02506,0.07360,0.08095,0.63299,1,0
1768333695.250016,-0.02916,0.31049,-0.92100,-0.03177,-0.00243,-0.00005,0.57479,0.00092,0.22804,-0.00052,0.70683,0.00055,0.70738,1,3,0.99842,0.05018,0.00392,-0.02506,0.07360,0.08095,0.63299,1,0
1768333695.252023,-0.00290,0.29012,-0.92086,-0.03223,-0.00236,-0.00074,0.57483,0.00092,0.22803,-0.00052,0.70683,0.00055,0.70738,1,3,0.99833,0.05142,0.00542,-0.02582,0.07387,0.08046,0.63144,1,0
1768333695.254022,-0.00129,0.31592,-0.89905,-0.03061,-0.00012,-0.00048,0.57483,0.00092,0.22803,-0.00052,0.70683,0.00055,0.70738,1,3,0.99833,0.05142,0.00542,-0.02582,0.07387,0.08046,0.63144,1,0
1768333695.256043,-0.00590,0.31833,-0.89891,-0.03058,-0.00006,0.00006,0.57487,0.00092,0.22803,-0.00052,0.70683,0.00055,0.70738,1,3,0.99833,0.05142,0.00542,-0.02582,0.07387,0.08046,0.63144,1,0
1768333695.258003,-0.03990,0.32713,-0.86074,-0.03375,-0.00182,-0.00027,0.57491,0.00092,0.22803,-0.00052,0.70683,0.00055,0.70738,1,3,0.99833,0.05142,0.00542,-0.02582,0.07387,0.08046,0.63144,1,0
1768333695.260036,-0.01098,0.34877,-0.98298,-0.03327,-0.00205,-0.00040,0.57491,0.00092,0.22803,-0.00052,0.70683,0.00055,0.70738,1,3,0.99833,0.05142,0.00542,-0.02582,0.07387,0.08046,0.63144,1,0
1768333695.262049,0.00856,0.31256,-0.99743,-0.03109,-0.00277,-0.00082,0.57495,0.00092,0.22803,-0.00052,0.70684,0.00055,0.70738,1,3,0.99833,0.05142,0.00542,-0.02582,0.07387,0.08046,0.63144,1,0
1768333695.264029,-0.01996,0.29662,-0.90559,-0.02953,-0.00011,0.00089,0.57495,0.00092,0.22803,-0.00052,0.70684,0.00055,0.70738,1,3,0.99833,0.05142,0.00542,-0.02582,0.07387,0.08046,0.63144,1,0
1768333695.266040,-0.04619,0.26460,-0.87411,-0.02774,-0.00180,0.00068,0.57499,0.00092,0.22803,-0.00052,0.70684,0.00055,0.70738,1,3,0.99833,0.05142,0.00542,-0.02582,0.07387,0.08046,0.63144,1,0
1768333695.268034,-0.00305,0.27782,-0.92027,-0.02888,-0.00157,0.00060,0.57499,0.00092,0.22803,-0.00052,0.70684,0.00055,0.70738,1,3,0.99833,0.05142,0.00542,-0.02582,0.07387,0.08046,0.63144,1,0
1768333695.270043,-0.03767,0.28074,-1.03436,-0.03148,-0.00192,-0.00053,0.57503,0.00092,0.22803,-0.00052,0.70684,0.00055,0.70738,1,3,0.99833,0.05142,0.00542,-0.02582,0.07387,0.08046,0.63144,1,0
1768333695.272038,-0.01476,0.34160,-1.00550,-0.03358,-0.00238,-0.00041,0.57503,0.00092,0.22803,-0.00052,0.70684,0.00055,0.70738,1,3,0.99833,0.05142,0.00542,-0.02582,0.07387,0.08046,0.63144,1,0
1768333695.274029,-0.03668,0.33539,-0.92163,-0.03256,-0.00275,-0.00032,0.57503,0.00092,0.22803,-0.00052,0.70684,0.00055,0.70738,1,3,0.99833,0.05142,0.00542,-0.02582,0.07387,0.08046,0.63144,1,0
1768333695.276048,-0.01877,0.31776,-0.92881,-0.02993,-0.00205,0.00033,0.57507,0.00092,0.22803,-0.00052,0.70683,0.00055,0.70738,1,3,0.99833,0.05142,0.00542,-0.02582,0.07387,0.08046,0.63144,1,0
1768333695.278026,-0.03172,0.27537,-0.91257,-0.02979,-0.00097,0.00050,0.57507,0.00092,0.22803,-0.00052,0.70683,0.00055,0.70738,1,3,0.99833,0.05142,0.00542,-0.02582,0.07387,0.08046,0.63144,1,0
1768333695.280042,-0.03153,0.27025,-0.89722,-0.03007,-0.00084,0.00065,0.57511,0.00092,0.22803,-0.00052,0.70683,0.00055,0.70738,1,3,0.99833,0.05142,0.00542,-0.02582,0.07387,0.08046,0.63144,1,0
1768333695.282020,-0.03719,0.28752,-0.91306,-0.02877,-0.00016,0.00036,0.57511,0.00092,0.22803,-0.00052,0.70683,0.00055,0.70738,1,3,0.99833,0.05142,0.00542,-0.02582,0.07387,0.08046,0.63144,1,0
1768333695.284037,0.00720,0.32141,-0.92935,-0.03054,-0.00123,-0.00024,0.57515,0.00092,0.22803,-0.00052,0.70683,0.00055,0.70738,1,3,0.99833,0.05142,0.00542,-0.02582,0.07387,0.08046,0.63144,1,0
1768333695.286047,-0.01766,0.29700,-0.92091,-0.03106,-0.00104,0.00007,0.57515,0.00092,0.22803,-0.00052,0.70683,0.00055,0.70738,1,3,0.99830,0.05208,0.00556,-0.02539,0.07413,0.08046,0.63168,1,0
1768333695.288024,-0.01277,0.29033,-0.95112,-0.03114,-0.00211,-0.00036,0.57519,0.00092,0.22804,-0.00052,0.70683,0.00055,0.70738,1,3,0.99830,0.05208,0.00556,-0.02539,0.07413,0.08046,0.63168,1,0
1768333695.290061,-0.03500,0.30307,-0.93612,-0.03033,-0.00172,-0.00006,0.57519,0.00092,0.22804,-0.00052,0.70683,0.00055,0.70738,1,3,0.99830,0.05208,0.00556,-0.02539,0.07413,0.08046,0.63168,1,0
1768333695.292055,-0.03344,0.32496,-0.87582,-0.02853,-0.00086,0.00078,0.57523,0.00092,0.22803,-0.00052,0.70684,0.00055,0.70738,1,3,0.99830,0.05208,0.00556,-0.02539,0.07413,0.08046,0.63168,1,0
1768333695.294047,-0.03266,0.33069,-0.93658,-0.02890,-0.00214,0.00060,0.57528,0.00092,0.22804,-0.00052,0.70683,0.00055,0.70738,1,3,0.99830,0.05208,0.00556,-0.02539,0.07413,0.08046,0.63168,1,0
1768333695.296065,-0.01609,0.33766,-0.92173,-0.03210,-0.00300,-0.00021,0.57528,0.00092,0.22804,-0.00052,0.70683,0.00055,0.70738,1,3,0.99830,0.05208,0.00556,-0.02539,0.07413,0.08046,0.63168,1,0
1768333695.298068,-0.00062,0.30142,-0.89840,-0.03122,-0.00087,-0.00007,0.57532,0.00092,0.22804,-0.00052,0.70683,0.00055,0.70738,1,3,0.99830,0.05208,0.00556,-0.02539,0.07413,0.08046,0.63168,1,0
1768333695.300050,-0.02766,0.29705,-0.88322,-0.02953,-0.00004,-0.00030,0.57532,0.00092,0.22804,-0.00052,0.70683,0.00055,0.70738,1,3,0.99830,0.05208,0.00556,-0.02539,0.07413,0.08046,0.63168,1,0
1768333695.302087,-0.02375,0.28958,-0.92086,-0.02940,-0.00020,0.00007,0.57536,0.00092,0.22804,-0.00052,0.70683,0.00055,0.70738,1,3,0.99830,0.05208,0.00556,-0.02539,0.07413,0.08046,0.63168,1,0
1768333695.304070,-0.05259,0.28916,-0.95824,-0.02963,-0.00225,0.00035,0.57536,0.00092,0.22804,-0.00052,0.70683,0.00055,0.70738,1,3,0.99830,0.05208,0.00556,-0.02539,0.07413,0.08046,0.63168,1,0
1768333695.306062,-0.00937,0.31259,-0.96675,-0.03065,-0.00229,0.00002,0.57540,0.00092,0.22804,-0.00052,0.70683,0.00055,0.70738,1,3,0.99830,0.05208,0.00556,-0.02539,0.07413,0.08046,0.63168,1,0
1768333695.308089,-0.03282,0.33858,-0.93710,-0.03165,-0.00331,-0.00101,0.57540,0.00092,0.22804,-0.00052,0.70683,0.00055,0.70738,1,3,0.99830,0.05208,0.00556,-0.02539,0.07413,0.08046,0.63168,1,0
1768333695.310057,0.00300,0.29517,-0.99681,-0.03021,-0.00230,-0.00014,0.57540,0.00092,0.22804,-0.00052,0.70683,0.00055,0.70738,1,3,0.99830,0.05208,0.00556,-0.02539,0.07413,0.08046,0.63168,1,0
1768333695.312081,-0.02479,0.29246,-0.98908,-0.03199,-0.00171,-0.00024,0.57544,0.00092,0.22804,-0.00052,0.70683,0.00055,0.70738,1,3,0.99830,0.05208,0.00556,-0.02539,0.07413,0.08046,0.63168,1,0
1768333695.314039,-0.02564,0.30713,-0.98213,-0.03116,-0.00108,-0.00065,0.57544,0.00092,0.22804,-0.00052,0.70683,0.00055,0.70738,1,3,0.99830,0.05208,0.00556,-0.02539,0.07413,0.08046,0.63168,1,0
1768333695.316041,-0.02655,0.30283,-0.97396,-0.03055,-0.00194,0.00031,0.57548,0.00092,0.22804,-0.00052,0.70683,0.00055,0.70738,1,3,0.99830,0.05208,0.00556,-0.02539,0.07413,0.08046,0.63168,1,0
1768333695.318047,-0.01612,0.33193,-0.92926,-0.03238,-0.00210,-0.00008,0.57548,0.00092,0.22804,-0.00052,0.70683,0.00055,0.70738,1,3,0.99830,0.05208,0.00556,-0.02539,0.07413,0.08046,0.63168,1,0
1768333695.320052,-0.01650,0.27703,-0.88251,-0.03196,-0.00092,-0.00016,0.57552,0.00092,0.22804,-0.00052,0.70683,0.00055,0.70738,1,3,0.99826,0.05254,0.00462,-0.02625,0.07429,0.08035,0.63130,1,0
1768333695.322063,-0.04458,0.30342,-0.89040,-0.02945,-0.00160,0.00039,0.57552,0.00092,0.22804,-0.00052,0.70683,0.00055,0.70738,1,3,0.99826,0.05254,0.00462,-0.02625,0.07429,0.08035,0.63130,1,0
1768333695.324063,-0.03337,0.29054,-0.86763,-0.02808,-0.00059,0.00012,0.57556,0.00092,0.22804,-0.00052,0.70683,0.00055,0.70738,1,3,0.99826,0.05254,0.00462,-0.02625,0.07429,0.08035,0.63130,1,0
1768333695.326165,-0.02865,0.28399,-0.88247,-0.02816,-0.00191,0.00011,0.57556,0.00092,0.22804,-0.00052,0.70683,0.00055,0.70738,1,3,0.99826,0.05254,0.00462,-0.02625,0.07429,0.08035,0.63130,1,0
1768333695.328070,-0.01894,0.30927,-0.89786,-0.02938,-0.00369,0.00063,0.57560,0.00092,0.22804,-0.00052,0.70683,0.00055,0.70738,1,3,0.99826,0.05254,0.00462,-0.02625,0.07429,0.08035,0.63130,1,0
1768333695.330070,-0.02415,0.31016,-0.93615,-0.02915,-0.00147,0.00073,0.57564,0.00092,0.22804,-0.00052,0.70684,0.00055,0.70738,1,3,0.99826,0.05254,0.00462,-0.02625,0.07429,0.08035,0.63130,1,0
1768333695.332074,-0.02270,0.34875,-0.93006,-0.03043,-0.00052,-0.00035,0.57564,0.00092,0.22804,-0.00052,0.70684,0.00055,0.70738,1,3,0.99826,0.05254,0.00462,-0.02625,0.07429,0.08035,0.63130,1,0
1768333695.334369,-0.00761,0.33070,-0.99039,-0.03262,-0.00081,-0.00054,0.57568,0.00092,0.22804,-0.00052,0.70683,0.00055,0.70738,1,3,0.99826,0.05254,0.00462,-0.02625,0.07429,0.08035,0.63130,1,0
1768333695.336105,0.00145,0.31228,-0.96681,-0.03262,-0.00281,-0.00039,0.57568,0.00092,0.22804,-0.00052,0.70683,0.00055,0.70738,1,3,0.99826,0.05254,0.00462,-0.02625,0.07429,0.08035,0.63130,1,0
1768333695.338070,-0.02028,0.33621,-0.84597,-0.02927,-0.00002,0.00065,0.57572,0.00092,0.22804,-0.00052,0.70683,0.00055,0.70738,1,3,0.99826,0.05254,0.00462,-0.02625,0.07429,0.08035,0.63130,1,0
1768333695.340064,-0.05285,0.30903,-0.93602,-0.02939,-0.00227,0.00023,0.57572,0.00092,0.22804,-0.00052,0.70683,0.00055,0.70738,1,3,0.99826,0.05254,0.00462,-0.02625,0.07429,0.08035,0.63130,1,0
1768333695.342066,0.00018,0.29722,-0.93601,-0.03171,-0.00214,0.00004,0.57576,0.00092,0.22804,-0.00052,0.70683,0.00055,0.70738,1,3,0.99826,0.05254,0.00462,-0.02625,0.07429,0.08035,0.63130,1,0
1768333695.344089,-0.01167,0.30062,-0.95134,-0.03189,-0.00290,-0.00063,0.57576,0.00092,0.22804,-0.00052,0.70683,0.00055,0.70738,1,3,0.99826,0.05254,0.00462,-0.02625,0.07429,0.08035,0.63130,1,0
1768333695.346102,-0.01297,0.28481,-0.92826,-0.03121,-0.00134,-0.00021,0.57576,0.00092,0.22804,-0.00052,0.70683,0.00055,0.70738,1,3,0.99826,0.05254,0.00462,-0.02625,0.07429,0.08035,0.63130,1,0
1768333695.348060,-0.04937,0.28131,-0.85948,-0.02885,-0.00128,0.00042,0.57580,0.00092,0.22804,-0.00052,0.70683,0.00055,0.70738,1,3,0.99826,0.05254,0.00462,-0.02625,0.07429,0.08035,0.63130,1,0
1768333695.350094,-0.03313,0.30043,-0.89818,-0.02840,-0.00085,0.00023,0.57580,0.00092,0.22804,-0.00052,0.70683,0.00055,0.70738,1,3,0.99826,0.05254,0.00462,-0.02625,0.07429,0.08035,0.63130,1,0
1768333695.352086,-0.00543,0.28493,-0.98166,-0.03011,-0.00131,-0.00066,0.57584,0.00092,0.22804,-0.00052,0.70684,0.00055,0.70738,1,3,0.99826,0.05254,0.00462,-0.02625,0.07429,0.08035,0.63130,1,0
1768333695.354087,-0.01171,0.32456,-0.98222,-0.03247,-0.00240,-0.00012,0.57584,0.00092,0.22804,-0.00052,0.70684,0.00055,0.70738,1,3,0.99826,0.05254,0.00462,-0.02625,0.07429,0.08035,0.63130,1,0
1768333695.356096,-0.00914,0.30193,-0.96648,-0.03122,-0.00152,0.00029,0.57588,0.00092,0.22804,-0.00052,0.70684,0.00055,0.70737,1,3,0.99824,0.05345,0.00364,-0.02534,0.07456,0.08036,0.63169,1,0
1768333695.358104,-0.01772,0.33726,-0.93710,-0.03079,-0.00196,-0.00022,0.57588,0.00092,0.22804,-0.00052,0.70684,0.00055,0.70737,1,3,0.99824,0.05345,0.00364,-0.02534,0.07456,0.08036,0.63169,1,0
1768333695.360101,-0.01828,0.30343,-0.92055,-0.03032,-0.00293,0.00075,0.57592,0.00092,0.22803,-0.00052,0.70684,0.00055,0.70737,1,3,0.99824,0.05345,0.00364,-0.02534,0.07456,0.08036,0.63169,1,0
1768333695.362097,-0.03549,0.29381,-0.95106,-0.02957,-0.00222,-0.00020,0.57596,0.00092,0.22804,-0.00052,0.70684,0.00055,0.70738,1,3,0.99824,0.05345,0.00364,-0.02534,0.07456,0.08036,0.63169,1,0
1768333695.364094,-0.05290,0.27773,-0.93535,-0.02998,-0.00033,0.00063,0.57596,0.00092,0.22804,-0.00052,0.70684,0.00055,0.70738,1,3,0.99824,0.05345,0.00364,-0.02534,0.07456,0.08036,0.63169,1,0
1768333695.366098,-0.02254,0.29580,-0.92076,-0.02998,-0.00212,-0.00006,0.57600,0.00092,0.22803,-0.00052,0.70684,0.00055,0.70737,1,3,0.99824,0.05345,0.00364,-0.02534,0.07456,0.08036,0.63169,1,0
1768333695.368091,-0.01945,0.30296,-0.89033,-0.02945,-0.00190,0.00077,0.57600,0.00092,0.22803,-0.00052,0.70684,0.00055,0.70737,1,3,0.99824,0.05345,0.00364,-0.02534,0.07456,0.08036,0.63169,1,0
1768333695.370094,-0.02079,0.29267,-0.87494,-0.02849,-0.00099,0.00105,0.57604,0.00092,0.22804,-0.00052,0.70684,0.00055,0.70738,1,3,0.99824,0.05345,0.00364,-0.02534,0.07456,0.08036,0.63169,1,0
1768333695.372105,-0.03231,0.32970,-0.89114,-0.02957,-0.00101,0.00063,0.57604,0.00092,0.22804,-0.00052,0.70684,0.00055,0.70738,1,3,0.99824,0.05345,0.00364,-0.02534,0.07456,0.08036,0.63169,1,0
1768333695.374086,-0.00601,0.31440,-0.96710,-0.02997,-0.00119,-0.00025,0.57608,0.00092,0.22804,-0.00052,0.70683,0.00055,0.70738,1,3,0.99824,0.05345,0.00364,-0.02534,0.07456,0.08036,0.63169,1,0
1768333695.376082,-0.01576,0.31180,-0.93651,-0.03263,-0.00158,-0.00035,0.57608,0.00092,0.22804,-0.00052,0.70683,0.00055,0.70738,1,3,0.99824,0.05345,0.00364,-0.02534,0.07456,0.08036,0.63169,1,0
1768333695.378090,-0.01077,0.31700,-0.90601,-0.02994,-0.00138,0.00074,0.57608,0.00092,0.22804,-0.00052,0.70683,0.00055,0.70738,1,3,0.99824,0.05345,0.00364,-0.02534,0.07456,0.08036,0.63169,1,0
1768333695.380078,-0.04529,0.30350,-0.89803,-0.02880,-0.00147,0.00038,0.57612,0.00092,0.22803,-0.00052,0.70684,0.00055,0.70737,1,3,0.99824,0.05345,0.00364,-0.02534,0.07456,0.08036,0.63169,1,0
1768333695.382096,-0.02840,0.29399,-0.87521,-0.02826,-0.00206,-0.00015,0.57612,0.00092,0.22803,-0.00052,0.70684,0.00055,0.70737,1,3,0.99824,0.05345,0.00364,-0.02534,0.07456,0.08036,0.63169,1,0
1768333695.384092,-0.02452,0.26601,-0.88981,-0.02816,-0.00106,-0.00003,0.57616,0.00092,0.22803,-0.00052,0.70684,0.00055,0.70737,1,3,0.99824,0.05345,0.00364,-0.02534,0.07456,0.08036,0.63169,1,0
1768333695.386083,-0.01673,0.31916,-0.87581,-0.02860,-0.00030,0.00090,0.57616,0.00092,0.22803,-0.00052,0.70684,0.00055,0.70737,1,3,0.99824,0.05345,0.00364,-0.02534,0.07456,0.08036,0.63169,1,0
1768333695.388086,-0.03047,0.29407,-0.98932,-0.03110,-0.00012,-0.00011,0.57620,0.00092,0.22803,-0.00052,0.70684,0.00055,0.70737,1,3,0.99824,0.05345,0.00364,-0.02534,0.07456,0.08036,0.63169,1,0
1768333695.390118,-0.00054,0.33212,-0.93712,-0.03085,-0.00217,-0.00051,0.57620,0.00092,0.22803,-0.00052,0.70684,0.00055,0.70737,1,3,0.99822,0.05412,0.00337,-0.02486,0.07479,0.08032,0.63176,1,0
1768333695.392129,-0.00661,0.31607,-0.89095,-0.02886,-0.00284,-0.00019,0.57624,0.00092,0.22803,-0.00052,0.70684,0.00055,0.70737,1,3,0.99822,0.05412,0.00337,-0.02486,0.07479,0.08032,0.63176,1,0
1768333695.394116,-0.02861,0.28839,-0.86737,-0.02854,-0.00141,0.00039,0.57624,0.00092,0.22803,-0.00052,0.70684,0.00055,0.70737,1,3,0.99822,0.05412,0.00337,-0.02486,0.07479,0.08032,0.63176,1,0
1768333695.396106,-0.02382,0.27088,-0.90514,-0.02875,-0.00120,-0.00018,0.57628,0.00092,0.22802,-0.00051,0.70685,0.00055,0.70737,1,3,0.99822,0.05412,0.00337,-0.02486,0.07479,0.08032,0.63176,1,0
1768333695.398110,-0.05693,0.27553,-0.94289,-0.03001,-0.00054,0.00050,0.57632,0.00092,0.22803,-0.00052,0.70684,0.00055,0.70737,1,3,0.99822,0.05412,0.00337,-0.02486,0.07479,0.08032,0.63176,1,0
1768333695.400122,-0.01687,0.30284,-0.94386,-0.03121,-0.00220,-0.00049,0.57632,0.00092,0.22803,-0.00052,0.70684,0.00055,0.70737,1,3,0.99822,0.05412,0.00337,-0.02486,0.07479,0.08032,0.63176,1,0
1768333695.402168,-0.01788,0.30881,-0.92823,-0.03048,-0.00357,0.00061,0.57636,0.00092,0.22803,-0.00052,0.70685,0.00055,0.70737,1,3,0.99822,0.05412,0.00337,-0.02486,0.07479,0.08032,0.63176,1,0
1768333695.404126,-0.00166,0.30387,-0.88291,-0.02944,-0.00340,-0.00005,0.57636,0.00092,0.22803,-0.00052,0.70685,0.00055,0.70737,1,3,0.99822,0.05412,0.00337,-0.02486,0.07479,0.08032,0.63176,1,0
1768333695.406110,-0.02477,0.28580,-0.88260,-0.02814,-0.00120,0.00024,0.57640,0.00092,0.22802,-0.00052,0.70685,0.00055,0.70736,1,3,0.99822,0.05412,0.00337,-0.02486,0.07479,0.08032,0.63176,1,0
1768333695.408105,-0.02408,0.28565,-0.92055,-0.02879,-0.00133,0.00021,0.57640,0.00092,0.22802,-0.00052,0.70685,0.00055,0.70736,1,3,0.99822,0.05412,0.00337,-0.02486,0.07479,0.08032,0.63176,1,0
1768333695.410119,-0.00934,0.33199,-0.95994,-0.03063,-0.00168,-0.00052,0.57644,0.00092,0.22802,-0.00052,0.70685,0.00055,0.70736,1,3,0.99822,0.05412,0.00337,-0.02486,0.07479,0.08032,0.63176,1,0
1768333695.412126,-0.00032,0.33262,-0.95204,-0.03106,-0.00305,-0.00011,0.57644,0.00092,0.22802,-0.00052,0.70685,0.00055,0.70736,1,3,0.99822,0.05412,0.00337,-0.02486,0.07479,0.08032,0.63176,1,0
1768333695.414117,-0.02726,0.30839,-0.92817,-0.03005,-0.00269,0.00102,0.57644,0.00092,0.22802,-0.00052,0.70685,0.00055,0.70736,1,3,0.99822,0.05412,0.00337,-0.02486,0.07479,0.08032,0.63176,1,0
1768333695.416111,-0.03526,0.28952,-0.91297,-0.02940,-0.00286,-0.00044,0.57648,0.00092,0.22802,-0.00052,0.70685,0.00055,0.70736,1,3,0.99822,0.05412,0.00337,-0.02486,0.07479,0.08032,0.63176,1,0
1768333695.418125,-0.06367,0.27891,-0.88977,-0.02757,-0.00059,0.00068,0.57648,0.00092,0.22802,-0.00052,0.70685,0.00055,0.70736,1,3,0.99822,0.05412,0.00337,-0.02486,0.07479,0.08032,0.63176,1,0
1768333695.420123,-0.02316,0.28124,-0.89761,-0.02928,-0.00210,-0.00004,0.57652,0.00092,0.22802,-0.00052,0.70685,0.00055,0.70736,1,3,0.99822,0.05412,0.00337,-0.02486,0.07479,0.08032,0.63176,1,0
1768333695.422131,-0.02656,0.28857,-0.92034,-0.03029,-0.00244,0.00035,0.57652,0.00092,0.22802,-0.00052,0.70685,0.00055,0.70736,1,3,0.99813,0.05470,0.00578,-0.02673,0.07494,0.08023,0.63133,1,0
1768333695.424130,-0.02857,0.29272,-0.89784,-0.02892,-0.00090,0.00063,0.57657,0.00092,0.22802,-0.00051,0.70685,0.00055,0.70736,1,3,0.99813,0.05470,0.00578,-0.02673,0.07494,0.08023,0.63133,1,0
1768333695.426136,-0.03755,0.29287,-0.87524,-0.02827,-0.00042,0.00025,0.57657,0.00092,0.22802,-0.00051,0.70685,0.00055,0.70736,1,3,0.99813,0.05470,0.00578,-0.02673,0.07494,0.08023,0.63133,1,0
1768333695.428132,-0.02400,0.27100,-0.88976,-0.02875,-0.00145,0.00024,0.57661,0.00092,0.22802,-0.00052,0.70685,0.00055,0.70736,1,3,0.99813,0.05470,0.00578,-0.02673,0.07494,0.08023,0.63133,1,0
1768333695.430135,-0.01509,0.30544,-0.89051,-0.02942,-0.00196,0.00049,0.57665,0.00092,0.22802,-0.00051,0.70685,0.00055,0.70736,1,3,0.99813,0.05470,0.00578,-0.02673,0.07494,0.08023,0.63133,1,0
1768333695.432129,-0.03583,0.29784,-0.90567,-0.02974,-0.00107,0.00010,0.57665,0.00092,0.22802,-0.00051,0.70685,0.00055,0.70736,1,3,0.99813,0.05470,0.00578,-0.02673,0.07494,0.08023,0.63133,1,0
1768333695.434141,-0.01923,0.33700,-0.89892,-0.02992,-0.00143,0.00061,0.57669,0.00092,0.22802,-0.00052,0.70685,0.00055,0.70736,1,3,0.99813,0.05470,0.00578,-0.02673,0.07494,0.08023,0.63133,1,0
1768333695.436134,-0.00899,0.31730,-0.93656,-0.03103,-0.00205,-0.00009,0.57669,0.00092,0.22802,-0.00052,0.70685,0.00055,0.70736,1,3,0.99813,0.05470,0.00578,-0.02673,0.07494,0.08023,0.63133,1,0
1768333695.438133,-0.01373,0.31510,-0.96675,-0.03062,-0.00224,0.00016,0.57673,0.00092,0.22803,-0.00052,0.70685,0.00055,0.70737,1,3,0.99813,0.05470,0.00578,-0.02673,0.07494,0.08023,0.63133,1,0
1768333695.440123,0.00349,0.29454,-0.96649,-0.03087,-0.00167,-0.00012,0.57673,0.00092,0.22803,-0.00052,0.70685,0.00055,0.70737,1,3,0.99813,0.05470,0.00578,-0.02673,0.07494,0.08023,0.63133,1,0
1768333695.442127,-0.00052,0.32211,-0.92900,-0.03119,-0.00228,0.00018,0.57673,0.00092,0.22803,-0.00052,0.70685,0.00055,0.70737,1,3,0.99813,0.05470,0.00578,-0.02673,0.07494,0.08023,0.63133,1,0
1768333695.444131,-0.03239,0.28619,-0.89006,-0.02879,-0.00174,0.00024,0.57673,0.00092,0.22803,-0.00052,0.70685,0.00055,0.70737,1,3,0.99813,0.05470,0.00578,-0.02673,0.07494,0.08023,0.63133,1,0
1768333695.446132,-0.04071,0.28097,-0.85935,-0.02929,-0.00137,0.00082,0.57677,0.00092,0.22803,-0.00052,0.70685,0.00055,0.70737,1,3,0.99813,0.05470,0.00578,-0.02673,0.07494,0.08023,0.63133,1,0
1768333695.448143,-0.01914,0.29337,-0.91322,-0.02914,-0.00191,-0.00019,0.57681,0.00092,0.22803,-0.00052,0.70685,0.00055,0.70736,1,3,0.99813,0.05470,0.00578,-0.02673,0.07494,0.08023,0.63133,1,0
1768333695.450161,-0.03971,0.30097,-0.89794,-0.02992,-0.00192,0.00024,0.57681,0.00092,0.22803,-0.00052,0.70685,0.00055,0.70736,1,3,0.99813,0.05470,0.00578,-0.02673,0.07494,0.08023,0.63133,1,0
1768333695.452143,-0.02374,0.32059,-0.89843,-0.02924,-0.00212,0.00049,0.57685,0.00092,0.22802,-0.00052,0.70685,0.00055,0.70736,1,3,0.99813,0.05470,0.00578,-0.02673,0.07494,0.08023,0.63133,1,0
1768333695.454162,-0.05252,0.30725,-0.89053,-0.03050,-0.00037,0.00066,0.57685,0.00092,0.22802,-0.00052,0.70685,0.00055,0.70736,1,3,0.99813,0.05470,0.00578,-0.02673,0.07494,0.08023,0.63133,1,0
1768333695.456146,-0.01066,0.29813,-0.89789,-0.02951,-0.00226,0.00049,0.57685,0.00092,0.22802,-0.00052,0.70685,0.00055,0.70736,1,3,0.99820,0.05529,0.00334,-0.02292,0.07525,0.08027,0.63204,1,0
1768333695.458148,-0.02831,0.31757,-0.87557,-0.02928,-0.00130,0.00078,0.57689,0.00092,0.22803,-0.00052,0.70685,0.00055,0.70736,1,3,0.99820,0.05529,0.00334,-0.02292,0.07525,0.08027,0.63204,1,0
1768333695.460148,-0.00913,0.31196,-0.92126,-0.03109,-0.00153,0.00006,0.57689,0.00092,0.22803,-0.00052,0.70685,0.00055,0.70736,1,3,0.99820,0.05529,0.00334,-0.02292,0.07525,0.08027,0.63204,1,0
1768333695.462149,-0.02926,0.28470,-0.92803,-0.03208,-0.00114,0.00022,0.57697,0.00092,0.22803,-0.00052,0.70684,0.00055,0.70737,1,3,0.99820,0.05529,0.00334,-0.02292,0.07525,0.08027,0.63204,1,0
1768333695.464158,0.00453,0.30969,-0.91376,-0.03156,-0.00221,-0.00048,0.57697,0.00092,0.22803,-0.00052,0.70684,0.00055,0.70737,1,3,0.99820,0.05529,0.00334,-0.02292,0.07525,0.08027,0.63204,1,0
1768333695.466143,-0.02361,0.29133,-0.89798,-0.02872,-0.00211,-0.00031,0.57701,0.00092,0.22803,-0.00052,0.70684,0.00055,0.70737,1,3,0.99820,0.05529,0.00334,-0.02292,0.07525,0.08027,0.63204,1,0
1768333695.468146,-0.01931,0.31328,-0.90581,-0.02933,-0.00242,0.00048,0.57701,0.00092,0.22803,-0.00052,0.70684,0.00055,0.70737,1,3,0.99820,0.05529,0.00334,-0.02292,0.07525,0.08027,0.63204,1,0
1768333695.470166,-0.04491,0.26353,-0.88955,-0.02906,-0.00081,0.00026,0.57705,0.00092,0.22803,-0.00052,0.70685,0.00055,0.70737,1,3,0.99820,0.05529,0.00334,-0.02292,0.07525,0.08027,0.63204,1,0
1768333695.472142,-0.03056,0.30563,-0.92832,-0.03074,-0.00228,0.00048,0.57705,0.00092,0.22803,-0.00052,0.70685,0.00055,0.70737,1,3,0.99820,0.05529,0.00334,-0.02292,0.07525,0.08027,0.63204,1,0
1768333695.474142,-0.03661,0.29902,-0.90554,-0.02863,-0.00221,0.00010,0.57709,0.00092,0.22803,-0.00052,0.70684,0.00055,0.70737,1,3,0.99820,0.05529,0.00334,-0.02292,0.07525,0.08027,0.63204,1,0
1768333695.476151,-0.01645,0.29511,-0.89791,-0.02846,-0.00104,0.00076,0.57709,0.00092,0.22803,-0.00052,0.70684,0.00055,0.70737,1,3,0.99820,0.05529,0.00334,-0.02292,0.07525,0.08027,0.63204,1,0
1768333695.478162,-0.03205,0.31473,-0.92856,-0.02997,-0.00112,0.00101,0.57709,0.00092,0.22803,-0.00052,0.70684,0.00055,0.70737,1,3,0.99820,0.05529,0.00334,-0.02292,0.07525,0.08027,0.63204,1,0
1768333695.480145,-0.02070,0.30045,-0.92844,-0.03167,-0.00240,-0.00020,0.57709,0.00092,0.22803,-0.00052,0.70684,0.00055,0.70737,1,3,0.99820,0.05529,0.00334,-0.02292,0.07525,0.08027,0.63204,1,0
1768333695.482176,-0.00119,0.31796,-0.92874,-0.03037,-0.00302,0.00032,0.57713,0.00092,0.22803,-0.00052,0.70684,0.00055,0.70737,1,3,0.99820,0.05529,0.00334,-0.02292,0.07525,0.08027,0.63204,1,0
1768333695.484163,-0.03605,0.27870,-0.88984,-0.02931,-0.00169,0.00025,0.57717,0.00092,0.22803,-0.00052,0.70685,0.00055,0.70737,1,3,0.99820,0.05529,0.00334,-0.02292,0.07525,0.08027,0.63204,1,0
1768333695.486166,-0.00997,0.28320,-0.90526,-0.02991,-0.00214,0.00008,0.57717,0.00092,0.22803,-0.00052,0.70685,0.00055,0.70737,1,3,0.99820,0.05529,0.00334,-0.02292,0.07525,0.08027,0.63204,1,0
1768333695.488164,-0.04046,0.29175,-0.90548,-0.02872,-0.00216,-0.00030,0.57722,0.00092,0.22803,-0.00052,0.70684,0.00055,0.70737,1,3,0.99820,0.05529,0.00334,-0.02292,0.07525,0.08027,0.63204,1,0
1768333695.490179,-0.04022,0.30091,-0.89040,-0.02948,-0.00166,0.00025,0.57722,0.00092,0.22803,-0.00052,0.70684,0.00055,0.70737,1,3,0.99820,0.05614,0.00244,-0.02112,0.07551,0.08027,0.63237,1,0
1768333695.492176,-0.02731,0.32387,-0.93622,-0.02964,-0.00334,0.00060,0.57722,0.00092,0.22803,-0.00052,0.70684,0.00055,0.70737,1,3,0.99820,0.05614,0.00244,-0.02112,0.07551,0.08027,0.63237,1,0
1768333695.494181,-0.03718,0.29069,-0.91300,-0.03201,-0.00207,-0.00030,0.57726,0.00092,0.22803,-0.00051,0.70685,0.00055,0.70737,1,3,0.99820,0.05614,0.00244,-0.02112,0.07551,0.08027,0.63237,1,0
1768333695.496171,-0.02140,0.30555,-0.91346,-0.03096,-0.00227,-0.00032,0.57726,0.00092,0.22803,-0.00051,0.70685,0.00055,0.70737,1,3,0.99820,0.05614,0.00244,-0.02112,0.07551,0.08027,0.63237,1,0
1768333695.498170,-0.04132,0.30063,-0.86774,-0.02861,-0.00088,0.00026,0.57730,0.00092,0.22803,-0.00052,0.70684,0.00055,0.70737,1,3,0.99820,0.05614,0.00244,-0.02112,0.07551,0.08027,0.63237,1,0
1768333695.500175,-0.03106,0.34038,-0.88370,-0.03031,-0.00231,0.00037,0.57734,0.00092,0.22803,-0.00051,0.70684,0.00055,0.70737,1,3,0.99820,0.05614,0.00244,-0.02112,0.07551,0.08027,0.63237,1,0
1768333695.502228,-0.02496,0.35224,-0.92975,-0.03192,-0.00239,-0.00021,0.57738,0.00092,0.22803,-0.00052,0.70684,0.00055,0.70737,1,3,0.99820,0.05614,0.00244,-0.02112,0.07551,0.08027,0.63237,1,0
1768333695.504178,-0.01217,0.30471,-0.88281,-0.03227,-0.00212,0.00050,0.57738,0.00092,0.22803,-0.00052,0.70684,0.00055,0.70737,1,3,0.99820,0.05614,0.00244,-0.02112,0.07551,0.08027,0.63237,1,0
1768333695.506173,-0.03022,0.30098,-0.89028,-0.03079,-0.00254,0.00024,0.57742,0.00092,0.22803,-0.00052,0.70685,0.00055,0.70737,1,3,0.99820,0.05614,0.00244,-0.02112,0.07551,0.08027,0.63237,1,0
1768333695.508171,-0.01930,0.30834,-0.88284,-0.02939,-0.00242,0.00064,0.57742,0.00092,0.22803,-0.00052,0.70685,0.00055,0.70737,1,3,0.99820,0.05614,0.00244,-0.02112,0.07551,0.08027,0.63237,1,0
1768333695.510182,-0.04381,0.29368,-0.88272,-0.02979,-0.00174,-0.00014,0.57742,0.00092,0.22803,-0.00052,0.70685,0.00055,0.70737,1,3,0.99820,0.05614,0.00244,-0.02112,0.07551,0.08027,0.63237,1,0
1768333695.512189,-0.01851,0.32779,-0.89876,-0.03003,-0.00220,0.00008,0.57742,0.00092,0.22803,-0.00052,0.70685,0.00055,0.70737,1,3,0.99820,0.05614,0.00244,-0.02112,0.07551,0.08027,0.63237,1,0
1768333695.514213,-0.01425,0.30563,-0.91302,-0.03030,-0.00272,0.00088,0.57746,0.00092,0.22803,-0.00052,0.70685,0.00055,0.70736,1,3,0.99820,0.05614,0.00244,-0.02112,0.07551,0.08027,0.63237,1,0
1768333695.516186,-0.03509,0.29483,-0.86716,-0.02977,-0.00362,0.00027,0.57746,0.00092,0.22803,-0.00052,0.70685,0.00055,0.70736,1,3,0.99820,0.05614,0.00244,-0.02112,0.07551,0.08027,0.63237,1,0
1768333695.518194,-0.04604,0.30347,-0.85253,-0.02814,-0.00108,0.00041,0.57750,0.00092,0.22803,-0.00052,0.70685,0.00055,0.70736,1,3,0.99820,0.05614,0.00244,-0.02112,0.07551,0.08027,0.63237,1,0
1768333695.520217,-0.03787,0.28898,-0.85214,-0.02766,-0.00155,0.00041,0.57750,0.00092,0.22803,-0.00052,0.70685,0.00055,0.70736,1,3,0.99820,0.05614,0.00244,-0.02112,0.07551,0.08027,0.63237,1,0
1768333695.522197,-0.00505,0.31934,-0.95203,-0.03079,-0.00147,-0.00038,0.57754,0.00092,0.22803,-0.00052,0.70685,0.00055,0.70736,1,3,0.99820,0.05614,0.00244,-0.02112,0.07551,0.08027,0.63237,1,0
1768333695.524183,-0.03630,0.33369,-0.95206,-0.03368,-0.00109,0.00006,0.57754,0.00092,0.22803,-0.00052,0.70685,0.00055,0.70736,1,3,0.99808,0.05676,0.00461,-0.02432,0.07565,0.08015,0.63173,1,0
1768333695.526198,-0.03497,0.33033,-0.99727,-0.03415,-0.00339,-0.00024,0.57758,0.00092,0.22803,-0.00052,0.70685,0.00056,0.70736,1,3,0.99808,0.05676,0.00461,-0.02432,0.07565,0.08015,0.63173,1,0
1768333695.528207,-0.03189,0.30850,-0.89043,-0.03289,-0.00329,-0.00015,0.57758,0.00092,0.22803,-0.00052,0.70685,0.00056,0.70736,1,3,0.99808,0.05676,0.00461,-0.02432,0.07565,0.08015,0.63173,1,0
1768333695.530191,-0.04177,0.27731,-0.86718,-0.02737,-0.00201,-0.00026,0.57762,0.00092,0.22803,-0.00052,0.70685,0.00056,0.70736,1,3,0.99808,0.05676,0.00461,-0.02432,0.07565,0.08015,0.63173,1,0
1768333695.532202,-0.03408,0.29124,-0.78386,-0.02741,-0.00122,0.00059,0.57766,0.00092,0.22802,-0.00052,0.70685,0.00056,0.70736,1,3,0.99808,0.05676,0.00461,-0.02432,0.07565,0.08015,0.63173,1,0
1768333695.534204,-0.05696,0.25753,-0.91168,-0.02935,-0.00255,0.00067,0.57766,0.00092,0.22802,-0.00052,0.70685,0.00056,0.70736,1,3,0.99808,0.05676,0.00461,-0.02432,0.07565,0.08015,0.63173,1,0
1768333695.536182,-0.02051,0.30032,-0.91326,-0.03189,-0.00228,-0.00019,0.57769,0.00092,0.22802,-0.00052,0.70685,0.00056,0.70736,1,3,0.99808,0.05676,0.00461,-0.02432,0.07565,0.08015,0.63173,1,0
1768333695.538222,-0.00912,0.30199,-0.92091,-0.03122,-0.00152,0.00033,0.57769,0.00092,0.22802,-0.00052,0.70685,0.00056,0.70736,1,3,0.99808,0.05676,0.00461,-0.02432,0.07565,0.08015,0.63173,1,0
1768333695.540221,-0.02392,0.35241,-0.89927,-0.03279,-0.00292,-0.00018,0.57773,0.00092,0.22802,-0.00052,0.70685,0.00056,0.70736,1,3,0.99808,0.05676,0.00461,-0.02432,0.07565,0.08015,0.63173,1,0
1768333695.542220,-0.03433,0.34815,-0.90653,-0.03109,-0.00303,0.00036,0.57773,0.00092,0.22802,-0.00052,0.70685,0.00056,0.70736,1,3,0.99808,0.05676,0.00461,-0.02432,0.07565,0.08015,0.63173,1,0
1768333695.544218,-0.02884,0.32566,-0.92147,-0.03181,-0.00284,-0.00046,0.57777,0.00092,0.22802,-0.00052,0.70685,0.00056,0.70736,1,3,0.99808,0.05676,0.00461,-0.02432,0.07565,0.08015,0.63173,1,0
1768333695.546221,-0.02813,0.33421,-0.90663,-0.03301,-0.00158,-0.00032,0.57777,0.00092,0.22802,-0.00052,0.70685,0.00056,0.70736,1,3,0.99808,0.05676,0.00461,-0.02432,0.07565,0.08015,0.63173,1,0
1768333695.548205,-0.01941,0.31561,-0.89087,-0.03258,-0.00307,-0.00057,0.57777,0.00092,0.22802,-0.00052,0.70685,0.00056,0.70736,1,3,0.99808,0.05676,0.00461,-0.02432,0.07565,0.08015,0.63173,1,0
1768333695.550226,-0.02556,0.29428,-0.87476,-0.03087,-0.00361,0.00026,0.57781,0.00092,0.22802,-0.00052,0.70685,0.00056,0.70736,1,3,0.99808,0.05676,0.00461,-0.02432,0.07565,0.08015,0.63173,1,0
1768333695.552225,-0.02892,0.31292,-0.84501,-0.02868,-0.00142,0.00094,0.57781,0.00092,0.22802,-0.00052,0.70685,0.00056,0.70736,1,3,0.99808,0.05676,0.00461,-0.02432,0.07565,0.08015,0.63173,1,0
1768333695.554219,-0.02090,0.31173,-0.83023,-0.02847,0.00013,0.00054,0.57785,0.00092,0.22802,-0.00052,0.70685,0.00056,0.70736,1,3,0.99808,0.05676,0.00461,-0.02432,0.07565,0.08015,0.63173,1,0
1768333695.556218,-0.02823,0.28991,-0.90549,-0.03268,-0.00155,-0.00030,0.57785,0.00092,0.22802,-0.00052,0.70685,0.00056,0.70736,1,3,0.99801,0.05737,0.00558,-0.02566,0.07584,0.08006,0.63139,1,0
1768333695.558212,-0.02300,0.36641,-0.92230,-0.03415,-0.00255,0.00020,0.57789,0.00092,0.22802,-0.00052,0.70685,0.00056,0.70736,1,3,0.99801,0.05737,0.00558,-0.02566,0.07584,0.08006,0.63139,1,0
1768333695.560236,-0.02391,0.34114,-0.92190,-0.03336,-0.00138,0.00007,0.57789,0.00092,0.22802,-0.00052,0.70685,0.00056,0.70736,1,3,0.99801,0.05737,0.00558,-0.02566,0.07584,0.08006,0.63139,1,0
1768333695.562216,-0.05243,0.35479,-0.92991,-0.03364,-0.00207,-0.00085,0.57793,0.00092,0.22802,-0.00052,0.70686,0.00056,0.70736,1,3,0.99801,0.05737,0.00558,-0.02566,0.07584,0.08006,0.63139,1,0
1768333695.564228,-0.03176,0.31752,-0.92889,-0.03322,-0.00229,-0.00046,0.57797,0.00092,0.22802,-0.00052,0.70686,0.00056,0.70735,1,3,0.99801,0.05737,0.00558,-0.02566,0.07584,0.08006,0.63139,1,0
1768333695.566253,-0.03585,0.31511,-0.89831,-0.03346,-0.00236,-0.00016,0.57797,0.00092,0.22802,-0.00052,0.70686,0.00056,0.70735,1,3,0.99801,0.05737,0.00558,-0.02566,0.07584,0.08006,0.63139,1,0
1768333695.568232,-0.03189,0.30722,-0.89063,-0.03334,-0.00177,-0.00016,0.57801,0.00092,0.22802,-0.00052,0.70686,0.00056,0.70736,1,3,0.99801,0.05737,0.00558,-0.02566,0.07584,0.08006,0.63139,1,0
1768333695.570280,-0.01616,0.34748,-0.89173,-0.03198,-0.00276,-0.00046,0.57801,0.00092,0.22802,-0.00052,0.70686,0.00056,0.70736,1,3,0.99801,0.05737,0.00558,-0.02566,0.07584,0.08006,0.63139,1,0
1768333695.572226,-0.02239,0.33283,-0.92172,-0.03369,-0.00331,-0.00087,0.57805,0.00092,0.22802,-0.00052,0.70685,0.00056,0.70736,1,3,0.99801,0.05737,0.00558,-0.02566,0.07584,0.08006,0.63139,1,0
1768333695.574249,-0.02509,0.35488,-0.94460,-0.03560,-0.00404,-0.00008,0.57805,0.00092,0.22802,-0.00052,0.70685,0.00056,0.70736,1,3,0.99801,0.05737,0.00558,-0.02566,0.07584,0.08006,0.63139,1,0
1768333695.576228,-0.02586,0.32512,-0.92133,-0.03465,-0.00325,-0.00046,0.57810,0.00092,0.22802,-0.00052,0.70686,0.00056,0.70736,1,3,0.99801,0.05737,0.00558,-0.02566,0.07584,0.08006,0.63139,1,0
1768333695.578237,-0.04930,0.33302,-0.86844,-0.03259,-0.00235,-0.00040,0.57810,0.00092,0.22802,-0.00052,0.70686,0.00056,0.70736,1,3,0.99801,0.05737,0.00558,-0.02566,0.07584,0.08006,0.63139,1,0
1768333695.580343,-0.02768,0.31062,-0.87549,-0.03286,-0.00284,-0.00042,0.57810,0.00092,0.22802,-0.00052,0.70686,0.00056,0.70736,1,3,0.99801,0.05737,0.00558,-0.02566,0.07584,0.08006,0.63139,1,0
1768333695.582264,-0.05664,0.33333,-0.87553,-0.03390,-0.00326,0.00042,0.57814,0.00092,0.22802,-0.00052,0.70686,0.00056,0.70736,1,3,0.99801,0.05737,0.00558,-0.02566,0.07584,0.08006,0.63139,1,0
1768333695.584229,-0.01773,0.34523,-0.84575,-0.03441,-0.00388,-0.00014,0.57814,0.00092,0.22802,-0.00052,0.70686,0.00056,0.70736,1,3,0.99801,0.05737,0.00558,-0.02566,0.07584,0.08006,0.63139,1,0
1768333695.586235,-0.01123,0.35937,-0.85398,-0.03292,-0.00270,-0.00016,0.57818,0.00092,0.22801,-0.00052,0.70686,0.00056,0.70735,1,3,0.99801,0.05737,0.00558,-0.02566,0.07584,0.08006,0.63139,1,0
1768333695.588235,-0.02552,0.34402,-0.89940,-0.03508,-0.00214,-0.00099,0.57818,0.00092,0.22801,-0.00052,0.70686,0.00056,0.70735,1,3,0.99801,0.05737,0.00558,-0.02566,0.07584,0.08006,0.63139,1,0
1768333695.590243,-0.01738,0.33725,-0.92954,-0.03582,-0.00057,-0.00008,0.57822,0.00092,0.22802,-0.00052,0.70686,0.00056,0.70735,1,3,0.99801,0.05737,0.00558,-0.02566,0.07584,0.08006,0.63139,1,0
1768333695.592243,-0.04603,0.32699,-0.90633,-0.03572,-0.00213,-0.00070,0.57822,0.00092,0.22802,-0.00052,0.70686,0.00056,0.70735,1,3,0.99801,0.05737,0.00558,-0.02566,0.07584,0.08006,0.63139,1,0
1768333695.594253,-0.02965,0.38174,-0.89226,-0.03549,-0.00338,-0.00017,0.57826,0.00092,0.22801,-0.00052,0.70686,0.00056,0.70735,1,3,0.99801,0.05737,0.00558,-0.02566,0.07584,0.08006,0.63139,1,0
1768333695.596245,-0.02107,0.36640,-0.87678,-0.03568,-0.00296,-0.00017,0.57826,0.00092,0.22801,-0.00052,0.70686,0.00056,0.70735,1,3,0.99801,0.05737,0.00558,-0.02566,0.07584,0.08006,0.63139,1,0
1768333695.598269,-0.05442,0.36691,-0.90700,-0.03611,-0.00281,-0.00016,0.57830,0.00092,0.22802,-0.00052,0.70686,0.00056,0.70735,1,3,0.99798,0.05810,0.00452,-0.02542,0.07611,0.08008,0.63189,1,0
1768333695.600252,-0.01246,0.37158,-0.88433,-0.03583,-0.00370,0.00009,0.57830,0.00092,0.22802,-0.00052,0.70686,0.00056,0.70735,1,3,0.99798,0.05810,0.00452,-0.02542,0.07611,0.08008,0.63189,1,0
1768333695.602263,-0.02999,0.37658,-0.89990,-0.03512,-0.00287,-0.00045,0.57834,0.00092,0.22802,-0.00052,0.70686,0.00056,0.70736,1,3,0.99798,0.05810,0.00452,-0.02542,0.07611,0.08008,0.63189,1,0
1768333695.604258,-0.02111,0.37566,-0.86206,-0.03579,-0.00209,-0.00043,0.57838,0.00092,0.22802,-0.00052,0.70686,0.00056,0.70736,1,3,0.99798,0.05810,0.00452,-0.02542,0.07611,0.08008,0.63189,1,0
1768333695.606263,-0.01146,0.33628,-0.88362,-0.03670,-0.00293,-0.00017,0.57838,0.00092,0.22802,-0.00052,0.70686,0.00056,0.70736,1,3,0.99798,0.05810,0.00452,-0.02542,0.07611,0.08008,0.63189,1,0
1768333695.608253,-0.02405,0.34314,-0.87610,-0.03727,-0.00214,0.00025,0.57842,0.00092,0.22802,-0.00051,0.70686,0.00055,0.70735,1,3,0.99798,0.05810,0.00452,-0.02542,0.07611,0.08008,0.63189,1,0
1768333695.610330,-0.01357,0.38122,-0.88482,-0.03484,-0.00294,-0.00019,0.57842,0.00092,0.22802,-0.00051,0.70686,0.00055,0.70735,1,3,0.99798,0.05810,0.00452,-0.02542,0.07611,0.08008,0.63189,1,0
1768333695.612272,-0.02867,0.36621,-0.92230,-0.03656,-0.00287,-0.00019,0.57846,0.00092,0.22802,-0.00052,0.70686,0.00056,0.70736,1,3,0.99798,0.05810,0.00452,-0.02542,0.07611,0.08008,0.63189,1,0
1768333695.614253,-0.05366,0.37604,-0.91448,-0.03753,-0.00269,0.00078,0.57846,0.00092,0.22802,-0.00052,0.70686,0.00056,0.70736,1,3,0.99798,0.05810,0.00452,-0.02542,0.07611,0.08008,0.63189,1,0
1768333695.616263,-0.03846,0.36394,-0.95205,-0.03943,-0.00413,0.00047,0.57850,0.00092,0.22802,-0.00051,0.70686,0.00055,0.70735,1,3,0.99798,0.05810,0.00452,-0.02542,0.07611,0.08008,0.63189,1,0
1768333695.618258,-0.03710,0.39112,-0.87707,-0.03691,-0.00316,0.00038,0.57850,0.00092,0.22802,-0.00051,0.70686,0.00055,0.70735,1,3,0.99798,0.05810,0.00452,-0.02542,0.07611,0.08008,0.63189,1,0
1768333695.620310,-0.03271,0.36956,-0.86139,-0.03652,-0.00384,-0.00001,0.57850,0.00092,0.22802,-0.00051,0.70686,0.00055,0.70735,1,3,0.99798,0.05810,0.00452,-0.02542,0.07611,0.08008,0.63189,1,0
1768333695.622337,-0.03028,0.39562,-0.90041,-0.03533,-0.00211,-0.00019,0.57854,0.00092,0.22802,-0.00052,0.70686,0.00056,0.70736,1,3,0.99798,0.05810,0.00452,-0.02542,0.07611,0.08008,0.63189,1,0
1768333695.624293,-0.03520,0.37485,-0.90733,-0.03886,-0.00191,-0.00004,0.57854,0.00092,0.22802,-0.00052,0.70686,0.00056,0.70736,1,3,0.99798,0.05810,0.00452,-0.02542,0.07611,0.08008,0.63189,1,0
1768333695.626281,-0.05217,0.39909,-0.94592,-0.03922,-0.00108,0.00007,0.57858,0.00092,0.22802,-0.00052,0.70685,0.00056,0.70736,1,3,0.99798,0.05810,0.00452,-0.02542,0.07611,0.08008,0.63189,1,0
1768333695.628277,-0.01181,0.43710,-0.92415,-0.04050,-0.00390,-0.00076,0.57858,0.00092,0.22802,-0.00052,0.70685,0.00056,0.70736,1,3,0.99798,0.05810,0.00452,-0.02542,0.07611,0.08008,0.63189,1,0
1768333695.630288,-0.03011,0.39547,-0.86175,-0.03839,-0.00618,-0.00027,0.57863,0.00092,0.22803,-0.00051,0.70685,0.00055,0.70736,1,3,0.99795,0.05865,0.00535,-0.02524,0.07631,0.08002,0.63180,1,0
1768333695.632277,-0.02760,0.37775,-0.80082,-0.03685,-0.00493,-0.00036,0.57863,0.00092,0.22803,-0.00051,0.70685,0.00055,0.70736,1,3,0.99795,0.05865,0.00535,-0.02524,0.07631,0.08002,0.63180,1,0
1768333695.634276,-0.04938,0.33709,-0.81542,-0.03298,-0.00133,-0.00009,0.57867,0.00092,0.22803,-0.00052,0.70685,0.00056,0.70736,1,3,0.99795,0.05865,0.00535,-0.02524,0.07631,0.08002,0.63180,1,0
1768333695.636281,-0.02829,0.36528,-0.83128,-0.03722,-0.00174,-0.00013,0.57871,0.00092,0.22803,-0.00051,0.70685,0.00055,0.70736,1,3,0.99795,0.05865,0.00535,-0.02524,0.07631,0.08002,0.63180,1,0
1768333695.638277,-0.02630,0.41427,-0.90826,-0.03947,-0.00242,0.00007,0.57871,0.00092,0.22803,-0.00051,0.70685,0.00055,0.70736,1,3,0.99795,0.05865,0.00535,-0.02524,0.07631,0.08002,0.63180,1,0
1768333695.640310,-0.01625,0.41871,-0.91582,-0.04116,-0.00280,0.00033,0.57875,0.00092,0.22803,-0.00052,0.70685,0.00056,0.70736,1,3,0.99795,0.05865,0.00535,-0.02524,0.07631,0.08002,0.63180,1,0
1768333695.642286,-0.02525,0.43875,-0.91673,-0.04027,-0.00234,-0.00061,0.57875,0.00092,0.22803,-0.00052,0.70685,0.00056,0.70736,1,3,0.99795,0.05865,0.00535,-0.02524,0.07631,0.08002,0.63180,1,0
1768333695.644305,-0.04374,0.39463,-0.91548,-0.03884,-0.00169,-0.00018,0.57878,0.00092,0.22803,-0.00052,0.70685,0.00056,0.70736,1,3,0.99795,0.05865,0.00535,-0.02524,0.07631,0.08002,0.63180,1,0
1768333695.646297,-0.05095,0.38909,-0.94548,-0.04043,-0.00146,0.00034,0.57878,0.00092,0.22803,-0.00052,0.70685,0.00056,0.70736,1,3,0.99795,0.05865,0.00535,-0.02524,0.07631,0.08002,0.63180,1,0
1768333695.648276,-0.03366,0.39978,-0.93812,-0.04030,-0.00295,0.00006,0.57883,0.00092,0.22803,-0.00052,0.70685,0.00056,0.70736,1,3,0.99795,0.05865,0.00535,-0.02524,0.07631,0.08002,0.63180,1,0
1768333695.650292,-0.02916,0.42256,-0.90078,-0.04024,-0.00367,-0.00032,0.57883,0.00092,0.22803,-0.00052,0.70685,0.00056,0.70736,1,3,0.99795,0.05865,0.00535,-0.02524,0.07631,0.08002,0.63180,1,0
1768333695.652269,-0.03856,0.40793,-0.85488,-0.03933,-0.00317,-0.00027,0.57883,0.00092,0.22803,-0.00052,0.70685,0.00056,0.70736,1,3,0.99795,0.05865,0.00535,-0.02524,0.07631,0.08002,0.63180,1,0
1768333695.654291,-0.02683,0.38633,-0.85413,-0.03828,-0.00405,0.00013,0.57886,0.00092,0.22803,-0.00052,0.70685,0.00056,0.70736,1,3,0.99795,0.05865,0.00535,-0.02524,0.07631,0.08002,0.63180,1,0
1768333695.656296,-0.01257,0.37178,-0.86177,-0.04020,-0.00218,-0.00016,0.57886,0.00092,0.22803,-0.00052,0.70685,0.00056,0.70736,1,3,0.99795,0.05865,0.00535,-0.02524,0.07631,0.08002,0.63180,1,0
1768333695.658291,-0.04678,0.38611,-0.87722,-0.04047,-0.00076,0.00026,0.57890,0.00092,0.22802,-0.00052,0.70685,0.00056,0.70736,1,3,0.99795,0.05865,0.00535,-0.02524,0.07631,0.08002,0.63180,1,0
1768333695.660314,-0.02420,0.41398,-0.90814,-0.04144,-0.00283,0.00008,0.57890,0.00092,0.22802,-0.00052,0.70685,0.00056,0.70736,1,3,0.99792,0.05920,0.00434,-0.02521,0.07653,0.07998,0.63173,1,0
1768333695.662307,-0.02488,0.41544,-0.84722,-0.04033,-0.00422,0.00013,0.57894,0.00092,0.22802,-0.00052,0.70685,0.00056,0.70736,1,3,0.99792,0.05920,0.00434,-0.02521,0.07653,0.07998,0.63173,1,0
1768333695.664322,-0.04147,0.40533,-0.93815,-0.04067,-0.00363,-0.00006,0.57894,0.00092,0.22802,-0.00052,0.70685,0.00056,0.70736,1,3,0.99792,0.05920,0.00434,-0.02521,0.07653,0.07998,0.63173,1,0
1768333695.666299,-0.05375,0.39269,-0.96092,-0.04083,-0.00272,-0.00074,0.57898,0.00092,0.22802,-0.00052,0.70686,0.00056,0.70736,1,3,0.99792,0.05920,0.00434,-0.02521,0.07653,0.07998,0.63173,1,0
1768333695.668311,-0.04757,0.41390,-0.93094,-0.04319,-0.00255,-0.00032,0.57902,0.00092,0.22802,-0.00052,0.70685,0.00056,0.70736,1,3,0.99792,0.05920,0.00434,-0.02521,0.07653,0.07998,0.63173,1,0
1768333695.670300,-0.01118,0.41615,-0.88540,-0.04185,-0.00299,0.00022,0.57902,0.00092,0.22802,-0.00052,0.70685,0.00056,0.70736,1,3,0.99792,0.05920,0.00434,-0.02521,0.07653,0.07998,0.63173,1,0
1768333695.672349,-0.00826,0.37977,-0.86964,-0.03989,-0.00288,-0.00058,0.57906,0.00093,0.22802,-0.00052,0.70685,0.00056,0.70736,1,3,0.99792,0.05920,0.00434,-0.02521,0.07653,0.07998,0.63173,1,0
1768333695.674306,-0.04489,0.38424,-0.86212,-0.03809,-0.00066,0.00013,0.57906,0.00093,0.22802,-0.00052,0.70685,0.00056,0.70736,1,3,0.99792,0.05920,0.00434,-0.02521,0.07653,0.07998,0.63173,1,0
1768333695.676303,-0.01225,0.41164,-0.88541,-0.04059,-0.00297,-0.00005,0.57911,0.00093,0.22803,-0.00052,0.70685,0.00056,0.70736,1,3,0.99792,0.05920,0.00434,-0.02521,0.07653,0.07998,0.63173,1,0
1768333695.678306,-0.03910,0.43499,-0.87814,-0.04272,-0.00433,-0.00042,0.57911,0.00093,0.22803,-0.00052,0.70685,0.00056,0.70736,1,3,0.99792,0.05920,0.00434,-0.02521,0.07653,0.07998,0.63173,1,0
1768333695.680307,-0.01928,0.44708,-0.87090,-0.04169,-0.00432,-0.00017,0.57911,0.00093,0.22803,-0.00052,0.70685,0.00056,0.70736,1,3,0.99792,0.05920,0.00434,-0.02521,0.07653,0.07998,0.63173,1,0
1768333695.682310,-0.03998,0.44878,-0.88615,-0.04255,-0.00305,-0.00003,0.57915,0.00093,0.22803,-0.00052,0.70685,0.00056,0.70736,1,3,0.99792,0.05920,0.00434,-0.02521,0.07653,0.07998,0.63173,1,0
1768333695.684316,-0.05052,0.44611,-0.88619,-0.04433,-0.00293,-0.00056,0.57915,0.00093,0.22803,-0.00052,0.70685,0.00056,0.70736,1,3,0.99792,0.05920,0.00434,-0.02521,0.07653,0.07998,0.63173,1,0
1768333695.686293,-0.02704,0.40745,-0.86233,-0.04218,-0.00394,-0.00028,0.57915,0.00093,0.22803,-0.00052,0.70685,0.00056,0.70736,1,3,0.99792,0.05920,0.00434,-0.02521,0.07653,0.07998,0.63173,1,0
1768333695.688317,0.01062,0.39998,-0.83944,-0.04161,-0.00477,-0.00030,0.57919,0.00093,0.22803,-0.00052,0.70685,0.00056,0.70736,1,3,0.99792,0.05920,0.00434,-0.02521,0.07653,0.07998,0.63173,1,0
1768333695.690329,-0.01698,0.42445,-0.87055,-0.04000,-0.00319,-0.00018,0.57923,0.00093,0.22803,-0.00052,0.70685,0.00056,0.70737,1,3,0.99792,0.05920,0.00434,-0.02521,0.07653,0.07998,0.63173,1,0
1768333695.692335,-0.04848,0.44323,-0.90143,-0.04262,-0.00193,-0.00031,0.57923,0.00093,0.22803,-0.00052,0.70685,0.00056,0.70737,1,3,0.99792,0.05920,0.00434,-0.02521,0.07653,0.07998,0.63173,1,0
1768333695.694319,-0.03545,0.47575,-0.93988,-0.04310,-0.00337,0.00018,0.57927,0.00093,0.22803,-0.00052,0.70684,0.00056,0.70737,1,3,0.99792,0.05920,0.00434,-0.02521,0.07653,0.07998,0.63173,1,0
1768333695.696340,-0.02751,0.46309,-0.91669,-0.04631,-0.00422,-0.00006,0.57927,0.00093,0.22803,-0.00052,0.70684,0.00056,0.70737,1,3,0.99785,0.06010,0.00372,-0.02584,0.07676,0.07995,0.63187,1,0
1768333695.698322,-0.03419,0.46160,-0.91653,-0.04392,-0.00452,0.00021,0.57931,0.00093,0.22803,-0.00052,0.70684,0.00056,0.70737,1,3,0.99785,0.06010,0.00372,-0.02584,0.07676,0.07995,0.63187,1,0
1768333695.700330,-0.03463,0.43075,-0.91619,-0.04364,-0.00259,-0.00019,0.57931,0.00093,0.22803,-0.00052,0.70684,0.00056,0.70737,1,3,0.99785,0.06010,0.00372,-0.02584,0.07676,0.07995,0.63187,1,0
1768333695.702318,-0.06574,0.40494,-0.88530,-0.04156,-0.00234,-0.00081,0.57935,0.00093,0.22804,-0.00052,0.70684,0.00056,0.70737,1,3,0.99785,0.06010,0.00372,-0.02584,0.07676,0.07995,0.63187,1,0
1768333695.704329,-0.01503,0.40036,-0.85474,-0.04117,-0.00421,-0.00069,0.57939,0.00093,0.22804,-0.00052,0.70684,0.00056,0.70738,1,3,0.99785,0.06010,0.00372,-0.02584,0.07676,0.07995,0.63187,1,0
1768333695.706340,-0.02510,0.40495,-0.85473,-0.04024,-0.00332,-0.00001,0.57939,0.00093,0.22804,-0.00052,0.70684,0.00056,0.70738,1,3,0.99785,0.06010,0.00372,-0.02584,0.07676,0.07995,0.63187,1,0
1768333695.708306,-0.02801,0.43594,-0.90889,-0.04183,-0.00243,-0.00033,0.57943,0.00093,0.22804,-0.00052,0.70684,0.00056,0.70737,1,3,0.99785,0.06010,0.00372,-0.02584,0.07676,0.07995,0.63187,1,0
1768333695.710311,-0.04271,0.45108,-0.96218,-0.04383,-0.00327,-0.00036,0.57943,0.00093,0.22804,-0.00052,0.70684,0.00056,0.70737,1,3,0.99785,0.06010,0.00372,-0.02584,0.07676,0.07995,0.63187,1,0
1768333695.712343,-0.03467,0.45911,-0.96958,-0.04701,-0.00553,-0.00036,0.57947,0.00093,0.22803,-0.00052,0.70684,0.00056,0.70738,1,3,0.99785,0.06010,0.00372,-0.02584,0.07676,0.07995,0.63187,1,0
1768333695.714322,-0.04970,0.45669,-0.90103,-0.04529,-0.00458,0.00038,0.57947,0.00093,0.22803,-0.00052,0.70684,0.00056,0.70738,1,3,0.99785,0.06010,0.00372,-0.02584,0.07676,0.07995,0.63187,1,0
1768333695.716353,-0.04690,0.44417,-0.89357,-0.04370,-0.00360,-0.00030,0.57947,0.00093,0.22803,-0.00052,0.70684,0.00056,0.70738,1,3,0.99785,0.06010,0.00372,-0.02584,0.07676,0.07995,0.63187,1,0
1768333695.718333,-0.08488,0.43658,-0.87818,-0.04401,-0.00225,-0.00025,0.57951,0.00093,0.22804,-0.00052,0.70684,0.00056,0.70738,1,3,0.99785,0.06010,0.00372,-0.02584,0.07676,0.07995,0.63187,1,0
1768333695.720329,-0.05848,0.42197,-0.85476,-0.04484,-0.00369,0.00016,0.57951,0.00093,0.22804,-0.00052,0.70684,0.00056,0.70738,1,3,0.99785,0.06010,0.00372,-0.02584,0.07676,0.07995,0.63187,1,0
1768333695.722330,-0.03301,0.44732,-0.89338,-0.04453,-0.00529,-0.00017,0.57955,0.00093,0.22803,-0.00052,0.70684,0.00056,0.70738,1,3,0.99785,0.06010,0.00372,-0.02584,0.07676,0.07995,0.63187,1,0
1768333695.724329,-0.03341,0.42693,-0.93075,-0.04456,-0.00462,0.00034,0.57955,0.00093,0.22803,-0.00052,0.70684,0.00056,0.70738,1,3,0.99785,0.06010,0.00372,-0.02584,0.07676,0.07995,0.63187,1,0
1768333695.726372,-0.02622,0.46470,-0.91741,-0.04367,-0.00197,-0.00075,0.57955,0.00093,0.22803,-0.00052,0.70684,0.00056,0.70738,1,3,0.99785,0.06091,0.00325,-0.02383,0.07699,0.07992,0.63195,1,0
1768333695.728338,-0.05356,0.45808,-0.92431,-0.04572,-0.00302,-0.00032,0.57959,0.00093,0.22804,-0.00052,0.70683,0.00056,0.70738,1,3,0.99785,0.06091,0.00325,-0.02383,0.07699,0.07992,0.63195,1,0
1768333695.730361,-0.05758,0.49544,-0.91722,-0.04635,-0.00388,0.00049,0.57959,0.00093,0.22804,-0.00052,0.70683,0.00056,0.70738,1,3,0.99785,0.06091,0.00325,-0.02383,0.07699,0.07992,0.63195,1,0
1768333695.732352,-0.01901,0.46380,-0.89398,-0.04586,-0.00510,-0.00046,0.57967,0.00093,0.22804,-0.00052,0.70683,0.00056,0.70738,1,3,0.99785,0.06091,0.00325,-0.02383,0.07699,0.07992,0.63195,1,0
1768333695.734364,-0.01933,0.42573,-0.84004,-0.04239,-0.00252,0.00039,0.57967,0.00093,0.22804,-0.00052,0.70683,0.00056,0.70738,1,3,0.99785,0.06091,0.00325,-0.02383,0.07699,0.07992,0.63195,1,0
1768333695.736364,-0.02201,0.42097,-0.79483,-0.03961,-0.00135,-0.00025,0.57971,0.00093,0.22804,-0.00052,0.70683,0.00056,0.70738,1,3,0.99785,0.06091,0.00325,-0.02383,0.07699,0.07992,0.63195,1,0
1768333695.738376,-0.04160,0.39888,-0.71817,-0.04097,-0.00123,-0.00016,0.57971,0.00093,0.22804,-0.00052,0.70683,0.00056,0.70738,1,3,0.99785,0.06091,0.00325,-0.02383,0.07699,0.07992,0.63195,1,0
1768333695.740361,-0.00259,0.43994,-0.91665,-0.04222,-0.00222,-0.00010,0.57975,0.00093,0.22804,-0.00052,0.70683,0.00056,0.70738,1,3,0.99785,0.06091,0.00325,-0.02383,0.07699,0.07992,0.63195,1,0
1768333695.742349,-0.06151,0.46187,-0.94723,-0.04676,-0.00178,-0.00006,0.57975,0.00093,0.22804,-0.00052,0.70683,0.00056,0.70738,1,3,0.99785,0.06091,0.00325,-0.02383,0.07699,0.07992,0.63195,1,0
1768333695.744371,-0.02687,0.49566,-0.97104,-0.04766,-0.00223,-0.00026,0.57979,0.00093,0.22804,-0.00052,0.70683,0.00056,0.70738,1,3,0.99785,0.06091,0.00325,-0.02383,0.07699,0.07992,0.63195,1,0
1768333695.746367,-0.03986,0.46507,-0.93969,-0.04672,-0.00332,-0.00034,0.57979,0.00093,0.22804,-0.00052,0.70683,0.00056,0.70738,1,3,0.99785,0.06091,0.00325,-0.02383,0.07699,0.07992,0.63195,1,0
1768333695.748354,-0.03814,0.44845,-0.89366,-0.04430,-0.00333,-0.00004,0.57979,0.00093,0.22804,-0.00052,0.70683,0.00056,0.70738,1,3,0.99785,0.06091,0.00325,-0.02383,0.07699,0.07992,0.63195,1,0
1768333695.750356,-0.05162,0.43212,-0.88559,-0.04319,-0.00366,-0.00015,0.57979,0.00093,0.22804,-0.00052,0.70683,0.00056,0.70738,1,3,0.99785,0.06091,0.00325,-0.02383,0.07699,0.07992,0.63195,1,0
1768333695.752374,-0.01833,0.44071,-0.90124,-0.04308,-0.00305,-0.00006,0.57983,0.00093,0.22804,-0.00052,0.70683,0.00056,0.70738,1,3,0.99785,0.06091,0.00325,-0.02383,0.07699,0.07992,0.63195,1,0
1768333695.754366,-0.03199,0.43318,-0.87835,-0.04230,-0.00212,-0.00003,0.57987,0.00093,0.22804,-0.00052,0.70683,0.00056,0.70738,1,3,0.99785,0.06091,0.00325,-0.02383,0.07699,0.07992,0.63195,1,0
1768333695.756368,-0.06300,0.40422,-0.90004,-0.04462,-0.00286,-0.00001,0.57987,0.00093,0.22804,-0.00052,0.70683,0.00056,0.70738,1,3,0.99785,0.06091,0.00325,-0.02383,0.07699,0.07992,0.63195,1,0
1768333695.758377,-0.02901,0.43759,-0.90118,-0.04509,-0.00254,-0.00019,0.57987,0.00093,0.22804,-0.00052,0.70683,0.00056,0.70738,1,3,0.99778,0.06146,0.00404,-0.02541,0.07719,0.07986,0.63178,1,0
1768333695.760376,-0.05123,0.42550,-0.87027,-0.04436,-0.00200,0.00040,0.57991,0.00093,0.22804,-0.00052,0.70683,0.00056,0.70738,1,3,0.99778,0.06146,0.00404,-0.02541,0.07719,0.07986,0.63178,1,0
1768333695.762364,-0.05553,0.43453,-0.86279,-0.04360,-0.00361,0.00001,0.57991,0.00093,0.22804,-0.00052,0.70683,0.00056,0.70738,1,3,0.99778,0.06146,0.00404,-0.02541,0.07719,0.07986,0.63178,1,0
1768333695.764376,-0.04766,0.43542,-0.87030,-0.04271,-0.00472,-0.00000,0.57999,0.00093,0.22804,-0.00052,0.70683,0.00056,0.70738,1,3,0.99778,0.06146,0.00404,-0.02541,0.07719,0.07986,0.63178,1,0
1768333695.766356,-0.03388,0.42646,-0.87788,-0.04413,-0.00361,-0.00002,0.57999,0.00093,0.22804,-0.00052,0.70683,0.00056,0.70738,1,3,0.99778,0.06146,0.00404,-0.02541,0.07719,0.07986,0.63178,1,0
1768333695.768383,-0.06271,0.45826,-0.90136,-0.04528,-0.00291,0.00011,0.58003,0.00093,0.22804,-0.00052,0.70683,0.00056,0.70738,1,3,0.99778,0.06146,0.00404,-0.02541,0.07719,0.07986,0.63178,1,0
1768333695.770372,-0.04946,0.45058,-0.90897,-0.04559,-0.00294,-0.00031,0.58003,0.00093,0.22804,-0.00052,0.70683,0.00056,0.70738,1,3,0.99778,0.06146,0.00404,-0.02541,0.07719,0.07986,0.63178,1,0
1768333695.772402,-0.04144,0.45548,-0.92420,-0.04531,-0.00316,-0.00006,0.58007,0.00093,0.22804,-0.00052,0.70683,0.00056,0.70739,1,3,0.99778,0.06146,0.00404,-0.02541,0.07719,0.07986,0.63178,1,0
1768333695.774379,-0.04980,0.45041,-0.91679,-0.04515,-0.00243,-0.00072,0.58007,0.00093,0.22804,-0.00052,0.70683,0.00056,0.70739,1,3,0.99778,0.06146,0.00404,-0.02541,0.07719,0.07986,0.63178,1,0
1768333695.776394,-0.03663,0.45787,-0.90158,-0.04572,-0.00323,-0.00032,0.58011,0.00093,0.22804,-0.00051,0.70683,0.00055,0.70738,1,3,0.99778,0.06146,0.00404,-0.02541,0.07719,0.07986,0.63178,1,0
1768333695.778388,-0.07373,0.43150,-0.87800,-0.04626,-0.00315,-0.00052,0.58011,0.00093,0.22804,-0.00051,0.70683,0.00055,0.70738,1,3,0.99778,0.06146,0.00404,-0.02541,0.07719,0.07986,0.63178,1,0
1768333695.780415,-0.03520,0.44360,-0.89360,-0.04655,-0.00413,-0.00071,0.58011,0.00093,0.22804,-0.00051,0.70683,0.00055,0.70738,1,3,0.99778,0.06146,0.00404,-0.02541,0.07719,0.07986,0.63178,1,0
1768333695.782391,-0.03944,0.42544,-0.81700,-0.04239,-0.00457,-0.00010,0.58011,0.00093,0.22804,-0.00051,0.70683,0.00055,0.70738,1,3,0.99778,0.06146,0.00404,-0.02541,0.07719,0.07986,0.63178,1,0
1768333695.784421,-0.03321,0.39059,-0.77850,-0.04019,-0.00335,-0.00035,0.58015,0.00093,0.22805,-0.00052,0.70683,0.00056,0.70739,1,3,0.99778,0.06146,0.00404,-0.02541,0.07719,0.07986,0.63178,1,0
1768333695.786384,-0.05451,0.38837,-0.80882,-0.04001,-0.00297,-0.00048,0.58015,0.00093,0.22805,-0.00052,0.70683,0.00056,0.70739,1,3,0.99778,0.06146,0.00404,-0.02541,0.07719,0.07986,0.63178,1,0
1768333695.788382,-0.04740,0.42917,-0.88549,-0.04344,-0.00332,0.00012,0.58020,0.00093,0.22805,-0.00052,0.70683,0.00056,0.70739,1,3,0.99778,0.06146,0.00404,-0.02541,0.07719,0.07986,0.63178,1,0
1768333695.790393,-0.02269,0.44624,-0.96177,-0.04651,-0.00503,-0.00023,0.58020,0.00093,0.22805,-0.00052,0.70683,0.00056,0.70739,1,3,0.99778,0.06146,0.00404,-0.02541,0.07719,0.07986,0.63178,1,0
1768333695.792393,-0.04410,0.45735,-0.92436,-0.04682,-0.00276,-0.00033,0.58024,0.00093,0.22804,-0.00052,0.70683,0.00056,0.70738,1,3,0.99778,0.06146,0.00404,-0.02541,0.07719,0.07986,0.63178,1,0
1768333695.794392,-0.05965,0.45847,-0.88644,-0.04527,-0.00015,0.00065,0.58024,0.00093,0.22804,-0.00052,0.70683,0.00056,0.70738,1,3,0.99773,0.06228,0.00323,-0.02555,0.07742,0.07984,0.63193,1,0
1768333695.796400,-0.03758,0.46649,-0.90185,-0.04561,-0.00169,0.00022,0.58028,0.00093,0.22805,-0.00051,0.70683,0.00055,0.70739,1,3,0.99773,0.06228,0.00323,-0.02555,0.07742,0.07984,0.63193,1,0
1768333695.798380,-0.04458,0.48276,-0.90947,-0.04651,-0.00378,0.00022,0.58028,0.00093,0.22805,-0.00051,0.70683,0.00055,0.70739,1,3,0.99773,0.06228,0.00323,-0.02555,0.07742,0.07984,0.63193,1,0
1768333695.800420,-0.02450,0.47020,-0.87145,-0.04535,-0.00351,-0.00004,0.58032,0.00093,0.22805,-0.00052,0.70683,0.00056,0.70739,1,3,0.99773,0.06228,0.00323,-0.02555,0.07742,0.07984,0.63193,1,0
1768333695.802457,-0.06433,0.45439,-0.84075,-0.04314,-0.00315,-0.00051,0.58036,0.00093,0.22805,-0.00051,0.70682,0.00055,0.70739,1,3,0.99773,0.06228,0.00323,-0.02555,0.07742,0.07984,0.63193,1,0
1768333695.804439,-0.05475,0.44824,-0.85568,-0.04474,-0.00262,0.00001,0.58036,0.00093,0.22805,-0.00051,0.70682,0.00055,0.70739,1,3,0.99773,0.06228,0.00323,-0.02555,0.07742,0.07984,0.63193,1,0
1768333695.806417,-0.06288,0.42871,-0.86265,-0.04498,-0.00276,0.00015,0.58040,0.00093,0.22805,-0.00052,0.70682,0.00056,0.70739,1,3,0.99773,0.06228,0.00323,-0.02555,0.07742,0.07984,0.63193,1,0
1768333695.808398,-0.04211,0.42229,-0.83976,-0.04396,-0.00415,-0.00025,0.58040,0.00093,0.22805,-0.00052,0.70682,0.00056,0.70739,1,3,0.99773,0.06228,0.00323,-0.02555,0.07742,0.07984,0.63193,1,0
1768333695.810422,-0.04372,0.47593,-0.87185,-0.04288,-0.00291,-0.00057,0.58044,0.00093,0.22805,-0.00052,0.70682,0.00056,0.70739,1,3,0.99773,0.06228,0.00323,-0.02555,0.07742,0.07984,0.63193,1,0
1768333695.812428,-0.05649,0.47305,-0.86413,-0.04313,-0.00212,-0.00028,0.58044,0.00093,0.22805,-0.00052,0.70682,0.00056,0.70739,1,3,0.99773,0.06228,0.00323,-0.02555,0.07742,0.07984,0.63193,1,0
1768333695.814421,-0.04550,0.47244,-0.90961,-0.04554,-0.00263,-0.00032,0.58048,0.00093,0.22805,-0.00052,0.70683,0.00056,0.70738,1,3,0.99773,0.06228,0.00323,-0.02555,0.07742,0.07984,0.63193,1,0
1768333695.816428,-0.03128,0.44974,-0.92421,-0.04691,-0.00290,-0.00033,0.58048,0.00093,0.22805,-0.00052,0.70683,0.00056,0.70738,1,3,0.99773,0.06228,0.00323,-0.02555,0.07742,0.07984,0.63193,1,0
1768333695.818413,-0.04358,0.44755,-0.89374,-0.04715,-0.00288,-0.00043,0.58048,0.00093,0.22805,-0.00052,0.70683,0.00056,0.70738,1,3,0.99773,0.06228,0.00323,-0.02555,0.07742,0.07984,0.63193,1,0
1768333695.820420,-0.06151,0.46685,-0.94741,-0.04670,-0.00179,-0.00020,0.58052,0.00093,0.22805,-0.00052,0.70683,0.00056,0.70739,1,3,0.99773,0.06228,0.00323,-0.02555,0.07742,0.07984,0.63193,1,0
1768333695.822413,-0.06759,0.45089,-0.88621,-0.04449,-0.00234,-0.00027,0.58052,0.00093,0.22805,-0.00052,0.70683,0.00056,0.70739,1,3,0.99773,0.06228,0.00323,-0.02555,0.07742,0.07984,0.63193,1,0
1768333695.824413,-0.05143,0.41210,-0.87746,-0.04343,-0.00339,-0.00000,0.58056,0.00093,0.22805,-0.00052,0.70683,0.00056,0.70738,1,3,0.99773,0.06228,0.00323,-0.02555,0.07742,0.07984,0.63193,1,0
1768333695.826407,-0.03402,0.43099,-0.87795,-0.04429,-0.00323,0.00024,0.58056,0.00093,0.22805,-0.00052,0.70683,0.00056,0.70738,1,3,0.99773,0.06228,0.00323,-0.02555,0.07742,0.07984,0.63193,1,0
1768333695.828399,-0.02883,0.44240,-0.90896,-0.04525,-0.00242,-0.00033,0.58060,0.00093,0.22804,-0.00052,0.70683,0.00056,0.70738,1,3,0.99773,0.06228,0.00323,-0.02555,0.07742,0.07984,0.63193,1,0
1768333695.830410,-0.04048,0.45911,-0.93211,-0.04658,-0.00191,-0.00020,0.58060,0.00093,0.22804,-0.00052,0.70683,0.00056,0.70738,1,3,0.99773,0.06228,0.00323,-0.02555,0.07742,0.07984,0.63193,1,0
1768333695.832413,-0.02297,0.46420,-0.90965,-0.04673,-0.00252,-0.00074,0.58064,0.00093,0.22804,-0.00052,0.70683,0.00056,0.70738,1,3,0.99772,0.06268,0.00415,-0.02474,0.07763,0.07980,0.63195,1,0
1768333695.834440,-0.04904,0.45105,-0.87089,-0.04580,-0.00358,-0.00027,0.58064,0.00093,0.22804,-0.00052,0.70683,0.00056,0.70738,1,3,0.99772,0.06268,0.00415,-0.02474,0.07763,0.07980,0.63195,1,0
1768333695.836454,-0.02526,0.45655,-0.83298,-0.04420,-0.00451,-0.00000,0.58068,0.00093,0.22804,-0.00052,0.70683,0.00056,0.70738,1,3,0.99772,0.06268,0.00415,-0.02474,0.07763,0.07980,0.63195,1,0
1768333695.838458,-0.02366,0.43891,-0.85547,-0.04201,-0.00336,0.00025,0.58068,0.00093,0.22804,-0.00052,0.70683,0.00056,0.70738,1,3,0.99772,0.06268,0.00415,-0.02474,0.07763,0.07980,0.63195,1,0
1768333695.840497,-0.05215,0.42151,-0.82480,-0.04288,-0.00238,-0.00024,0.58072,0.00093,0.22804,-0.00052,0.70683,0.00056,0.70738,1,3,0.99772,0.06268,0.00415,-0.02474,0.07763,0.07980,0.63195,1,0
1768333695.842422,-0.03883,0.46355,-0.85625,-0.04346,-0.00321,-0.00042,0.58076,0.00093,0.22804,-0.00052,0.70683,0.00056,0.70738,1,3,0.99772,0.06268,0.00415,-0.02474,0.07763,0.07980,0.63195,1,0
1768333695.844438,-0.03078,0.45728,-0.82576,-0.04376,-0.00190,0.00013,0.58076,0.00093,0.22804,-0.00052,0.70683,0.00056,0.70738,1,3,0.99772,0.06268,0.00415,-0.02474,0.07763,0.07980,0.63195,1,0
1768333695.846448,-0.03398,0.45894,-0.87896,-0.04505,-0.00135,0.00023,0.58080,0.00093,0.22804,-0.00052,0.70683,0.00056,0.70738,1,3,0.99772,0.06268,0.00415,-0.02474,0.07763,0.07980,0.63195,1,0
1768333695.848555,-0.01958,0.47582,-0.88706,-0.04659,-0.00180,-0.00006,0.58080,0.00093,0.22804,-0.00052,0.70683,0.00056,0.70738,1,3,0.99772,0.06268,0.00415,-0.02474,0.07763,0.07980,0.63195,1,0
1768333695.850431,-0.02386,0.45376,-0.86369,-0.04642,-0.00173,-0.00003,0.58084,0.00093,0.22804,-0.00052,0.70683,0.00056,0.70738,1,3,0.99772,0.06268,0.00415,-0.02474,0.07763,0.07980,0.63195,1,0
1768333695.852522,-0.04669,0.45760,-0.86358,-0.04463,-0.00222,0.00012,0.58084,0.00093,0.22804,-0.00052,0.70683,0.00056,0.70738,1,3,0.99772,0.06268,0.00415,-0.02474,0.07763,0.07980,0.63195,1,0
1768333695.854468,-0.05658,0.43379,-0.81760,-0.04273,-0.00209,-0.00037,0.58088,0.00093,0.22804,-0.00052,0.70683,0.00056,0.70738,1,3,0.99772,0.06268,0.00415,-0.02474,0.07763,0.07980,0.63195,1,0
1768333695.856428,-0.06400,0.41772,-0.84735,-0.04446,-0.00108,0.00043,0.58088,0.00093,0.22804,-0.00052,0.70683,0.00056,0.70738,1,3,0.99772,0.06268,0.00415,-0.02474,0.07763,0.07980,0.63195,1,0
1768333695.858429,-0.05136,0.42526,-0.81734,-0.04415,-0.00138,0.00004,0.58088,0.00093,0.22804,-0.00052,0.70683,0.00056,0.70738,1,3,0.99772,0.06268,0.00415,-0.02474,0.07763,0.07980,0.63195,1,0
1768333695.860439,-0.02527,0.47010,-0.87152,-0.04469,-0.00312,-0.00004,0.58092,0.00093,0.22804,-0.00052,0.70683,0.00056,0.70738,1,3,0.99772,0.06268,0.00415,-0.02474,0.07763,0.07980,0.63195,1,0
1768333695.862431,-0.03601,0.46255,-0.90935,-0.04632,-0.00311,-0.00046,0.58092,0.00093,0.22804,-0.00052,0.70683,0.00056,0.70738,1,3,0.99772,0.06268,0.00415,-0.02474,0.07763,0.07980,0.63195,1,0
1768333695.864442,-0.06966,0.45163,-0.91669,-0.04711,-0.00105,-0.00016,0.58096,0.00093,0.22804,-0.00052,0.70683,0.00056,0.70738,1,3,0.99772,0.06268,0.00415,-0.02474,0.07763,0.07980,0.63195,1,0
1768333695.866451,-0.03950,0.48473,-0.91004,-0.04692,-0.00310,-0.00086,0.58096,0.00093,0.22804,-0.00052,0.70683,0.00056,0.70738,1,3,0.99764,0.06355,0.00427,-0.02570,0.07783,0.07973,0.63175,1,0
1768333695.868439,-0.02280,0.46029,-0.93967,-0.04656,-0.00391,-0.00063,0.58100,0.00093,0.22804,-0.00052,0.70683,0.00056,0.70738,1,3,0.99764,0.06355,0.00427,-0.02570,0.07783,0.07973,0.63175,1,0
1768333695.870439,-0.03570,0.42362,-0.88534,-0.04635,-0.00384,-0.00016,0.58100,0.00093,0.22804,-0.00052,0.70683,0.00056,0.70738,1,3,0.99764,0.06355,0.00427,-0.02570,0.07783,0.07973,0.63175,1,0
1768333695.872444,-0.04633,0.42384,-0.87787,-0.04438,-0.00308,-0.00014,0.58104,0.00093,0.22804,-0.00052,0.70684,0.00056,0.70738,1,3,0.99764,0.06355,0.00427,-0.02570,0.07783,0.07973,0.63175,1,0
1768333695.874437,-0.05129,0.42046,-0.82472,-0.04420,-0.00162,0.00017,0.58108,0.00093,0.22803,-0.00052,0.70684,0.00056,0.70737,1,3,0.99764,0.06355,0.00427,-0.02570,0.07783,0.07973,0.63175,1,0
1768333695.876516,-0.05908,0.44166,-0.84036,-0.04417,-0.00320,-0.00038,0.58108,0.00093,0.22803,-0.00052,0.70684,0.00056,0.70737,1,3,0.99764,0.06355,0.00427,-0.02570,0.07783,0.07973,0.63175,1,0
1768333695.878444,-0.04472,0.44409,-0.87823,-0.04567,-0.00426,-0.00028,0.58112,0.00093,0.22803,-0.00052,0.70684,0.00056,0.70737,1,3,0.99764,0.06355,0.00427,-0.02570,0.07783,0.07973,0.63175,1,0
1768333695.880487,-0.03537,0.46722,-0.88657,-0.04713,-0.00312,-0.00017,0.58112,0.00093,0.22803,-0.00052,0.70684,0.00056,0.70737,1,3,0.99764,0.06355,0.00427,-0.02570,0.07783,0.07973,0.63175,1,0
1768333695.882449,-0.05389,0.45226,-0.84076,-0.04579,-0.00175,-0.00012,0.58116,0.00093,0.22804,-0.00052,0.70684,0.00056,0.70738,1,3,0.99764,0.06355,0.00427,-0.02570,0.07783,0.07973,0.63175,1,0
1768333695.884447,-0.04116,0.46918,-0.88676,-0.04602,-0.00191,-0.00004,0.58116,0.00093,0.22804,-0.00052,0.70684,0.00056,0.70738,1,3,0.99764,0.06355,0.00427,-0.02570,0.07783,0.07973,0.63175,1,0
1768333695.886458,-0.01611,0.47488,-0.86410,-0.04529,-0.00336,-0.00018,0.58116,0.00093,0.22804,-0.00052,0.70684,0.00056,0.70738,1,3,0.99764,0.06355,0.00427,-0.02570,0.07783,0.07973,0.63175,1,0
1768333695.888454,-0.02406,0.46506,-0.89405,-0.04585,-0.00351,0.00008,0.58120,0.00093,0.22803,-0.00052,0.70684,0.00056,0.70737,1,3,0.99764,0.06355,0.00427,-0.02570,0.07783,0.07973,0.63175,1,0
1768333695.890444,-0.06367,0.46332,-0.89401,-0.04434,-0.00265,-0.00002,0.58120,0.00093,0.22803,-0.00052,0.70684,0.00056,0.70737,1,3,0.99764,0.06355,0.00427,-0.02570,0.07783,0.07973,0.63175,1,0
1768333695.892463,-0.04591,0.46271,-0.84090,-0.04522,-0.00261,0.00001,0.58124,0.00093,0.22804,-0.00052,0.70684,0.00056,0.70738,1,3,0.99764,0.06355,0.00427,-0.02570,0.07783,0.07973,0.63175,1,0
1768333695.894474,-0.03432,0.45148,-0.84823,-0.04361,-0.00376,-0.00028,0.58124,0.00093,0.22804,-0.00052,0.70684,0.00056,0.70738,1,3,0.99764,0.06355,0.00427,-0.02570,0.07783,0.07973,0.63175,1,0
1768333695.896487,-0.02051,0.46812,-0.84122,-0.04472,-0.00369,-0.00056,0.58128,0.00093,0.22804,-0.00052,0.70684,0.00056,0.70738,1,3,0.99763,0.06430,0.00327,-0.02414,0.07809,0.07972,0.63200,1,0
1768333695.898477,-0.04253,0.44479,-0.78772,-0.04435,-0.00126,-0.00049,0.58128,0.00093,0.22804,-0.00052,0.70684,0.00056,0.70738,1,3,0.99763,0.06430,0.00327,-0.02414,0.07809,0.07972,0.63200,1,0
1768333695.900486,-0.04540,0.46647,-0.84882,-0.04605,-0.00136,-0.00014,0.58132,0.00093,0.22803,-0.00052,0.70684,0.00056,0.70737,1,3,0.99763,0.06430,0.00327,-0.02414,0.07809,0.07972,0.63200,1,0
1768333695.902510,-0.04526,0.45814,-0.86339,-0.04571,-0.00337,0.00013,0.58132,0.00093,0.22803,-0.00052,0.70684,0.00056,0.70737,1,3,0.99763,0.06430,0.00327,-0.02414,0.07809,0.07972,0.63200,1,0
1768333695.904471,-0.01514,0.48425,-0.89503,-0.04605,-0.00288,-0.00088,0.58136,0.00093,0.22803,-0.00052,0.70684,0.00056,0.70737,1,3,0.99763,0.06430,0.00327,-0.02414,0.07809,0.07972,0.63200,1,0
1768333695.906466,-0.06618,0.44434,-0.90877,-0.04654,-0.00120,0.00025,0.58140,0.00093,0.22803,-0.00052,0.70684,0.00056,0.70737,1,3,0.99763,0.06430,0.00327,-0.02414,0.07809,0.07972,0.63200,1,0
1768333695.908458,-0.05300,0.47615,-0.90972,-0.04703,-0.00139,-0.00005,0.58140,0.00093,0.22803,-0.00052,0.70684,0.00056,0.70737,1,3,0.99763,0.06430,0.00327,-0.02414,0.07809,0.07972,0.63200,1,0
1768333695.910469,-0.03291,0.44003,-0.85559,-0.04549,-0.00250,-0.00001,0.58144,0.00093,0.22803,-0.00052,0.70684,0.00056,0.70737,1,3,0.99763,0.06430,0.00327,-0.02414,0.07809,0.07972,0.63200,1,0
1768333695.912469,-0.02889,0.45838,-0.86341,-0.04505,-0.00395,0.00011,0.58144,0.00093,0.22803,-0.00052,0.70684,0.00056,0.70737,1,3,0.99763,0.06430,0.00327,-0.02414,0.07809,0.07972,0.63200,1,0
1768333695.914452,-0.02810,0.43234,-0.87041,-0.04624,-0.00267,0.00038,0.58148,0.00093,0.22803,-0.00052,0.70684,0.00056,0.70737,1,3,0.99763,0.06430,0.00327,-0.02414,0.07809,0.07972,0.63200,1,0
1768333695.916477,-0.04127,0.45463,-0.89395,-0.04576,-0.00215,-0.00004,0.58148,0.00093,0.22803,-0.00052,0.70684,0.00056,0.70737,1,3,0.99763,0.06430,0.00327,-0.02414,0.07809,0.07972,0.63200,1,0
1768333695.918457,-0.04776,0.44496,-0.90894,-0.04719,-0.00258,-0.00057,0.58148,0.00093,0.22803,-0.00052,0.70684,0.00056,0.70737,1,3,0.99763,0.06430,0.00327,-0.02414,0.07809,0.07972,0.63200,1,0
1768333695.920474,-0.02399,0.45544,-0.87121,-0.04553,-0.00351,-0.00044,0.58152,0.00093,0.22803,-0.00052,0.70684,0.00056,0.70737,1,3,0.99763,0.06430,0.00327,-0.02414,0.07809,0.07972,0.63200,1,0
1768333695.922481,-0.04919,0.46053,-0.89393,-0.04590,-0.00320,-0.00016,0.58152,0.00093,0.22803,-0.00052,0.70684,0.00056,0.70737,1,3,0.99763,0.06430,0.00327,-0.02414,0.07809,0.07972,0.63200,1,0
1768333695.924497,-0.03211,0.45443,-0.88634,-0.04641,-0.00239,-0.00004,0.58156,0.00093,0.22803,-0.00052,0.70685,0.00056,0.70737,1,3,0.99763,0.06430,0.00327,-0.02414,0.07809,0.07972,0.63200,1,0
1768333695.926508,-0.06773,0.41711,-0.87016,-0.04381,-0.00295,-0.00052,0.58156,0.00093,0.22803,-0.00052,0.70685,0.00056,0.70737,1,3,0.99763,0.06430,0.00327,-0.02414,0.07809,0.07972,0.63200,1,0
1768333695.928483,-0.03774,0.45323,-0.81790,-0.04468,-0.00309,-0.00011,0.58160,0.00093,0.22803,-0.00052,0.70684,0.00056,0.70737,1,3,0.99763,0.06430,0.00327,-0.02414,0.07809,0.07972,0.63200,1,0
1768333695.930514,-0.03421,0.43623,-0.85551,-0.04379,-0.00324,-0.00028,0.58160,0.00093,0.22803,-0.00052,0.70684,0.00056,0.70737,1,3,0.99757,0.06478,0.00351,-0.02525,0.07830,0.07969,0.63197,1,0
1768333695.932492,-0.05032,0.46950,-0.85656,-0.04514,-0.00156,-0.00041,0.58164,0.00093,0.22803,-0.00052,0.70684,0.00056,0.70737,1,3,0.99757,0.06478,0.00351,-0.02525,0.07830,0.07969,0.63197,1,0
1768333695.934501,-0.04104,0.46886,-0.86402,-0.04624,-0.00153,-0.00002,0.58164,0.00093,0.22803,-0.00052,0.70684,0.00056,0.70737,1,3,0.99757,0.06478,0.00351,-0.02525,0.07830,0.07969,0.63197,1,0
1768333695.936515,-0.04225,0.45041,-0.83316,-0.04450,-0.00240,-0.00026,0.58168,0.00093,0.22803,-0.00052,0.70684,0.00056,0.70737,1,3,0.99757,0.06478,0.00351,-0.02525,0.07830,0.07969,0.63197,1,0
1768333695.938482,-0.01972,0.43034,-0.80993,-0.04211,-0.00189,0.00028,0.58172,0.00093,0.22803,-0.00052,0.70684,0.00056,0.70737,1,3,0.99757,0.06478,0.00351,-0.02525,0.07830,0.07969,0.63197,1,0
1768333695.940537,-0.05212,0.46432,-0.84136,-0.04367,-0.00064,-0.00027,0.58172,0.00093,0.22803,-0.00052,0.70684,0.00056,0.70737,1,3,0.99757,0.06478,0.00351,-0.02525,0.07830,0.07969,0.63197,1,0
1768333695.942479,-0.04199,0.45897,-0.85613,-0.04548,-0.00126,0.00026,0.58177,0.00093,0.22804,-0.00052,0.70684,0.00056,0.70737,1,3,0.99757,0.06478,0.00351,-0.02525,0.07830,0.07969,0.63197,1,0
1768333695.944479,-0.03750,0.45688,-0.87902,-0.04529,-0.00170,-0.00030,0.58177,0.00093,0.22804,-0.00052,0.70684,0.00056,0.70737,1,3,0.99757,0.06478,0.00351,-0.02525,0.07830,0.07969,0.63197,1,0
1768333695.946505,-0.01128,0.47666,-0.87953,-0.04592,-0.00279,-0.00046,0.58180,0.00093,0.22803,-0.00052,0.70684,0.00056,0.70737,1,3,0.99757,0.06478,0.00351,-0.02525,0.07830,0.07969,0.63197,1,0
1768333695.948479,-0.03726,0.43625,-0.87840,-0.04598,-0.00091,0.00024,0.58180,0.00093,0.22803,-0.00052,0.70684,0.00056,0.70737,1,3,0.99757,0.06478,0.00351,-0.02525,0.07830,0.07969,0.63197,1,0
1768333695.950480,-0.02763,0.41675,-0.89291,-0.04687,-0.00190,0.00037,0.58180,0.00093,0.22803,-0.00052,0.70684,0.00056,0.70737,1,3,0.99757,0.06478,0.00351,-0.02525,0.07830,0.07969,0.63197,1,0
1768333695.952473,-0.03339,0.42950,-0.87073,-0.04519,-0.00147,-0.00016,0.58185,0.00093,0.22803,-0.00052,0.70684,0.00056,0.70737,1,3,0.99757,0.06478,0.00351,-0.02525,0.07830,0.07969,0.63197,1,0
1768333695.954497,-0.03428,0.42976,-0.87075,-0.04431,-0.00146,-0.00016,0.58185,0.00093,0.22803,-0.00052,0.70684,0.00056,0.70737,1,3,0.99757,0.06478,0.00351,-0.02525,0.07830,0.07969,0.63197,1,0
1768333695.956500,-0.04048,0.42573,-0.90840,-0.04589,-0.00303,-0.00044,0.58189,0.00093,0.22804,-0.00052,0.70684,0.00056,0.70737,1,3,0.99757,0.06478,0.00351,-0.02525,0.07830,0.07969,0.63197,1,0
1768333695.958504,-0.03734,0.44233,-0.87082,-0.04547,-0.00219,0.00011,0.58189,0.00093,0.22804,-0.00052,0.70684,0.00056,0.70737,1,3,0.99757,0.06478,0.00351,-0.02525,0.07830,0.07969,0.63197,1,0
1768333695.960501,-0.03478,0.43595,-0.83263,-0.04358,-0.00285,0.00014,0.58193,0.00093,0.22804,-0.00052,0.70684,0.00056,0.70738,1,3,0.99757,0.06478,0.00351,-0.02525,0.07830,0.07969,0.63197,1,0
1768333695.962509,-0.04468,0.46548,-0.78829,-0.04213,-0.00163,-0.00064,0.58193,0.00093,0.22804,-0.00052,0.70684,0.00056,0.70738,1,3,0.99755,0.06544,0.00153,-0.02472,0.07854,0.07966,0.63213,1,0
1768333695.964514,-0.03379,0.45029,-0.83318,-0.04450,-0.00250,-0.00027,0.58197,0.00093,0.22804,-0.00052,0.70684,0.00056,0.70738,1,3,0.99755,0.06544,0.00153,-0.02472,0.07854,0.07966,0.63213,1,0
1768333695.966517,-0.04116,0.45428,-0.89399,-0.04598,-0.00177,-0.00004,0.58197,0.00093,0.22804,-0.00052,0.70684,0.00056,0.70738,1,3,0.99755,0.06544,0.00153,-0.02472,0.07854,0.07966,0.63213,1,0
1768333695.968519,-0.05672,0.45361,-0.88638,-0.04752,-0.00095,-0.00002,0.58201,0.00093,0.22804,-0.00052,0.70683,0.00056,0.70738,1,3,0.99755,0.06544,0.00153,-0.02472,0.07854,0.07966,0.63213,1,0
1768333695.970518,-0.03207,0.48867,-0.86454,-0.04665,-0.00204,-0.00017,0.58205,0.00093,0.22804,-0.00052,0.70683,0.00056,0.70738,1,3,0.99755,0.06544,0.00153,-0.02472,0.07854,0.07966,0.63213,1,0
1768333695.972520,-0.02081,0.43302,-0.84003,-0.04492,-0.00327,0.00040,0.58205,0.00093,0.22804,-0.00052,0.70683,0.00056,0.70738,1,3,0.99755,0.06544,0.00153,-0.02472,0.07854,0.07966,0.63213,1,0
1768333695.974505,-0.03452,0.41628,-0.80203,-0.04338,-0.00260,-0.00050,0.58209,0.00093,0.22804,-0.00052,0.70683,0.00056,0.70738,1,3,0.99755,0.06544,0.00153,-0.02472,0.07854,0.07966,0.63213,1,0
1768333695.976499,-0.01915,0.40083,-0.84727,-0.04225,-0.00200,-0.00015,0.58209,0.00093,0.22804,-0.00052,0.70683,0.00056,0.70738,1,3,0.99755,0.06544,0.00153,-0.02472,0.07854,0.07966,0.63213,1,0
1768333695.978523,-0.01632,0.43289,-0.80257,-0.04121,-0.00168,0.00001,0.58213,0.00093,0.22804,-0.00052,0.70683,0.00056,0.70738,1,3,0.99755,0.06544,0.00153,-0.02472,0.07854,0.07966,0.63213,1,0
1768333695.980502,-0.03024,0.45808,-0.82559,-0.04396,-0.00305,0.00014,0.58213,0.00093,0.22804,-0.00052,0.70683,0.00056,0.70738,1,3,0.99755,0.06544,0.00153,-0.02472,0.07854,0.07966,0.63213,1,0
1768333695.982557,-0.03213,0.48922,-0.90261,-0.04621,-0.00255,-0.00060,0.58213,0.00093,0.22804,-0.00052,0.70683,0.00056,0.70738,1,3,0.99755,0.06544,0.00153,-0.02472,0.07854,0.07966,0.63213,1,0
1768333695.984527,-0.05210,0.49572,-0.89487,-0.04810,-0.00167,0.00023,0.58217,0.00093,0.22805,-0.00052,0.70682,0.00056,0.70739,1,3,0.99755,0.06544,0.00153,-0.02472,0.07854,0.07966,0.63213,1,0
1768333695.986523,-0.04811,0.48857,-0.87948,-0.04775,-0.00197,0.00024,0.58217,0.00093,0.22805,-0.00052,0.70682,0.00056,0.70739,1,3,0.99755,0.06544,0.00153,-0.02472,0.07854,0.07966,0.63213,1,0
1768333695.988535,-0.02868,0.48250,-0.87941,-0.04542,-0.00334,-0.00018,0.58221,0.00093,0.22805,-0.00052,0.70682,0.00056,0.70739,1,3,0.99755,0.06544,0.00153,-0.02472,0.07854,0.07966,0.63213,1,0
1768333695.990527,-0.01660,0.43514,-0.82508,-0.04490,-0.00282,0.00013,0.58221,0.00093,0.22805,-0.00052,0.70682,0.00056,0.70739,1,3,0.99755,0.06544,0.00153,-0.02472,0.07854,0.07966,0.63213,1,0
1768333695.992523,-0.03401,0.41004,-0.83238,-0.04433,-0.00133,-0.00039,0.58225,0.00093,0.22805,-0.00052,0.70682,0.00056,0.70739,1,3,0.99755,0.06544,0.00153,-0.02472,0.07854,0.07966,0.63213,1,0
1768333695.994526,-0.01852,0.43893,-0.85597,-0.04354,-0.00077,-0.00003,0.58225,0.00093,0.22805,-0.00052,0.70682,0.00056,0.70739,1,3,0.99755,0.06544,0.00153,-0.02472,0.07854,0.07966,0.63213,1,0
1768333695.996528,-0.03195,0.44865,-0.86368,-0.04670,-0.00125,-0.00029,0.58225,0.00093,0.22805,-0.00052,0.70682,0.00056,0.70739,1,3,0.99755,0.06544,0.00153,-0.02472,0.07854,0.07966,0.63213,1,0
1768333695.998529,-0.02012,0.45637,-0.88631,-0.04617,-0.00215,0.00049,0.58229,0.00093,0.22805,-0.00052,0.70682,0.00056,0.70739,1,3,0.99755,0.06544,0.00153,-0.02472,0.07854,0.07966,0.63213,1,0
1768333696.000532,-0.02397,0.45901,-0.87884,-0.04636,-0.00223,0.00023,0.58233,0.00093,0.22805,-0.00052,0.70682,0.00056,0.70739,1,3,0.99749,0.06605,0.00439,-0.02501,0.07874,0.07961,0.63203,1,0
1768333696.002545,-0.05384,0.46089,-0.92449,-0.04656,-0.00073,0.00035,0.58233,0.00093,0.22805,-0.00052,0.70682,0.00056,0.70739,1,3,0.99749,0.06605,0.00439,-0.02501,0.07874,0.07961,0.63203,1,0
1768333696.004525,-0.04548,0.46622,-0.88684,-0.04605,-0.00110,-0.00017,0.58237,0.00093,0.22805,-0.00052,0.70682,0.00056,0.70739,1,3,0.99749,0.06605,0.00439,-0.02501,0.07874,0.07961,0.63203,1,0
1768333696.006553,-0.04920,0.44001,-0.84034,-0.04615,-0.00217,0.00002,0.58237,0.00093,0.22805,-0.00052,0.70682,0.00056,0.70739,1,3,0.99749,0.06605,0.00439,-0.02501,0.07874,0.07961,0.63203,1,0
1768333696.008543,-0.02895,0.43345,-0.82492,-0.04492,-0.00343,0.00001,0.58241,0.00093,0.22805,-0.00052,0.70682,0.00056,0.70739,1,3,0.99749,0.06605,0.00439,-0.02501,0.07874,0.07961,0.63203,1,0
1768333696.010554,-0.01108,0.43005,-0.81756,-0.04234,-0.00186,0.00026,0.58245,0.00093,0.22805,-0.00052,0.70682,0.00056,0.70739,1,3,0.99749,0.06605,0.00439,-0.02501,0.07874,0.07961,0.63203,1,0
1768333696.012554,-0.02461,0.46268,-0.80345,-0.04129,-0.00161,-0.00040,0.58245,0.00093,0.22805,-0.00052,0.70682,0.00056,0.70739,1,3,0.99749,0.06605,0.00439,-0.02501,0.07874,0.07961,0.63203,1,0
1768333696.014547,-0.04354,0.45516,-0.84088,-0.04356,-0.00187,0.00000,0.58249,0.00093,0.22805,-0.00052,0.70682,0.00056,0.70739,1,3,0.99749,0.06605,0.00439,-0.02501,0.07874,0.07961,0.63203,1,0
1768333696.016546,-0.03467,0.47701,-0.89431,-0.04789,-0.00339,-0.00004,0.58249,0.00093,0.22805,-0.00052,0.70682,0.00056,0.70739,1,3,0.99749,0.06605,0.00439,-0.02501,0.07874,0.07961,0.63203,1,0
1768333696.018562,-0.03011,0.48300,-0.87191,-0.04869,-0.00193,-0.00004,0.58253,0.00093,0.22805,-0.00052,0.70682,0.00056,0.70739,1,3,0.99749,0.06605,0.00439,-0.02501,0.07874,0.07961,0.63203,1,0
1768333696.020561,-0.03553,0.46189,-0.90182,-0.04698,-0.00249,-0.00045,0.58253,0.00093,0.22805,-0.00052,0.70682,0.00056,0.70739,1,3,0.99749,0.06605,0.00439,-0.02501,0.07874,0.07961,0.63203,1,0
1768333696.022579,-0.03532,0.43020,-0.80983,-0.04343,-0.00170,0.00029,0.58253,0.00093,0.22805,-0.00052,0.70682,0.00056,0.70739,1,3,0.99749,0.06605,0.00439,-0.02501,0.07874,0.07961,0.63203,1,0
1768333696.024541,0.00189,0.41782,-0.83235,-0.04248,-0.00251,0.00038,0.58253,0.00093,0.22805,-0.00052,0.70682,0.00056,0.70739,1,3,0.99749,0.06605,0.00439,-0.02501,0.07874,0.07961,0.63203,1,0
1768333696.026552,-0.01567,0.44697,-0.82597,-0.04191,-0.00094,-0.00042,0.58257,0.00093,0.22805,-0.00052,0.70682,0.00056,0.70739,1,3,0.99749,0.06605,0.00439,-0.02501,0.07874,0.07961,0.63203,1,0
1768333696.028559,-0.02310,0.44890,-0.89399,-0.04692,-0.00199,-0.00032,0.58257,0.00093,0.22805,-0.00052,0.70682,0.00056,0.70739,1,3,0.99749,0.06605,0.00439,-0.02501,0.07874,0.07961,0.63203,1,0
1768333696.030544,-0.02199,0.44925,-0.87107,-0.04779,-0.00277,-0.00030,0.58261,0.00093,0.22804,-0.00052,0.70682,0.00056,0.70739,1,3,0.99749,0.06605,0.00439,-0.02501,0.07874,0.07961,0.63203,1,0
1768333696.032565,-0.03619,0.48042,-0.87930,-0.04741,-0.00134,0.00063,0.58261,0.00093,0.22804,-0.00052,0.70682,0.00056,0.70739,1,3,0.99742,0.06692,0.00317,-0.02588,0.07894,0.07955,0.63186,1,0
1768333696.034570,-0.03248,0.45346,-0.89411,-0.04643,-0.00111,-0.00005,0.58265,0.00093,0.22805,-0.00052,0.70682,0.00056,0.70739,1,3,0.99742,0.06692,0.00317,-0.02588,0.07894,0.07955,0.63186,1,0
1768333696.036589,-0.04843,0.43880,-0.86325,-0.04726,-0.00104,-0.00000,0.58269,0.00093,0.22804,-0.00052,0.70683,0.00056,0.70739,1,3,0.99742,0.06692,0.00317,-0.02588,0.07894,0.07955,0.63186,1,0
1768333696.038602,-0.03655,0.41771,-0.81703,-0.04598,-0.00231,0.00003,0.58273,0.00093,0.22804,-0.00052,0.70683,0.00056,0.70739,1,3,0.99742,0.06692,0.00317,-0.02588,0.07894,0.07955,0.63186,1,0
1768333696.040573,-0.02667,0.41142,-0.78652,-0.04300,-0.00293,0.00004,0.58273,0.00093,0.22804,-0.00052,0.70683,0.00056,0.70739,1,3,0.99742,0.06692,0.00317,-0.02588,0.07894,0.07955,0.63186,1,0
1768333696.042625,-0.03581,0.43584,-0.81754,-0.04270,-0.00233,0.00015,0.58277,0.00093,0.22804,-0.00052,0.70683,0.00056,0.70739,1,3,0.99742,0.06692,0.00317,-0.02588,0.07894,0.07955,0.63186,1,0
1768333696.044608,-0.00643,0.43208,-0.81037,-0.04253,-0.00130,-0.00041,0.58277,0.00093,0.22804,-0.00052,0.70683,0.00056,0.70739,1,3,0.99742,0.06692,0.00317,-0.02588,0.07894,0.07955,0.63186,1,0
1768333696.046609,-0.02332,0.43833,-0.91653,-0.04705,-0.00121,-0.00007,0.58281,0.00093,0.22804,-0.00052,0.70683,0.00056,0.70739,1,3,0.99742,0.06692,0.00317,-0.02588,0.07894,0.07955,0.63186,1,0
1768333696.048597,-0.01889,0.45591,-0.89425,-0.04705,-0.00166,-0.00033,0.58281,0.00093,0.22804,-0.00052,0.70683,0.00056,0.70739,1,3,0.99742,0.06692,0.00317,-0.02588,0.07894,0.07955,0.63186,1,0
1768333696.050584,-0.03081,0.51280,-0.88010,-0.04833,-0.00219,0.00035,0.58281,0.00093,0.22804,-0.00052,0.70683,0.00056,0.70739,1,3,0.99742,0.06692,0.00317,-0.02588,0.07894,0.07955,0.63186,1,0
1768333696.052576,-0.04355,0.48095,-0.86412,-0.04806,-0.00189,0.00025,0.58285,0.00093,0.22804,-0.00052,0.70683,0.00056,0.70739,1,3,0.99742,0.06692,0.00317,-0.02588,0.07894,0.07955,0.63186,1,0
1768333696.054578,-0.04026,0.45047,-0.83300,-0.04624,-0.00318,-0.00025,0.58285,0.00093,0.22804,-0.00052,0.70683,0.00056,0.70739,1,3,0.99742,0.06692,0.00317,-0.02588,0.07894,0.07955,0.63186,1,0
1768333696.056569,-0.04623,0.42775,-0.83246,-0.04499,-0.00194,0.00016,0.58285,0.00093,0.22804,-0.00052,0.70683,0.00056,0.70739,1,3,0.99742,0.06692,0.00317,-0.02588,0.07894,0.07955,0.63186,1,0
1768333696.058572,-0.04023,0.43338,-0.75697,-0.04230,-0.00178,-0.00034,0.58289,0.00093,0.22804,-0.00052,0.70683,0.00056,0.70738,1,3,0.99742,0.06692,0.00317,-0.02588,0.07894,0.07955,0.63186,1,0
1768333696.060565,-0.02382,0.42787,-0.82492,-0.04236,-0.00196,0.00054,0.58289,0.00093,0.22804,-0.00052,0.70683,0.00056,0.70738,1,3,0.99742,0.06692,0.00317,-0.02588,0.07894,0.07955,0.63186,1,0
1768333696.062590,-0.04192,0.45066,-0.81031,-0.04471,-0.00278,-0.00024,0.58293,0.00093,0.22804,-0.00052,0.70683,0.00056,0.70739,1,3,0.99742,0.06692,0.00317,-0.02588,0.07894,0.07955,0.63186,1,0
1768333696.064592,-0.01248,0.44327,-0.84813,-0.04436,-0.00364,-0.00029,0.58293,0.00093,0.22804,-0.00052,0.70683,0.00056,0.70739,1,3,0.99742,0.06692,0.00317,-0.02588,0.07894,0.07955,0.63186,1,0
1768333696.066603,-0.04895,0.43509,-0.86310,-0.04621,-0.00218,-0.00027,0.58297,0.00093,0.22804,-0.00052,0.70683,0.00056,0.70739,1,3,0.99742,0.06692,0.00317,-0.02588,0.07894,0.07955,0.63186,1,0
1768333696.068594,-0.03286,0.44942,-0.84066,-0.04582,-0.00200,0.00013,0.58297,0.00093,0.22804,-0.00052,0.70683,0.00056,0.70739,1,3,0.99755,0.06687,0.00161,-0.02029,0.07928,0.07963,0.63280,1,0
1768333696.070631,-0.04076,0.43620,-0.87055,-0.04554,-0.00367,-0.00028,0.58301,0.00093,0.22804,-0.00052,0.70683,0.00056,0.70738,1,3,0.99755,0.06687,0.00161,-0.02029,0.07928,0.07963,0.63280,1,0
1768333696.072596,-0.02718,0.48330,-0.87176,-0.04628,-0.00464,-0.00057,0.58301,0.00093,0.22804,-0.00052,0.70683,0.00056,0.70738,1,3,0.99755,0.06687,0.00161,-0.02029,0.07928,0.07963,0.63280,1,0
1768333696.074616,-0.04026,0.45108,-0.91643,-0.04602,-0.00407,-0.00032,0.58305,0.00093,0.22804,-0.00052,0.70683,0.00056,0.70739,1,3,0.99755,0.06687,0.00161,-0.02029,0.07928,0.07963,0.63280,1,0
1768333696.076620,-0.02821,0.45627,-0.86369,-0.04639,-0.00168,0.00011,0.58309,0.00093,0.22804,-0.00052,0.70683,0.00056,0.70739,1,3,0.99755,0.06687,0.00161,-0.02029,0.07928,0.07963,0.63280,1,0
1768333696.078638,-0.02429,0.48240,-0.84943,-0.04651,-0.00048,-0.00003,0.58309,0.00093,0.22804,-0.00052,0.70683,0.00056,0.70739,1,3,0.99755,0.06687,0.00161,-0.02029,0.07928,0.07963,0.63280,1,0
1768333696.080670,-0.02841,0.44159,-0.87108,-0.04591,-0.00154,-0.00030,0.58313,0.00093,0.22804,-0.00052,0.70682,0.00056,0.70739,1,3,0.99755,0.06687,0.00161,-0.02029,0.07928,0.07963,0.63280,1,0
1768333696.082630,-0.03252,0.44419,-0.87123,-0.04588,-0.00150,-0.00057,0.58313,0.00093,0.22804,-0.00052,0.70682,0.00056,0.70739,1,3,0.99755,0.06687,0.00161,-0.02029,0.07928,0.07963,0.63280,1,0
1768333696.084641,-0.06419,0.43912,-0.81747,-0.04354,-0.00276,-0.00009,0.58317,0.00093,0.22805,-0.00052,0.70683,0.00056,0.70739,1,3,0.99755,0.06687,0.00161,-0.02029,0.07928,0.07963,0.63280,1,0
1768333696.086637,-0.02612,0.45061,-0.78746,-0.04383,-0.00297,0.00017,0.58317,0.00093,0.22805,-0.00052,0.70683,0.00056,0.70739,1,3,0.99755,0.06687,0.00161,-0.02029,0.07928,0.07963,0.63280,1,0
1768333696.088618,-0.02227,0.46307,-0.73487,-0.04325,-0.00279,-0.00034,0.58322,0.00093,0.22804,-0.00052,0.70683,0.00056,0.70739,1,3,0.99755,0.06687,0.00161,-0.02029,0.07928,0.07963,0.63280,1,0
1768333696.090588,-0.03665,0.45556,-0.76519,-0.04181,-0.00172,-0.00035,0.58322,0.00093,0.22804,-0.00052,0.70683,0.00056,0.70739,1,3,0.99755,0.06687,0.00161,-0.02029,0.07928,0.07963,0.63280,1,0
1768333696.092613,-0.05629,0.45808,-0.81061,-0.04331,-0.00186,-0.00023,0.58322,0.00093,0.22804,-0.00052,0.70683,0.00056,0.70739,1,3,0.99755,0.06687,0.00161,-0.02029,0.07928,0.07963,0.63280,1,0
1768333696.094587,-0.03628,0.48165,-0.86429,-0.04652,-0.00236,-0.00016,0.58326,0.00093,0.22805,-0.00052,0.70683,0.00056,0.70739,1,3,0.99755,0.06687,0.00161,-0.02029,0.07928,0.07963,0.63280,1,0
1768333696.096611,-0.05151,0.46269,-0.84845,-0.04763,-0.00319,-0.00039,0.58326,0.00093,0.22805,-0.00052,0.70683,0.00056,0.70739,1,3,0.99755,0.06687,0.00161,-0.02029,0.07928,0.07963,0.63280,1,0
1768333696.098620,-0.02411,0.46363,-0.86390,-0.04630,-0.00173,0.00010,0.58330,0.00093,0.22805,-0.00052,0.70683,0.00056,0.70739,1,3,0.99755,0.06687,0.00161,-0.02029,0.07928,0.07963,0.63280,1,0
1768333696.100634,-0.02280,0.43165,-0.86317,-0.04363,-0.00096,0.00037,0.58330,0.00093,0.22805,-0.00052,0.70683,0.00056,0.70739,1,3,0.99755,0.06687,0.00161,-0.02029,0.07928,0.07963,0.63280,1,0
1768333696.102617,-0.05003,0.47388,-0.87941,-0.04574,-0.00118,-0.00016,0.58334,0.00093,0.22805,-0.00052,0.70683,0.00056,0.70739,1,3,0.99755,0.06687,0.00161,-0.02029,0.07928,0.07963,0.63280,1,0
1768333696.104613,-0.07977,0.43149,-0.74853,-0.04866,-0.00371,-0.00000,0.58334,0.00093,0.22805,-0.00052,0.70683,0.00056,0.70739,1,3,0.99743,0.06844,0.00355,-0.02092,0.07947,0.07955,0.63250,1,0
1768333696.106638,-0.03601,0.43346,-0.81740,-0.04601,-0.00348,-0.00038,0.58338,0.00093,0.22805,-0.00052,0.70683,0.00056,0.70739,1,3,0.99743,0.06844,0.00355,-0.02092,0.07947,0.07955,0.63250,1,0
1768333696.108613,-0.04318,0.44123,-0.84034,-0.04351,-0.00301,0.00001,0.58338,0.00093,0.22805,-0.00052,0.70683,0.00056,0.70739,1,3,0.99743,0.06844,0.00355,-0.02092,0.07947,0.07955,0.63250,1,0
1768333696.110642,-0.03301,0.42054,-0.83981,-0.04529,-0.00273,0.00014,0.58342,0.00093,0.22805,-0.00052,0.70682,0.00056,0.70739,1,3,0.99743,0.06844,0.00355,-0.02092,0.07947,0.07955,0.63250,1,0
1768333696.112631,-0.03879,0.45244,-0.76494,-0.04403,-0.00168,-0.00008,0.58346,0.00093,0.22805,-0.00052,0.70683,0.00056,0.70739,1,3,0.99743,0.06844,0.00355,-0.02092,0.07947,0.07955,0.63250,1,0
1768333696.114670,-0.02902,0.43327,-0.81736,-0.04492,-0.00318,0.00002,0.58346,0.00093,0.22805,-0.00052,0.70683,0.00056,0.70739,1,3,0.99743,0.06844,0.00355,-0.02092,0.07947,0.07955,0.63250,1,0
1768333696.116620,-0.05528,0.43253,-0.83252,-0.04471,-0.00145,0.00043,0.58350,0.00093,0.22805,-0.00052,0.70683,0.00056,0.70738,1,3,0.99743,0.06844,0.00355,-0.02092,0.07947,0.07955,0.63250,1,0
1768333696.118638,-0.03607,0.46112,-0.87920,-0.04677,-0.00134,-0.00044,0.58350,0.00093,0.22805,-0.00052,0.70683,0.00056,0.70738,1,3,0.99743,0.06844,0.00355,-0.02092,0.07947,0.07955,0.63250,1,0
1768333696.120615,-0.05246,0.46129,-0.89394,-0.04764,-0.00163,0.00038,0.58354,0.00093,0.22805,-0.00052,0.70683,0.00056,0.70739,1,3,0.99743,0.06844,0.00355,-0.02092,0.07947,0.07955,0.63250,1,0
1768333696.122616,-0.04820,0.45491,-0.91656,-0.04706,-0.00283,-0.00004,0.58354,0.00093,0.22805,-0.00052,0.70683,0.00056,0.70739,1,3,0.99743,0.06844,0.00355,-0.02092,0.07947,0.07955,0.63250,1,0
1768333696.124616,-0.03963,0.45861,-0.88620,-0.04789,-0.00191,0.00064,0.58354,0.00093,0.22805,-0.00052,0.70683,0.00056,0.70739,1,3,0.99743,0.06844,0.00355,-0.02092,0.07947,0.07955,0.63250,1,0
1768333696.126608,-0.05473,0.44202,-0.83291,-0.04525,-0.00109,0.00016,0.58358,0.00093,0.22805,-0.00052,0.70683,0.00056,0.70739,1,3,0.99743,0.06844,0.00355,-0.02092,0.07947,0.07955,0.63250,1,0
1768333696.128614,-0.03379,0.41691,-0.80947,-0.04381,-0.00362,-0.00050,0.58358,0.00093,0.22805,-0.00052,0.70683,0.00056,0.70739,1,3,0.99743,0.06844,0.00355,-0.02092,0.07947,0.07955,0.63250,1,0
1768333696.130625,0.00413,0.43622,-0.72675,-0.04007,-0.00283,-0.00022,0.58362,0.00093,0.22805,-0.00052,0.70683,0.00056,0.70739,1,3,0.99743,0.06844,0.00355,-0.02092,0.07947,0.07955,0.63250,1,0
1768333696.132640,-0.03391,0.40417,-0.81690,-0.04025,-0.00195,0.00002,0.58362,0.00093,0.22805,-0.00052,0.70683,0.00056,0.70739,1,3,0.99743,0.06844,0.00355,-0.02092,0.07947,0.07955,0.63250,1,0
1768333696.134655,-0.02154,0.45598,-0.82591,-0.04486,-0.00087,0.00012,0.58366,0.00093,0.22805,-0.00052,0.70683,0.00056,0.70739,1,3,0.99728,0.06907,0.00271,-0.02571,0.07968,0.07953,0.63247,1,0
1768333696.136663,-0.02140,0.47799,-0.87191,-0.04875,-0.00203,-0.00031,0.58366,0.00093,0.22805,-0.00052,0.70683,0.00056,0.70739,1,3,0.99728,0.06907,0.00271,-0.02571,0.07968,0.07953,0.63247,1,0
1768333696.138644,-0.04039,0.47356,-0.81845,-0.04705,-0.00154,0.00028,0.58370,0.00093,0.22805,-0.00052,0.70682,0.00056,0.70739,1,3,0.99728,0.06907,0.00271,-0.02571,0.07968,0.07953,0.63247,1,0
1768333696.140650,-0.02898,0.46748,-0.81835,-0.04516,-0.00282,-0.00013,0.58370,0.00093,0.22805,-0.00052,0.70682,0.00056,0.70739,1,3,0.99728,0.06907,0.00271,-0.02571,0.07968,0.07953,0.63247,1,0
1768333696.142646,-0.01924,0.41495,-0.77959,-0.04230,-0.00088,-0.00051,0.58374,0.00093,0.22805,-0.00052,0.70682,0.00056,0.70739,1,3,0.99728,0.06907,0.00271,-0.02571,0.07968,0.07953,0.63247,1,0
1768333696.144635,-0.05278,0.42486,-0.75694,-0.04284,-0.00010,-0.00033,0.58378,0.00093,0.22805,-0.00052,0.70682,0.00056,0.70739,1,3,0.99728,0.06907,0.00271,-0.02571,0.07968,0.07953,0.63247,1,0
1768333696.146654,-0.01569,0.43761,-0.78755,-0.04181,-0.00157,-0.00012,0.58378,0.00093,0.22805,-0.00052,0.70682,0.00056,0.70739,1,3,0.99728,0.06907,0.00271,-0.02571,0.07968,0.07953,0.63247,1,0
1768333696.148634,-0.02290,0.43334,-0.81736,-0.04295,-0.00286,0.00041,0.58382,0.00093,0.22805,-0.00052,0.70682,0.00056,0.70739,1,3,0.99728,0.06907,0.00271,-0.02571,0.07968,0.07953,0.63247,1,0
1768333696.150656,-0.03642,0.44652,-0.86345,-0.04651,-0.00157,-0.00002,0.58382,0.00093,0.22805,-0.00052,0.70682,0.00056,0.70739,1,3,0.99728,0.06907,0.00271,-0.02571,0.07968,0.07953,0.63247,1,0
1768333696.152640,-0.06478,0.46789,-0.87957,-0.04778,0.00014,-0.00082,0.58386,0.00093,0.22805,-0.00052,0.70682,0.00056,0.70739,1,3,0.99728,0.06907,0.00271,-0.02571,0.07968,0.07953,0.63247,1,0
1768333696.154635,-0.06872,0.47568,-0.87172,-0.04834,-0.00070,0.00000,0.58386,0.00093,0.22805,-0.00052,0.70682,0.00056,0.70739,1,3,0.99728,0.06907,0.00271,-0.02571,0.07968,0.07953,0.63247,1,0
1768333696.156629,-0.01855,0.47237,-0.84118,-0.04685,-0.00372,-0.00029,0.58386,0.00093,0.22805,-0.00052,0.70682,0.00056,0.70739,1,3,0.99728,0.06907,0.00271,-0.02571,0.07968,0.07953,0.63247,1,0
1768333696.158630,-0.02904,0.46235,-0.78782,-0.04522,-0.00257,0.00003,0.58390,0.00093,0.22805,-0.00052,0.70682,0.00056,0.70739,1,3,0.99728,0.06907,0.00271,-0.02571,0.07968,0.07953,0.63247,1,0
1768333696.160645,-0.04403,0.44031,-0.77220,-0.04309,-0.00148,0.00006,0.58390,0.00093,0.22805,-0.00052,0.70682,0.00056,0.70739,1,3,0.99728,0.06907,0.00271,-0.02571,0.07968,0.07953,0.63247,1,0
1768333696.162647,-0.06429,0.44823,-0.77240,-0.04365,-0.00163,-0.00033,0.58394,0.00093,0.22805,-0.00052,0.70682,0.00056,0.70739,1,3,0.99728,0.06907,0.00271,-0.02571,0.07968,0.07953,0.63247,1,0
1768333696.164727,-0.04143,0.43140,-0.80964,-0.04494,-0.00353,-0.00010,0.58394,0.00093,0.22805,-0.00052,0.70682,0.00056,0.70739,1,3,0.99729,0.06989,0.00320,-0.02268,0.07987,0.07944,0.63224,1,0
1768333696.166663,-0.02511,0.46073,-0.81067,-0.04437,-0.00338,-0.00053,0.58398,0.00093,0.22805,-0.00052,0.70682,0.00056,0.70739,1,3,0.99729,0.06989,0.00320,-0.02268,0.07987,0.07944,0.63224,1,0
1768333696.168655,-0.03286,0.43452,-0.84790,-0.04578,-0.00186,0.00013,0.58398,0.00093,0.22805,-0.00052,0.70682,0.00056,0.70739,1,3,0.99729,0.06989,0.00320,-0.02268,0.07987,0.07944,0.63224,1,0
1768333696.170668,-0.04514,0.48630,-0.84917,-0.04646,-0.00175,0.00013,0.58402,0.00093,0.22805,-0.00052,0.70682,0.00056,0.70739,1,3,0.99729,0.06989,0.00320,-0.02268,0.07987,0.07944,0.63224,1,0
1768333696.172666,-0.01833,0.48152,-0.87943,-0.04739,-0.00309,-0.00019,0.58402,0.00093,0.22805,-0.00052,0.70682,0.00056,0.70739,1,3,0.99729,0.06989,0.00320,-0.02268,0.07987,0.07944,0.63224,1,0
1768333696.174683,-0.04333,0.47735,-0.89444,-0.04745,-0.00329,-0.00044,0.58406,0.00093,0.22805,-0.00052,0.70682,0.00056,0.70739,1,3,0.99729,0.06989,0.00320,-0.02268,0.07987,0.07944,0.63224,1,0
1768333696.176661,-0.03921,0.46360,-0.87912,-0.04783,-0.00168,-0.00030,0.58410,0.00093,0.22805,-0.00052,0.70682,0.00056,0.70739,1,3,0.99729,0.06989,0.00320,-0.02268,0.07987,0.07944,0.63224,1,0
1768333696.178650,-0.06900,0.46647,-0.78809,-0.04758,-0.00095,-0.00047,0.58410,0.00093,0.22805,-0.00052,0.70682,0.00056,0.70739,1,3,0.99729,0.06989,0.00320,-0.02268,0.07987,0.07944,0.63224,1,0
1768333696.180655,-0.03439,0.48899,-0.77335,-0.04468,-0.00163,0.00031,0.58414,0.00093,0.22805,-0.00052,0.70682,0.00056,0.70739,1,3,0.99729,0.06989,0.00320,-0.02268,0.07987,0.07944,0.63224,1,0
1768333696.182669,-0.03411,0.44144,-0.78711,-0.04395,-0.00363,0.00005,0.58414,0.00093,0.22805,-0.00052,0.70682,0.00056,0.70739,1,3,0.99729,0.06989,0.00320,-0.02268,0.07987,0.07944,0.63224,1,0
1768333696.184665,-0.03439,0.43069,-0.80209,-0.04408,-0.00260,0.00030,0.58414,0.00093,0.22805,-0.00052,0.70682,0.00056,0.70739,1,3,0.99729,0.06989,0.00320,-0.02268,0.07987,0.07944,0.63224,1,0
1768333696.186654,-0.06514,0.44294,-0.78753,-0.04306,-0.00098,-0.00020,0.58418,0.00093,0.22805,-0.00052,0.70682,0.00056,0.70739,1,3,0.99729,0.06989,0.00320,-0.02268,0.07987,0.07944,0.63224,1,0
1768333696.188670,-0.03541,0.45921,-0.73492,-0.04351,-0.00072,-0.00006,0.58418,0.00093,0.22805,-0.00052,0.70682,0.00056,0.70739,1,3,0.99729,0.06989,0.00320,-0.02268,0.07987,0.07944,0.63224,1,0
1768333696.190650,-0.02182,0.44796,-0.75711,-0.04387,-0.00277,0.00005,0.58422,0.00093,0.22805,-0.00052,0.70682,0.00056,0.70739,1,3,0.99729,0.06989,0.00320,-0.02268,0.07987,0.07944,0.63224,1,0
1768333696.192647,-0.01322,0.46680,-0.76540,-0.04429,-0.00200,-0.00011,0.58422,0.00093,0.22805,-0.00052,0.70682,0.00056,0.70739,1,3,0.99729,0.06989,0.00320,-0.02268,0.07987,0.07944,0.63224,1,0
1768333696.194669,-0.02492,0.45801,-0.81868,-0.04550,-0.00021,-0.00054,0.58426,0.00093,0.22805,-0.00052,0.70682,0.00056,0.70739,1,3,0.99729,0.06989,0.00320,-0.02268,0.07987,0.07944,0.63224,1,0
1768333696.196676,-0.06141,0.45096,-0.89404,-0.04711,-0.00038,-0.00015,0.58426,0.00093,0.22805,-0.00052,0.70682,0.00056,0.70739,1,3,0.99729,0.06989,0.00320,-0.02268,0.07987,0.07944,0.63224,1,0
1768333696.198716,-0.03403,0.46547,-0.90174,-0.04912,-0.00173,0.00022,0.58430,0.00093,0.22805,-0.00052,0.70682,0.00056,0.70740,1,3,0.99722,0.07013,0.00209,-0.02500,0.08008,0.07940,0.63218,1,0
1768333696.200688,-0.03068,0.49962,-0.88724,-0.04761,-0.00396,-0.00005,0.58430,0.00093,0.22805,-0.00052,0.70682,0.00056,0.70740,1,3,0.99722,0.07013,0.00209,-0.02500,0.08008,0.07940,0.63218,1,0
1768333696.202708,-0.04391,0.45162,-0.82556,-0.04732,-0.00174,-0.00011,0.58434,0.00093,0.22805,-0.00052,0.70682,0.00056,0.70740,1,3,0.99722,0.07013,0.00209,-0.02500,0.08008,0.07940,0.63218,1,0
1768333696.204681,-0.03397,0.45918,-0.80334,-0.04461,-0.00112,-0.00052,0.58438,0.00093,0.22805,-0.00052,0.70682,0.00056,0.70739,1,3,0.99722,0.07013,0.00209,-0.02500,0.08008,0.07940,0.63218,1,0
1768333696.206683,-0.04728,0.41824,-0.80174,-0.04401,-0.00205,0.00045,0.58438,0.00093,0.22805,-0.00052,0.70682,0.00056,0.70739,1,3,0.99722,0.07013,0.00209,-0.02500,0.08008,0.07940,0.63218,1,0
1768333696.208688,-0.04780,0.42896,-0.82516,-0.04279,-0.00245,-0.00065,0.58442,0.00093,0.22805,-0.00052,0.70682,0.00056,0.70739,1,3,0.99722,0.07013,0.00209,-0.02500,0.08008,0.07940,0.63218,1,0
1768333696.210669,-0.05515,0.41376,-0.75605,-0.04428,-0.00234,0.00023,0.58442,0.00093,0.22805,-0.00052,0.70682,0.00056,0.70739,1,3,0.99722,0.07013,0.00209,-0.02500,0.08008,0.07940,0.63218,1,0
1768333696.212677,-0.01628,0.47389,-0.81888,-0.04530,-0.00185,-0.00055,0.58446,0.00093,0.22805,-0.00052,0.70682,0.00056,0.70739,1,3,0.99722,0.07013,0.00209,-0.02500,0.08008,0.07940,0.63218,1,0
1768333696.214682,-0.06366,0.42797,-0.80207,-0.04455,-0.00148,0.00020,0.58446,0.00093,0.22805,-0.00052,0.70682,0.00056,0.70739,1,3,0.99722,0.07013,0.00209,-0.02500,0.08008,0.07940,0.63218,1,0
1768333696.216675,-0.04556,0.45250,-0.87129,-0.04535,-0.00211,-0.00055,0.58450,0.00093,0.22805,-0.00052,0.70682,0.00056,0.70739,1,3,0.99722,0.07013,0.00209,-0.02500,0.08008,0.07940,0.63218,1,0
1768333696.218691,-0.03966,0.43460,-0.80996,-0.04709,-0.00204,-0.00023,0.58450,0.00093,0.22805,-0.00052,0.70682,0.00056,0.70739,1,3,0.99722,0.07013,0.00209,-0.02500,0.08008,0.07940,0.63218,1,0
1768333696.220701,-0.02381,0.46944,-0.82595,-0.04623,-0.00276,-0.00000,0.58450,0.00093,0.22805,-0.00052,0.70682,0.00056,0.70739,1,3,0.99722,0.07013,0.00209,-0.02500,0.08008,0.07940,0.63218,1,0
1768333696.222686,-0.06649,0.45557,-0.80282,-0.04553,-0.00224,-0.00034,0.58454,0.00093,0.22805,-0.00052,0.70682,0.00056,0.70740,1,3,0.99722,0.07013,0.00209,-0.02500,0.08008,0.07940,0.63218,1,0
1768333696.224702,-0.02074,0.45690,-0.80310,-0.04507,-0.00203,-0.00026,0.58454,0.00093,0.22805,-0.00052,0.70682,0.00056,0.70740,1,3,0.99722,0.07013,0.00209,-0.02500,0.08008,0.07940,0.63218,1,0
1768333696.226692,-0.02534,0.43944,-0.81001,-0.04506,-0.00182,0.00042,0.58458,0.00093,0.22805,-0.00052,0.70682,0.00056,0.70739,1,3,0.99722,0.07013,0.00209,-0.02500,0.08008,0.07940,0.63218,1,0
1768333696.228691,-0.04691,0.41184,-0.76415,-0.04453,-0.00003,-0.00020,0.58458,0.00093,0.22805,-0.00052,0.70682,0.00056,0.70739,1,3,0.99722,0.07013,0.00209,-0.02500,0.08008,0.07940,0.63218,1,0
1768333696.230688,-0.02917,0.42655,-0.87062,-0.04544,-0.00113,0.00011,0.58462,0.00093,0.22805,-0.00052,0.70682,0.00056,0.70740,1,3,0.99722,0.07013,0.00209,-0.02500,0.08008,0.07940,0.63218,1,0
1768333696.232708,-0.02888,0.46590,-0.82636,-0.04562,-0.00080,-0.00054,0.58462,0.00093,0.22805,-0.00052,0.70682,0.00056,0.70740,1,3,0.99721,0.07072,0.00298,-0.02367,0.08034,0.07939,0.63243,1,0
1768333696.234697,-0.04422,0.49177,-0.84161,-0.04705,-0.00266,-0.00000,0.58467,0.00093,0.22805,-0.00052,0.70682,0.00056,0.70740,1,3,0.99721,0.07072,0.00298,-0.02367,0.08034,0.07939,0.63243,1,0
1768333696.236720,-0.06055,0.45821,-0.74174,-0.04724,-0.00333,0.00024,0.58467,0.00093,0.22805,-0.00052,0.70682,0.00056,0.70740,1,3,0.99721,0.07072,0.00298,-0.02367,0.08034,0.07939,0.63243,1,0
1768333696.238696,-0.02728,0.46181,-0.81055,-0.04698,-0.00259,0.00002,0.58471,0.00093,0.22805,-0.00052,0.70682,0.00056,0.70740,1,3,0.99721,0.07072,0.00298,-0.02367,0.08034,0.07939,0.63243,1,0
1768333696.240719,-0.03798,0.45696,-0.78032,-0.04485,-0.00144,-0.00023,0.58475,0.00093,0.22806,-0.00052,0.70681,0.00056,0.70740,1,3,0.99721,0.07072,0.00298,-0.02367,0.08034,0.07939,0.63243,1,0
1768333696.242699,-0.04305,0.45461,-0.79555,-0.04401,-0.00113,-0.00037,0.58475,0.00093,0.22806,-0.00052,0.70681,0.00056,0.70740,1,3,0.99721,0.07072,0.00298,-0.02367,0.08034,0.07939,0.63243,1,0
1768333696.244689,-0.02429,0.45042,-0.78771,-0.04515,-0.00301,-0.00064,0.58479,0.00093,0.22806,-0.00052,0.70681,0.00056,0.70740,1,3,0.99721,0.07072,0.00298,-0.02367,0.08034,0.07939,0.63243,1,0
1768333696.246725,-0.01916,0.44781,-0.84046,-0.04627,-0.00368,-0.00001,0.58479,0.00093,0.22806,-0.00052,0.70681,0.00056,0.70740,1,3,0.99721,0.07072,0.00298,-0.02367,0.08034,0.07939,0.63243,1,0
1768333696.248698,-0.03119,0.42950,-0.80981,-0.04715,-0.00213,-0.00011,0.58483,0.00093,0.22805,-0.00052,0.70681,0.00056,0.70740,1,3,0.99721,0.07072,0.00298,-0.02367,0.08034,0.07939,0.63243,1,0
1768333696.250692,-0.07159,0.45240,-0.84077,-0.04513,-0.00116,-0.00010,0.58483,0.00093,0.22805,-0.00052,0.70681,0.00056,0.70740,1,3,0.99721,0.07072,0.00298,-0.02367,0.08034,0.07939,0.63243,1,0
1768333696.252696,-0.05757,0.47580,-0.84866,-0.04594,-0.00350,-0.00012,0.58487,0.00093,0.22806,-0.00052,0.70681,0.00056,0.70740,1,3,0.99721,0.07072,0.00298,-0.02367,0.08034,0.07939,0.63243,1,0
1768333696.254690,-0.03081,0.48081,-0.81838,-0.04697,-0.00472,-0.00026,0.58487,0.00093,0.22806,-0.00052,0.70681,0.00056,0.70740,1,3,0.99721,0.07072,0.00298,-0.02367,0.08034,0.07939,0.63243,1,0
1768333696.256736,-0.03289,0.46805,-0.81809,-0.04887,-0.00469,-0.00051,0.58487,0.00093,0.22806,-0.00052,0.70681,0.00056,0.70740,1,3,0.99721,0.07072,0.00298,-0.02367,0.08034,0.07939,0.63243,1,0
1768333696.258713,-0.07195,0.44217,-0.74177,-0.04503,-0.00051,0.00024,0.58491,0.00093,0.22806,-0.00052,0.70681,0.00056,0.70741,1,3,0.99721,0.07072,0.00298,-0.02367,0.08034,0.07939,0.63243,1,0
1768333696.260714,-0.02641,0.45986,-0.75757,-0.04372,-0.00197,-0.00009,0.58491,0.00093,0.22806,-0.00052,0.70681,0.00056,0.70741,1,3,0.99721,0.07072,0.00298,-0.02367,0.08034,0.07939,0.63243,1,0
1768333696.262712,-0.04919,0.43214,-0.69555,-0.04537,-0.00421,0.00001,0.58495,0.00093,0.22806,-0.00052,0.70681,0.00056,0.70740,1,3,0.99721,0.07072,0.00298,-0.02367,0.08034,0.07939,0.63243,1,0
1768333696.264712,-0.03431,0.46571,-0.74979,-0.04409,-0.00314,0.00020,0.58495,0.00093,0.22806,-0.00052,0.70681,0.00056,0.70740,1,3,0.99721,0.07072,0.00298,-0.02367,0.08034,0.07939,0.63243,1,0
1768333696.266721,-0.04720,0.44407,-0.80248,-0.04348,-0.00322,-0.00023,0.58495,0.00093,0.22806,-0.00052,0.70681,0.00056,0.70740,1,3,0.99710,0.07084,0.00418,-0.02737,0.08052,0.07931,0.63206,1,0
1768333696.268724,-0.05852,0.46518,-0.79514,-0.04563,-0.00246,0.00059,0.58499,0.00094,0.22806,-0.00051,0.70681,0.00056,0.70740,1,3,0.99710,0.07084,0.00418,-0.02737,0.08052,0.07931,0.63206,1,0
1768333696.270721,-0.03376,0.44610,-0.83306,-0.04411,-0.00326,-0.00053,0.58499,0.00094,0.22806,-0.00051,0.70681,0.00056,0.70740,1,3,0.99710,0.07084,0.00418,-0.02737,0.08052,0.07931,0.63206,1,0
1768333696.272718,-0.02786,0.46720,-0.85627,-0.04626,-0.00296,-0.00016,0.58507,0.00094,0.22806,-0.00051,0.70681,0.00056,0.70740,1,3,0.99710,0.07084,0.00418,-0.02737,0.08052,0.07931,0.63206,1,0
1768333696.274710,-0.03904,0.46389,-0.85591,-0.04826,-0.00243,0.00053,0.58507,0.00094,0.22806,-0.00051,0.70681,0.00056,0.70740,1,3,0.99710,0.07084,0.00418,-0.02737,0.08052,0.07931,0.63206,1,0
1768333696.276720,-0.05624,0.45423,-0.87866,-0.04773,-0.00184,-0.00001,0.58511,0.00094,0.22806,-0.00051,0.70681,0.00056,0.70740,1,3,0.99710,0.07084,0.00418,-0.02737,0.08052,0.07931,0.63206,1,0
1768333696.278720,-0.03995,0.44487,-0.82494,-0.04718,-0.00291,0.00070,0.58511,0.00094,0.22806,-0.00051,0.70681,0.00056,0.70740,1,3,0.99710,0.07084,0.00418,-0.02737,0.08052,0.07931,0.63206,1,0
1768333696.280723,-0.02958,0.45371,-0.79525,-0.04402,-0.00358,-0.00051,0.58515,0.00094,0.22806,-0.00051,0.70681,0.00056,0.70740,1,3,0.99710,0.07084,0.00418,-0.02737,0.08052,0.07931,0.63206,1,0
1768333696.282717,-0.05947,0.44627,-0.81025,-0.04389,-0.00257,-0.00049,0.58515,0.00094,0.22806,-0.00051,0.70681,0.00056,0.70740,1,3,0.99710,0.07084,0.00418,-0.02737,0.08052,0.07931,0.63206,1,0
1768333696.284739,-0.05309,0.46178,-0.83352,-0.04654,-0.00152,-0.00039,0.58515,0.00094,0.22806,-0.00051,0.70681,0.00056,0.70740,1,3,0.99710,0.07084,0.00418,-0.02737,0.08052,0.07931,0.63206,1,0
1768333696.286763,-0.05603,0.49954,-0.86462,-0.04762,-0.00291,-0.00041,0.58515,0.00094,0.22806,-0.00051,0.70681,0.00056,0.70740,1,3,0.99710,0.07084,0.00418,-0.02737,0.08052,0.07931,0.63206,1,0
1768333696.288729,-0.02861,0.49010,-0.84145,-0.04904,-0.00475,-0.00054,0.58519,0.00094,0.22806,-0.00051,0.70681,0.00056,0.70740,1,3,0.99710,0.07084,0.00418,-0.02737,0.08052,0.07931,0.63206,1,0
1768333696.290741,-0.03873,0.46602,-0.79481,-0.04780,-0.00498,0.00059,0.58519,0.00094,0.22806,-0.00051,0.70681,0.00056,0.70740,1,3,0.99710,0.07084,0.00418,-0.02737,0.08052,0.07931,0.63206,1,0
1768333696.292749,-0.03842,0.41864,-0.77146,-0.04401,-0.00267,0.00007,0.58523,0.00094,0.22806,-0.00051,0.70681,0.00056,0.70740,1,3,0.99710,0.07084,0.00418,-0.02737,0.08052,0.07931,0.63206,1,0
1768333696.294737,-0.03305,0.44299,-0.76490,-0.04131,-0.00137,-0.00022,0.58527,0.00094,0.22805,-0.00051,0.70682,0.00056,0.70739,1,3,0.99710,0.07084,0.00418,-0.02737,0.08052,0.07931,0.63206,1,0
1768333696.296750,-0.04667,0.40939,-0.80153,-0.04390,-0.00320,-0.00008,0.58527,0.00094,0.22805,-0.00051,0.70682,0.00056,0.70739,1,3,0.99710,0.07084,0.00418,-0.02737,0.08052,0.07931,0.63206,1,0
1768333696.298758,-0.04195,0.43135,-0.80209,-0.04451,-0.00327,-0.00009,0.58531,0.00094,0.22805,-0.00051,0.70682,0.00056,0.70739,1,3,0.99709,0.07240,0.00300,-0.02382,0.08077,0.07931,0.63237,1,0
1768333696.300751,-0.03085,0.47505,-0.84870,-0.04726,-0.00382,-0.00015,0.58531,0.00094,0.22805,-0.00051,0.70682,0.00056,0.70739,1,3,0.99709,0.07240,0.00300,-0.02382,0.08077,0.07931,0.63237,1,0
1768333696.302771,-0.05646,0.44513,-0.84817,-0.04697,-0.00235,-0.00052,0.58531,0.00094,0.22805,-0.00051,0.70682,0.00056,0.70739,1,3,0.99709,0.07240,0.00300,-0.02382,0.08077,0.07931,0.63237,1,0
1768333696.304749,-0.06617,0.48416,-0.84908,-0.04649,-0.00150,0.00001,0.58539,0.00094,0.22805,-0.00051,0.70682,0.00056,0.70739,1,3,0.99709,0.07240,0.00300,-0.02382,0.08077,0.07931,0.63237,1,0
1768333696.306736,-0.03917,0.48923,-0.84174,-0.04752,-0.00272,-0.00054,0.58539,0.00094,0.22805,-0.00051,0.70682,0.00056,0.70739,1,3,0.99709,0.07240,0.00300,-0.02382,0.08077,0.07931,0.63237,1,0
1768333696.308751,-0.03129,0.48019,-0.82610,-0.04676,-0.00382,-0.00026,0.58539,0.00094,0.22805,-0.00051,0.70682,0.00056,0.70739,1,3,0.99709,0.07240,0.00300,-0.02382,0.08077,0.07931,0.63237,1,0
1768333696.310817,-0.04890,0.45088,-0.78756,-0.04580,-0.00309,-0.00061,0.58543,0.00093,0.22804,-0.00051,0.70683,0.00056,0.70738,1,3,0.99709,0.07240,0.00300,-0.02382,0.08077,0.07931,0.63237,1,0
1768333696.312773,-0.02070,0.43304,-0.75721,-0.04427,-0.00241,-0.00116,0.58543,0.00093,0.22804,-0.00051,0.70683,0.00056,0.70738,1,3,0.99709,0.07240,0.00300,-0.02382,0.08077,0.07931,0.63237,1,0
1768333696.314760,-0.03489,0.42580,-0.73377,-0.04348,-0.00222,0.00009,0.58547,0.00094,0.22804,-0.00051,0.70683,0.00056,0.70738,1,3,0.99709,0.07240,0.00300,-0.02382,0.08077,0.07931,0.63237,1,0
1768333696.316760,-0.03579,0.44599,-0.73451,-0.04236,-0.00223,-0.00046,0.58547,0.00094,0.22804,-0.00051,0.70683,0.00056,0.70738,1,3,0.99709,0.07240,0.00300,-0.02382,0.08077,0.07931,0.63237,1,0
1768333696.318771,-0.04059,0.47016,-0.80321,-0.04600,-0.00295,-0.00037,0.58551,0.00094,0.22804,-0.00051,0.70683,0.00056,0.70738,1,3,0.99709,0.07240,0.00300,-0.02382,0.08077,0.07931,0.63237,1,0
1768333696.320866,-0.04188,0.46237,-0.78749,-0.04894,-0.00355,0.00005,0.58551,0.00094,0.22804,-0.00051,0.70683,0.00056,0.70738,1,3,0.99709,0.07240,0.00300,-0.02382,0.08077,0.07931,0.63237,1,0
1768333696.322850,-0.05065,0.46785,-0.84058,-0.04865,-0.00408,0.00029,0.58551,0.00094,0.22804,-0.00051,0.70683,0.00056,0.70738,1,3,0.99709,0.07240,0.00300,-0.02382,0.08077,0.07931,0.63237,1,0
1768333696.324812,-0.04615,0.43796,-0.79480,-0.04487,-0.00221,-0.00009,0.58555,0.00094,0.22803,-0.00051,0.70684,0.00056,0.70738,1,3,0.99709,0.07240,0.00300,-0.02382,0.08077,0.07931,0.63237,1,0
1768333696.326793,-0.04102,0.48892,-0.77358,-0.04600,-0.00156,-0.00049,0.58555,0.00094,0.22803,-0.00051,0.70684,0.00056,0.70738,1,3,0.99709,0.07240,0.00300,-0.02382,0.08077,0.07931,0.63237,1,0
1768333696.328779,-0.03066,0.43883,-0.87079,-0.04791,-0.00189,-0.00002,0.58558,0.00094,0.22803,-0.00051,0.70684,0.00056,0.70738,1,3,0.99709,0.07240,0.00300,-0.02382,0.08077,0.07931,0.63237,1,0
1768333696.330756,-0.05909,0.49724,-0.84913,-0.04874,-0.00350,-0.00012,0.58558,0.00094,0.22803,-0.00051,0.70684,0.00056,0.70738,1,3,0.99709,0.07240,0.00300,-0.02382,0.08077,0.07931,0.63237,1,0
1768333696.332777,-0.03184,0.47079,-0.81070,-0.04600,-0.00407,-0.00038,0.58563,0.00094,0.22803,-0.00051,0.70684,0.00056,0.70737,1,3,0.99709,0.07240,0.00300,-0.02382,0.08077,0.07931,0.63237,1,0
1768333696.334763,-0.05966,0.42715,-0.74108,-0.04369,-0.00331,0.00011,0.58563,0.00094,0.22803,-0.00051,0.70684,0.00056,0.70737,1,3,0.99706,0.07281,0.00304,-0.02377,0.08098,0.07926,0.63227,1,0
1768333696.336792,-0.07698,0.40972,-0.66484,-0.04674,-0.00324,-0.00074,0.58567,0.00094,0.22803,-0.00051,0.70684,0.00056,0.70738,1,3,0.99706,0.07281,0.00304,-0.02377,0.08098,0.07926,0.63227,1,0
1768333696.338791,-0.05669,0.41850,-0.74860,-0.04313,-0.00169,0.00050,0.58567,0.00094,0.22803,-0.00051,0.70684,0.00056,0.70738,1,3,0.99706,0.07281,0.00304,-0.02377,0.08098,0.07926,0.63227,1,0
1768333696.340811,-0.03418,0.46102,-0.81031,-0.04415,-0.00364,0.00029,0.58571,0.00094,0.22803,-0.00051,0.70684,0.00056,0.70737,1,3,0.99706,0.07281,0.00304,-0.02377,0.08098,0.07926,0.63227,1,0
1768333696.342785,-0.04303,0.46884,-0.79512,-0.04733,-0.00494,-0.00008,0.58575,0.00094,0.22803,-0.00051,0.70684,0.00056,0.70737,1,3,0.99706,0.07281,0.00304,-0.02377,0.08098,0.07926,0.63227,1,0
1768333696.344790,-0.04936,0.46077,-0.84075,-0.04568,-0.00333,-0.00012,0.58575,0.00094,0.22803,-0.00051,0.70684,0.00056,0.70737,1,3,0.99706,0.07281,0.00304,-0.02377,0.08098,0.07926,0.63227,1,0
1768333696.346838,-0.05815,0.44262,-0.71870,-0.04940,-0.00297,-0.00014,0.58579,0.00094,0.22803,-0.00051,0.70684,0.00056,0.70738,1,3,0.99706,0.07281,0.00304,-0.02377,0.08098,0.07926,0.63227,1,0
1768333696.348788,-0.06954,0.44332,-0.78697,-0.04677,-0.00282,0.00022,0.58579,0.00094,0.22803,-0.00051,0.70684,0.00056,0.70738,1,3,0.99706,0.07281,0.00304,-0.02377,0.08098,0.07926,0.63227,1,0
1768333696.350791,-0.04783,0.47498,-0.84834,-0.04769,-0.00360,0.00068,0.58583,0.00094,0.22803,-0.00051,0.70684,0.00056,0.70737,1,3,0.99706,0.07281,0.00304,-0.02377,0.08098,0.07926,0.63227,1,0
1768333696.352783,-0.03432,0.43404,-0.80958,-0.04732,-0.00477,-0.00036,0.58583,0.00094,0.22803,-0.00051,0.70684,0.00056,0.70737,1,3,0.99706,0.07281,0.00304,-0.02377,0.08098,0.07926,0.63227,1,0
1768333696.354782,-0.04617,0.44916,-0.81775,-0.04429,-0.00375,-0.00037,0.58587,0.00094,0.22803,-0.00051,0.70684,0.00056,0.70737,1,3,0.99706,0.07281,0.00304,-0.02377,0.08098,0.07926,0.63227,1,0
1768333696.356786,-0.06959,0.43455,-0.71049,-0.04644,-0.00408,0.00055,0.58587,0.00094,0.22803,-0.00051,0.70684,0.00056,0.70737,1,3,0.99706,0.07281,0.00304,-0.02377,0.08098,0.07926,0.63227,1,0
1768333696.358794,-0.04016,0.44580,-0.74923,-0.04630,-0.00344,-0.00005,0.58587,0.00094,0.22803,-0.00051,0.70684,0.00056,0.70737,1,3,0.99706,0.07281,0.00304,-0.02377,0.08098,0.07926,0.63227,1,0
1768333696.360775,-0.04016,0.44087,-0.75682,-0.04614,-0.00331,-0.00033,0.58591,0.00094,0.22802,-0.00051,0.70685,0.00056,0.70737,1,3,0.99706,0.07281,0.00304,-0.02377,0.08098,0.07926,0.63227,1,0
1768333696.362796,-0.06399,0.42905,-0.77915,-0.04388,-0.00262,0.00022,0.58591,0.00094,0.22802,-0.00051,0.70685,0.00056,0.70737,1,3,0.99706,0.07281,0.00304,-0.02377,0.08098,0.07926,0.63227,1,0
1768333696.364775,-0.05646,0.47554,-0.74230,-0.04703,-0.00339,-0.00004,0.58595,0.00094,0.22803,-0.00051,0.70684,0.00056,0.70737,1,3,0.99706,0.07281,0.00304,-0.02377,0.08098,0.07926,0.63227,1,0
1768333696.366796,-0.05954,0.45601,-0.79528,-0.04399,-0.00245,-0.00035,0.58595,0.00094,0.22803,-0.00051,0.70684,0.00056,0.70737,1,3,0.99706,0.07281,0.00304,-0.02377,0.08098,0.07926,0.63227,1,0
1768333696.368820,-0.04626,0.47477,-0.83342,-0.04879,-0.00351,-0.00012,0.58599,0.00094,0.22803,-0.00051,0.70684,0.00056,0.70737,1,3,0.99697,0.07369,0.00191,-0.02469,0.08120,0.07923,0.63230,1,0
1768333696.370819,-0.03486,0.46156,-0.84831,-0.04807,-0.00261,0.00040,0.58599,0.00094,0.22803,-0.00051,0.70684,0.00056,0.70737,1,3,0.99697,0.07369,0.00191,-0.02469,0.08120,0.07923,0.63230,1,0
1768333696.372787,-0.07104,0.45822,-0.81800,-0.04528,-0.00231,-0.00022,0.58603,0.00094,0.22803,-0.00051,0.70684,0.00056,0.70737,1,3,0.99697,0.07369,0.00191,-0.02469,0.08120,0.07923,0.63230,1,0
1768333696.374823,-0.05733,0.50002,-0.79630,-0.04630,-0.00290,-0.00036,0.58603,0.00094,0.22803,-0.00051,0.70684,0.00056,0.70737,1,3,0.99697,0.07369,0.00191,-0.02469,0.08120,0.07923,0.63230,1,0
1768333696.376829,-0.03429,0.46825,-0.81057,-0.04756,-0.00442,-0.00051,0.58607,0.00094,0.22803,-0.00051,0.70684,0.00056,0.70737,1,3,0.99697,0.07369,0.00191,-0.02469,0.08120,0.07923,0.63230,1,0
1768333696.378855,-0.05760,0.46819,-0.72668,-0.04974,-0.00439,-0.00001,0.58611,0.00094,0.22803,-0.00051,0.70684,0.00056,0.70737,1,3,0.99697,0.07369,0.00191,-0.02469,0.08120,0.07923,0.63230,1,0
1768333696.380866,-0.02978,0.44993,-0.83312,-0.04800,-0.00332,-0.00067,0.58611,0.00094,0.22803,-0.00051,0.70684,0.00056,0.70737,1,3,0.99697,0.07369,0.00191,-0.02469,0.08120,0.07923,0.63230,1,0
1768333696.382836,-0.05565,0.44438,-0.75638,-0.04872,-0.00234,0.00117,0.58615,0.00094,0.22803,-0.00051,0.70684,0.00056,0.70737,1,3,0.99697,0.07369,0.00191,-0.02469,0.08120,0.07923,0.63230,1,0
1768333696.384822,-0.03588,0.46786,-0.77260,-0.04647,-0.00351,-0.00008,0.58615,0.00094,0.22803,-0.00051,0.70684,0.00056,0.70737,1,3,0.99697,0.07369,0.00191,-0.02469,0.08120,0.07923,0.63230,1,0
1768333696.386824,-0.04077,0.47662,-0.77280,-0.04527,-0.00460,-0.00048,0.58619,0.00094,0.22803,-0.00051,0.70684,0.00056,0.70737,1,3,0.99697,0.07369,0.00191,-0.02469,0.08120,0.07923,0.63230,1,0
1768333696.388805,-0.03252,0.43250,-0.76388,-0.04493,-0.00517,-0.00006,0.58619,0.00094,0.22803,-0.00051,0.70684,0.00056,0.70737,1,3,0.99697,0.07369,0.00191,-0.02469,0.08120,0.07923,0.63230,1,0
1768333696.390837,-0.08202,0.43281,-0.69552,-0.04602,-0.00420,-0.00036,0.58619,0.00094,0.22803,-0.00051,0.70684,0.00056,0.70737,1,3,0.99697,0.07369,0.00191,-0.02469,0.08120,0.07923,0.63230,1,0
1768333696.392823,-0.05093,0.43061,-0.76391,-0.04473,-0.00227,0.00075,0.58624,0.00094,0.22803,-0.00051,0.70684,0.00056,0.70737,1,3,0.99697,0.07369,0.00191,-0.02469,0.08120,0.07923,0.63230,1,0
1768333696.394831,-0.07129,0.45932,-0.83267,-0.04504,-0.00395,0.00058,0.58624,0.00094,0.22803,-0.00051,0.70684,0.00056,0.70737,1,3,0.99697,0.07369,0.00191,-0.02469,0.08120,0.07923,0.63230,1,0
1768333696.396817,-0.02139,0.48551,-0.84114,-0.04800,-0.00521,-0.00001,0.58628,0.00094,0.22803,-0.00051,0.70684,0.00056,0.70737,1,3,0.99697,0.07369,0.00191,-0.02469,0.08120,0.07923,0.63230,1,0
1768333696.398844,-0.03765,0.46522,-0.81818,-0.04847,-0.00387,-0.00065,0.58628,0.00094,0.22803,-0.00051,0.70684,0.00056,0.70737,1,3,0.99697,0.07369,0.00191,-0.02469,0.08120,0.07923,0.63230,1,0
1768333696.400826,-0.03516,0.48215,-0.78077,-0.04717,-0.00302,-0.00050,0.58632,0.00094,0.22803,-0.00051,0.70684,0.00056,0.70737,1,3,0.99697,0.07369,0.00191,-0.02469,0.08120,0.07923,0.63230,1,0
1768333696.402832,-0.03395,0.45924,-0.75777,-0.04461,-0.00112,-0.00048,0.58632,0.00094,0.22803,-0.00051,0.70684,0.00056,0.70737,1,3,0.99697,0.07369,0.00191,-0.02469,0.08120,0.07923,0.63230,1,0
1768333696.404860,-0.01592,0.44426,-0.79496,-0.04588,-0.00220,0.00029,0.58636,0.00094,0.22803,-0.00051,0.70684,0.00056,0.70737,1,3,0.99694,0.07433,0.00271,-0.02422,0.08141,0.07919,0.63224,1,0
1768333696.406837,-0.04859,0.41908,-0.83215,-0.04728,-0.00114,0.00057,0.58636,0.00094,0.22803,-0.00051,0.70684,0.00056,0.70737,1,3,0.99694,0.07433,0.00271,-0.02422,0.08141,0.07919,0.63224,1,0
1768333696.408868,-0.05172,0.44219,-0.84785,-0.04787,-0.00240,0.00015,0.58640,0.00094,0.22803,-0.00051,0.70684,0.00056,0.70737,1,3,0.99694,0.07433,0.00271,-0.02422,0.08141,0.07919,0.63224,1,0
1768333696.410826,-0.06238,0.45935,-0.76484,-0.04483,-0.00370,-0.00059,0.58644,0.00094,0.22803,-0.00051,0.70684,0.00056,0.70737,1,3,0.99694,0.07433,0.00271,-0.02422,0.08141,0.07919,0.63224,1,0
1768333696.412838,-0.05132,0.46211,-0.74956,-0.04348,-0.00408,-0.00005,0.58644,0.00094,0.22803,-0.00051,0.70684,0.00056,0.70737,1,3,0.99694,0.07433,0.00271,-0.02422,0.08141,0.07919,0.63224,1,0
1768333696.414829,-0.03815,0.41871,-0.74105,-0.04422,-0.00281,0.00009,0.58648,0.00094,0.22803,-0.00051,0.70684,0.00056,0.70737,1,3,0.99694,0.07433,0.00271,-0.02422,0.08141,0.07919,0.63224,1,0
1768333696.416841,-0.03017,0.44152,-0.76491,-0.04438,-0.00064,-0.00022,0.58648,0.00094,0.22803,-0.00051,0.70684,0.00056,0.70737,1,3,0.99694,0.07433,0.00271,-0.02422,0.08141,0.07919,0.63224,1,0
1768333696.418827,-0.02663,0.45847,-0.72707,-0.04439,-0.00056,0.00074,0.58652,0.00094,0.22803,-0.00051,0.70684,0.00056,0.70737,1,3,0.99694,0.07433,0.00271,-0.02422,0.08141,0.07919,0.63224,1,0
1768333696.420820,-0.01933,0.44674,-0.81027,-0.04650,-0.00229,0.00001,0.58652,0.00094,0.22803,-0.00051,0.70684,0.00056,0.70737,1,3,0.99694,0.07433,0.00271,-0.02422,0.08141,0.07919,0.63224,1,0
1768333696.422822,-0.03049,0.44422,-0.80996,-0.04806,-0.00253,0.00030,0.58652,0.00094,0.22803,-0.00051,0.70684,0.00056,0.70737,1,3,0.99694,0.07433,0.00271,-0.02422,0.08141,0.07919,0.63224,1,0
1768333696.424844,-0.04459,0.44751,-0.83307,-0.04628,-0.00237,-0.00039,0.58656,0.00094,0.22803,-0.00051,0.70685,0.00056,0.70737,1,3,0.99694,0.07433,0.00271,-0.02422,0.08141,0.07919,0.63224,1,0
1768333696.426818,-0.05560,0.47229,-0.74286,-0.04401,-0.00113,-0.00059,0.58656,0.00094,0.22803,-0.00051,0.70685,0.00056,0.70737,1,3,0.99694,0.07433,0.00271,-0.02422,0.08141,0.07919,0.63224,1,0
1768333696.428840,-0.02571,0.47965,-0.74288,-0.04436,-0.00225,-0.00021,0.58660,0.00094,0.22803,-0.00051,0.70684,0.00056,0.70737,1,3,0.99694,0.07433,0.00271,-0.02422,0.08141,0.07919,0.63224,1,0
1768333696.430842,-0.04021,0.44618,-0.81734,-0.04629,-0.00419,0.00030,0.58660,0.00094,0.22803,-0.00051,0.70684,0.00056,0.70737,1,3,0.99694,0.07433,0.00271,-0.02422,0.08141,0.07919,0.63224,1,0
1768333696.432845,-0.04212,0.46799,-0.83315,-0.04843,-0.00431,-0.00012,0.58664,0.00094,0.22803,-0.00051,0.70684,0.00056,0.70737,1,3,0.99685,0.07493,0.00276,-0.02598,0.08161,0.07913,0.63207,1,0
1768333696.434866,-0.05972,0.43732,-0.80982,-0.04815,-0.00218,-0.00008,0.58664,0.00094,0.22803,-0.00051,0.70684,0.00056,0.70737,1,3,0.99685,0.07493,0.00276,-0.02598,0.08161,0.07913,0.63207,1,0
1768333696.436882,-0.02548,0.44916,-0.75744,-0.04473,-0.00121,-0.00022,0.58668,0.00094,0.22803,-0.00051,0.70684,0.00056,0.70737,1,3,0.99685,0.07493,0.00276,-0.02598,0.08161,0.07913,0.63207,1,0
1768333696.438862,-0.04215,0.43566,-0.78684,-0.04489,-0.00276,0.00059,0.58668,0.00094,0.22803,-0.00051,0.70684,0.00056,0.70737,1,3,0.99685,0.07493,0.00276,-0.02598,0.08161,0.07913,0.63207,1,0
1768333696.440862,-0.04042,0.42095,-0.77149,-0.04594,-0.00303,-0.00020,0.58668,0.00094,0.22803,-0.00051,0.70684,0.00056,0.70737,1,3,0.99685,0.07493,0.00276,-0.02598,0.08161,0.07913,0.63207,1,0
1768333696.442868,-0.05351,0.44477,-0.75682,-0.04500,-0.00430,-0.00058,0.58676,0.00094,0.22803,-0.00051,0.70684,0.00056,0.70737,1,3,0.99685,0.07493,0.00276,-0.02598,0.08161,0.07913,0.63207,1,0
1768333696.444890,-0.02637,0.43204,-0.75636,-0.04319,-0.00422,0.00033,0.58676,0.00094,0.22803,-0.00051,0.70684,0.00056,0.70737,1,3,0.99685,0.07493,0.00276,-0.02598,0.08161,0.07913,0.63207,1,0
1768333696.446894,-0.05175,0.44101,-0.77185,-0.04373,-0.00252,0.00047,0.58680,0.00094,0.22804,-0.00051,0.70684,0.00056,0.70738,1,3,0.99685,0.07493,0.00276,-0.02598,0.08161,0.07913,0.63207,1,0
1768333696.448866,-0.06440,0.45155,-0.82511,-0.04711,-0.00416,-0.00022,0.58680,0.00094,0.22804,-0.00051,0.70684,0.00056,0.70738,1,3,0.99685,0.07493,0.00276,-0.02598,0.08161,0.07913,0.63207,1,0
1768333696.450877,-0.06413,0.47092,-0.85627,-0.04731,-0.00368,-0.00079,0.58684,0.00094,0.22804,-0.00051,0.70684,0.00056,0.70738,1,3,0.99685,0.07493,0.00276,-0.02598,0.08161,0.07913,0.63207,1,0
1768333696.452845,-0.01681,0.49732,-0.79619,-0.04829,-0.00453,-0.00052,0.58684,0.00094,0.22804,-0.00051,0.70684,0.00056,0.70738,1,3,0.99685,0.07493,0.00276,-0.02598,0.08161,0.07913,0.63207,1,0
1768333696.454865,-0.03143,0.47991,-0.79596,-0.04654,-0.00320,-0.00065,0.58688,0.00094,0.22804,-0.00051,0.70683,0.00056,0.70738,1,3,0.99685,0.07493,0.00276,-0.02598,0.08161,0.07913,0.63207,1,0
1768333696.456840,-0.04880,0.45971,-0.73456,-0.04657,-0.00208,-0.00004,0.58688,0.00094,0.22804,-0.00051,0.70683,0.00056,0.70738,1,3,0.99685,0.07493,0.00276,-0.02598,0.08161,0.07913,0.63207,1,0
1768333696.458886,-0.03765,0.46219,-0.75765,-0.04501,-0.00184,-0.00034,0.58688,0.00094,0.22804,-0.00051,0.70683,0.00056,0.70738,1,3,0.99685,0.07493,0.00276,-0.02598,0.08161,0.07913,0.63207,1,0
1768333696.460878,-0.04697,0.44581,-0.75687,-0.04761,-0.00362,-0.00045,0.58692,0.00094,0.22804,-0.00051,0.70684,0.00056,0.70738,1,3,0.99685,0.07493,0.00276,-0.02598,0.08161,0.07913,0.63207,1,0
1768333696.462882,-0.05380,0.43405,-0.74900,-0.04513,-0.00327,-0.00031,0.58692,0.00094,0.22804,-0.00051,0.70684,0.00056,0.70738,1,3,0.99685,0.07493,0.00276,-0.02598,0.08161,0.07913,0.63207,1,0
1768333696.464877,-0.05098,0.47607,-0.70466,-0.04397,-0.00296,-0.00042,0.58696,0.00094,0.22804,-0.00051,0.70683,0.00056,0.70738,1,3,0.99685,0.07493,0.00276,-0.02598,0.08161,0.07913,0.63207,1,0
1768333696.466876,-0.04609,0.47357,-0.70444,-0.04465,-0.00340,-0.00016,0.58696,0.00094,0.22804,-0.00051,0.70683,0.00056,0.70738,1,3,0.99687,0.07555,0.00211,-0.02318,0.08189,0.07915,0.63247,1,0
1768333696.468870,-0.04489,0.45850,-0.77218,-0.04593,-0.00377,0.00020,0.58700,0.00094,0.22804,-0.00051,0.70683,0.00056,0.70738,1,3,0.99687,0.07555,0.00211,-0.02318,0.08189,0.07915,0.63247,1,0
1768333696.470892,-0.02584,0.45116,-0.81797,-0.04842,-0.00209,-0.00012,0.58700,0.00094,0.22804,-0.00051,0.70683,0.00056,0.70738,1,3,0.99687,0.07555,0.00211,-0.02318,0.08189,0.07915,0.63247,1,0
1768333696.472881,-0.03208,0.46321,-0.81853,-0.04674,-0.00088,-0.00026,0.58704,0.00094,0.22804,-0.00051,0.70683,0.00056,0.70738,1,3,0.99687,0.07555,0.00211,-0.02318,0.08189,0.07915,0.63247,1,0
1768333696.474878,-0.01740,0.47420,-0.75816,-0.04420,-0.00171,-0.00050,0.58708,0.00094,0.22804,-0.00051,0.70683,0.00056,0.70738,1,3,0.99687,0.07555,0.00211,-0.02318,0.08189,0.07915,0.63247,1,0
1768333696.476877,-0.04164,0.47057,-0.76508,-0.04512,-0.00318,0.00006,0.58708,0.00094,0.22804,-0.00051,0.70683,0.00056,0.70738,1,3,0.99687,0.07555,0.00211,-0.02318,0.08189,0.07915,0.63247,1,0
1768333696.478867,-0.02619,0.46218,-0.81819,-0.04763,-0.00324,-0.00039,0.58712,0.00094,0.22804,-0.00051,0.70683,0.00056,0.70738,1,3,0.99687,0.07555,0.00211,-0.02318,0.08189,0.07915,0.63247,1,0
1768333696.480865,-0.06527,0.44558,-0.80237,-0.04674,-0.00262,-0.00007,0.58712,0.00094,0.22804,-0.00051,0.70683,0.00056,0.70738,1,3,0.99687,0.07555,0.00211,-0.02318,0.08189,0.07915,0.63247,1,0
1768333696.482892,-0.04804,0.43493,-0.79471,-0.04709,-0.00219,-0.00021,0.58716,0.00094,0.22804,-0.00051,0.70683,0.00056,0.70738,1,3,0.99687,0.07555,0.00211,-0.02318,0.08189,0.07915,0.63247,1,0
1768333696.484899,-0.06328,0.43897,-0.74908,-0.04442,-0.00277,-0.00003,0.58716,0.00094,0.22804,-0.00051,0.70683,0.00056,0.70738,1,3,0.99687,0.07555,0.00211,-0.02318,0.08189,0.07915,0.63247,1,0
1768333696.486900,-0.04696,0.43982,-0.74160,-0.04331,-0.00387,-0.00044,0.58716,0.00094,0.22804,-0.00051,0.70683,0.00056,0.70738,1,3,0.99687,0.07555,0.00211,-0.02318,0.08189,0.07915,0.63247,1,0
1768333696.488906,-0.02837,0.43933,-0.75657,-0.04506,-0.00459,-0.00007,0.58720,0.00094,0.22804,-0.00051,0.70683,0.00056,0.70738,1,3,0.99687,0.07555,0.00211,-0.02318,0.08189,0.07915,0.63247,1,0
1768333696.490913,-0.04593,0.44853,-0.77227,-0.04474,-0.00299,-0.00034,0.58720,0.00094,0.22804,-0.00051,0.70683,0.00056,0.70738,1,3,0.99687,0.07555,0.00211,-0.02318,0.08189,0.07915,0.63247,1,0
1768333696.492909,-0.08065,0.51740,-0.75105,-0.04478,-0.00186,0.00023,0.58724,0.00094,0.22804,-0.00051,0.70683,0.00056,0.70738,1,3,0.99687,0.07555,0.00211,-0.02318,0.08189,0.07915,0.63247,1,0
1768333696.494914,-0.06126,0.49805,-0.73526,-0.04654,-0.00348,-0.00003,0.58724,0.00094,0.22804,-0.00051,0.70683,0.00056,0.70738,1,3,0.99687,0.07555,0.00211,-0.02318,0.08189,0.07915,0.63247,1,0
1768333696.496910,-0.03142,0.48615,-0.76539,-0.04625,-0.00485,-0.00035,0.58728,0.00094,0.22804,-0.00051,0.70683,0.00056,0.70738,1,3,0.99687,0.07555,0.00211,-0.02318,0.08189,0.07915,0.63247,1,0
1768333696.498889,-0.01626,0.42487,-0.72621,-0.04524,-0.00219,0.00008,0.58728,0.00094,0.22804,-0.00051,0.70683,0.00056,0.70738,1,3,0.99687,0.07555,0.00211,-0.02318,0.08189,0.07915,0.63247,1,0
1768333696.500886,-0.02950,0.45551,-0.77278,-0.04552,-0.00014,0.00017,0.58732,0.00094,0.22804,-0.00051,0.70683,0.00056,0.70738,1,3,0.99687,0.07555,0.00211,-0.02318,0.08189,0.07915,0.63247,1,0
1768333696.502902,-0.03550,0.42004,-0.84821,-0.04268,-0.00069,-0.00108,0.58732,0.00094,0.22804,-0.00051,0.70683,0.00056,0.70738,1,3,0.99680,0.07622,0.00164,-0.02407,0.08208,0.07908,0.63224,1,0
1768333696.504896,-0.03273,0.46892,-0.80310,-0.04624,-0.00189,0.00042,0.58737,0.00094,0.22804,-0.00051,0.70683,0.00056,0.70738,1,3,0.99680,0.07622,0.00164,-0.02407,0.08208,0.07908,0.63224,1,0
1768333696.506898,-0.00106,0.47160,-0.83350,-0.04773,-0.00367,0.00011,0.58737,0.00094,0.22804,-0.00051,0.70683,0.00056,0.70738,1,3,0.99680,0.07622,0.00164,-0.02407,0.08208,0.07908,0.63224,1,0
1768333696.508921,-0.03435,0.47161,-0.83342,-0.04839,-0.00288,0.00014,0.58737,0.00094,0.22804,-0.00051,0.70683,0.00056,0.70738,1,3,0.99680,0.07622,0.00164,-0.02407,0.08208,0.07908,0.63224,1,0
1768333696.510913,-0.06823,0.41328,-0.79415,-0.04757,-0.00232,-0.00059,0.58745,0.00094,0.22804,-0.00051,0.70683,0.00056,0.70738,1,3,0.99680,0.07622,0.00164,-0.02407,0.08208,0.07908,0.63224,1,0
1768333696.512920,-0.02397,0.43764,-0.78011,-0.04181,-0.00122,-0.00051,0.58745,0.00094,0.22804,-0.00051,0.70683,0.00056,0.70738,1,3,0.99680,0.07622,0.00164,-0.02407,0.08208,0.07908,0.63224,1,0
1768333696.514938,-0.01770,0.44551,-0.69636,-0.04368,-0.00270,-0.00004,0.58749,0.00094,0.22804,-0.00051,0.70683,0.00056,0.70738,1,3,0.99680,0.07622,0.00164,-0.02407,0.08208,0.07908,0.63224,1,0
1768333696.516903,-0.03500,0.43125,-0.69610,-0.04298,-0.00248,-0.00042,0.58749,0.00094,0.22804,-0.00051,0.70683,0.00056,0.70738,1,3,0.99680,0.07622,0.00164,-0.02407,0.08208,0.07908,0.63224,1,0
1768333696.518908,-0.03837,0.45789,-0.72705,-0.04418,-0.00233,-0.00018,0.58752,0.00094,0.22804,-0.00051,0.70683,0.00056,0.70738,1,3,0.99680,0.07622,0.00164,-0.02407,0.08208,0.07908,0.63224,1,0
1768333696.520903,-0.03376,0.42071,-0.74148,-0.04420,-0.00211,-0.00059,0.58752,0.00094,0.22804,-0.00051,0.70683,0.00056,0.70738,1,3,0.99680,0.07622,0.00164,-0.02407,0.08208,0.07908,0.63224,1,0
1768333696.522911,-0.03098,0.46677,-0.75786,-0.04364,-0.00116,-0.00009,0.58756,0.00094,0.22804,-0.00051,0.70683,0.00056,0.70738,1,3,0.99680,0.07622,0.00164,-0.02407,0.08208,0.07908,0.63224,1,0
1768333696.524910,-0.04762,0.44299,-0.75711,-0.04349,-0.00170,-0.00019,0.58756,0.00094,0.22804,-0.00051,0.70683,0.00056,0.70738,1,3,0.99680,0.07622,0.00164,-0.02407,0.08208,0.07908,0.63224,1,0
1768333696.526937,-0.05927,0.49937,-0.78118,-0.04500,-0.00160,0.00005,0.58756,0.00094,0.22804,-0.00051,0.70683,0.00056,0.70738,1,3,0.99680,0.07622,0.00164,-0.02407,0.08208,0.07908,0.63224,1,0
1768333696.528921,-0.02495,0.46213,-0.78755,-0.04894,-0.00376,0.00004,0.58760,0.00094,0.22803,-0.00051,0.70683,0.00056,0.70738,1,3,0.99680,0.07622,0.00164,-0.02407,0.08208,0.07908,0.63224,1,0
1768333696.530912,-0.06859,0.46822,-0.74982,-0.04734,-0.00312,-0.00043,0.58760,0.00094,0.22803,-0.00051,0.70683,0.00056,0.70738,1,3,0.99680,0.07622,0.00164,-0.02407,0.08208,0.07908,0.63224,1,0
1768333696.532906,-0.04361,0.43958,-0.71931,-0.04353,-0.00048,-0.00031,0.58760,0.00094,0.22803,-0.00051,0.70683,0.00056,0.70738,1,3,0.99680,0.07622,0.00164,-0.02407,0.08208,0.07908,0.63224,1,0
1768333696.534905,-0.05307,0.47369,-0.74298,-0.04312,0.00037,-0.00006,0.58765,0.00094,0.22804,-0.00051,0.70683,0.00056,0.70738,1,3,0.99680,0.07622,0.00164,-0.02407,0.08208,0.07908,0.63224,1,0
1768333696.536928,-0.00943,0.44923,-0.71195,-0.04385,-0.00141,-0.00020,0.58765,0.00094,0.22804,-0.00051,0.70683,0.00056,0.70738,1,3,0.99675,0.07685,0.00204,-0.02405,0.08232,0.07906,0.63243,1,0
1768333696.538947,-0.02452,0.44558,-0.71177,-0.04477,-0.00275,-0.00085,0.58768,0.00094,0.22804,-0.00051,0.70683,0.00056,0.70738,1,3,0.99675,0.07685,0.00204,-0.02405,0.08232,0.07906,0.63243,1,0
1768333696.541080,-0.02918,0.43849,-0.76436,-0.04464,-0.00331,-0.00008,0.58773,0.00094,0.22804,-0.00051,0.70683,0.00056,0.70738,1,3,0.99675,0.07685,0.00204,-0.02405,0.08232,0.07906,0.63243,1,0
1768333696.542954,-0.03911,0.48193,-0.76555,-0.04411,-0.00170,0.00032,0.58773,0.00094,0.22804,-0.00051,0.70683,0.00056,0.70738,1,3,0.99675,0.07685,0.00204,-0.02405,0.08232,0.07906,0.63243,1,0
1768333696.544929,-0.05102,0.45040,-0.76483,-0.04428,-0.00192,-0.00020,0.58777,0.00094,0.22803,-0.00051,0.70683,0.00056,0.70738,1,3,0.99675,0.07685,0.00204,-0.02405,0.08232,0.07906,0.63243,1,0
1768333696.547099,-0.04618,0.46333,-0.76488,-0.04478,-0.00312,0.00007,0.58781,0.00094,0.22804,-0.00051,0.70683,0.00056,0.70738,1,3,0.99675,0.07685,0.00204,-0.02405,0.08232,0.07906,0.63243,1,0
1768333696.549366,-0.04428,0.42055,-0.68001,-0.04551,-0.00528,-0.00025,0.58781,0.00094,0.22804,-0.00051,0.70683,0.00056,0.70738,1,3,0.99675,0.07685,0.00204,-0.02405,0.08232,0.07906,0.63243,1,0
1768333696.550947,-0.04248,0.45551,-0.72702,-0.04421,-0.00228,-0.00031,0.58785,0.00094,0.22803,-0.00051,0.70683,0.00056,0.70738,1,3,0.99675,0.07685,0.00204,-0.02405,0.08232,0.07906,0.63243,1,0
1768333696.552929,-0.03401,0.45400,-0.76505,-0.04489,-0.00098,0.00005,0.58785,0.00094,0.22803,-0.00051,0.70683,0.00056,0.70738,1,3,0.99675,0.07685,0.00204,-0.02405,0.08232,0.07906,0.63243,1,0
1768333696.554946,-0.04058,0.47389,-0.78080,-0.04640,-0.00143,-0.00049,0.58789,0.00094,0.22803,-0.00051,0.70684,0.00056,0.70738,1,3,0.99675,0.07685,0.00204,-0.02405,0.08232,0.07906,0.63243,1,0
1768333696.556957,-0.01863,0.48632,-0.80354,-0.04733,-0.00283,0.00014,0.58789,0.00094,0.22803,-0.00051,0.70684,0.00056,0.70738,1,3,0.99675,0.07685,0.00204,-0.02405,0.08232,0.07906,0.63243,1,0
1768333696.558937,-0.02450,0.43804,-0.81000,-0.04858,-0.00414,-0.00091,0.58789,0.00094,0.22803,-0.00051,0.70684,0.00056,0.70738,1,3,0.99675,0.07685,0.00204,-0.02405,0.08232,0.07906,0.63243,1,0
1768333696.560930,-0.04859,0.43545,-0.77189,-0.04643,-0.00257,-0.00020,0.58793,0.00094,0.22803,-0.00051,0.70684,0.00056,0.70738,1,3,0.99675,0.07685,0.00204,-0.02405,0.08232,0.07906,0.63243,1,0
1768333696.562952,-0.05617,0.43365,-0.69609,-0.04317,-0.00185,-0.00027,0.58793,0.00094,0.22803,-0.00051,0.70684,0.00056,0.70738,1,3,0.99675,0.07685,0.00204,-0.02405,0.08232,0.07906,0.63243,1,0
1768333696.564948,-0.03427,0.43005,-0.65783,-0.03971,-0.00312,0.00028,0.58793,0.00094,0.22803,-0.00051,0.70684,0.00056,0.70738,1,3,0.99675,0.07685,0.00204,-0.02405,0.08232,0.07906,0.63243,1,0
1768333696.566978,-0.02403,0.43432,-0.67300,-0.04163,-0.00337,0.00053,0.58797,0.00094,0.22803,-0.00051,0.70684,0.00056,0.70737,1,3,0.99675,0.07685,0.00204,-0.02405,0.08232,0.07906,0.63243,1,0
1768333696.568954,-0.03799,0.43281,-0.71133,-0.04449,-0.00181,-0.00030,0.58797,0.00094,0.22803,-0.00051,0.70684,0.00056,0.70737,1,3,0.99675,0.07685,0.00204,-0.02405,0.08232,0.07906,0.63243,1,0
1768333696.570953,-0.02563,0.45374,-0.76528,-0.04467,-0.00071,-0.00036,0.58801,0.00094,0.22803,-0.00051,0.70684,0.00056,0.70737,1,3,0.99675,0.07685,0.00204,-0.02405,0.08232,0.07906,0.63243,1,0
1768333696.572955,-0.05344,0.48195,-0.80349,-0.04630,-0.00204,-0.00010,0.58801,0.00094,0.22803,-0.00051,0.70684,0.00056,0.70737,1,3,0.99675,0.07685,0.00204,-0.02405,0.08232,0.07906,0.63243,1,0
1768333696.574976,-0.02733,0.47728,-0.81860,-0.04657,-0.00324,-0.00040,0.58805,0.00094,0.22803,-0.00051,0.70684,0.00056,0.70737,1,3,0.99667,0.07757,0.00275,-0.02485,0.08252,0.07901,0.63223,1,0
1768333696.576958,-0.01882,0.43248,-0.75643,-0.04689,-0.00317,0.00046,0.58805,0.00094,0.22803,-0.00051,0.70684,0.00056,0.70737,1,3,0.99667,0.07757,0.00275,-0.02485,0.08252,0.07901,0.63223,1,0
1768333696.578958,-0.05380,0.44343,-0.64314,-0.04524,-0.00240,-0.00050,0.58809,0.00094,0.22803,-0.00051,0.70684,0.00056,0.70737,1,3,0.99667,0.07757,0.00275,-0.02485,0.08252,0.07901,0.63223,1,0
1768333696.580957,-0.03927,0.43331,-0.76451,-0.04317,-0.00205,-0.00034,0.58813,0.00094,0.22803,-0.00051,0.70684,0.00056,0.70737,1,3,0.99667,0.07757,0.00275,-0.02485,0.08252,0.07901,0.63223,1,0
1768333696.582958,-0.02736,0.43524,-0.72688,-0.04249,-0.00131,-0.00060,0.58813,0.00094,0.22803,-0.00051,0.70684,0.00056,0.70737,1,3,0.99667,0.07757,0.00275,-0.02485,0.08252,0.07901,0.63223,1,0
1768333696.584958,-0.04089,0.43016,-0.78683,-0.04605,-0.00239,0.00032,0.58817,0.00094,0.22803,-0.00051,0.70684,0.00056,0.70737,1,3,0.99667,0.07757,0.00275,-0.02485,0.08252,0.07901,0.63223,1,0
1768333696.586975,-0.02047,0.46204,-0.75785,-0.04501,-0.00205,-0.00076,0.58821,0.00094,0.22803,-0.00051,0.70684,0.00056,0.70737,1,3,0.99667,0.07757,0.00275,-0.02485,0.08252,0.07901,0.63223,1,0
1768333696.588969,-0.02944,0.46696,-0.75771,-0.04495,-0.00194,-0.00008,0.58821,0.00094,0.22803,-0.00051,0.70684,0.00056,0.70737,1,3,0.99667,0.07757,0.00275,-0.02485,0.08252,0.07901,0.63223,1,0
1768333696.590946,-0.03343,0.40596,-0.76368,-0.04460,-0.00247,-0.00020,0.58825,0.00094,0.22803,-0.00051,0.70684,0.00056,0.70737,1,3,0.99667,0.07757,0.00275,-0.02485,0.08252,0.07901,0.63223,1,0
1768333696.592958,-0.01790,0.43570,-0.74174,-0.04336,-0.00269,-0.00021,0.58825,0.00094,0.22803,-0.00051,0.70684,0.00056,0.70737,1,3,0.99667,0.07757,0.00275,-0.02485,0.08252,0.07901,0.63223,1,0
1768333696.594977,-0.03027,0.45811,-0.71186,-0.04374,-0.00268,-0.00018,0.58825,0.00094,0.22803,-0.00051,0.70684,0.00056,0.70737,1,3,0.99667,0.07757,0.00275,-0.02485,0.08252,0.07901,0.63223,1,0
1768333696.596986,-0.03082,0.46221,-0.72722,-0.04369,-0.00166,0.00008,0.58825,0.00094,0.22803,-0.00051,0.70684,0.00056,0.70737,1,3,0.99667,0.07757,0.00275,-0.02485,0.08252,0.07901,0.63223,1,0
1768333696.598975,-0.01552,0.45462,-0.80282,-0.04597,-0.00285,0.00001,0.58829,0.00094,0.22803,-0.00051,0.70684,0.00056,0.70737,1,3,0.99667,0.07757,0.00275,-0.02485,0.08252,0.07901,0.63223,1,0
1768333696.600979,-0.03209,0.40552,-0.75587,-0.04613,-0.00261,0.00021,0.58829,0.00094,0.22803,-0.00051,0.70684,0.00056,0.70737,1,3,0.99667,0.07757,0.00275,-0.02485,0.08252,0.07901,0.63223,1,0
1768333696.602983,-0.05186,0.42037,-0.74902,-0.04355,-0.00100,-0.00018,0.58833,0.00094,0.22803,-0.00051,0.70684,0.00056,0.70737,1,3,0.99667,0.07757,0.00275,-0.02485,0.08252,0.07901,0.63223,1,0
1768333696.604992,-0.04916,0.44851,-0.62823,-0.04190,-0.00157,-0.00023,0.58833,0.00094,0.22803,-0.00051,0.70684,0.00056,0.70737,1,3,0.99667,0.07757,0.00275,-0.02485,0.08252,0.07901,0.63223,1,0
1768333696.606976,-0.02212,0.46717,-0.72758,-0.04363,-0.00178,-0.00047,0.58837,0.00094,0.22803,-0.00051,0.70684,0.00056,0.70737,1,3,0.99667,0.07757,0.00275,-0.02485,0.08252,0.07901,0.63223,1,0
1768333696.608993,-0.02756,0.45248,-0.76474,-0.04643,-0.00296,-0.00008,0.58837,0.00094,0.22803,-0.00051,0.70684,0.00056,0.70737,1,3,0.99661,0.07812,0.00241,-0.02571,0.08275,0.07899,0.63228,1,0
1768333696.611001,-0.02762,0.42744,-0.76405,-0.04652,-0.00255,0.00020,0.58841,0.00094,0.22803,-0.00051,0.70684,0.00056,0.70737,1,3,0.99661,0.07812,0.00241,-0.02571,0.08275,0.07899,0.63228,1,0
1768333696.612981,-0.03426,0.47969,-0.75083,-0.04392,-0.00165,-0.00102,0.58841,0.00094,0.22803,-0.00051,0.70684,0.00056,0.70737,1,3,0.99661,0.07812,0.00241,-0.02571,0.08275,0.07899,0.63228,1,0
1768333696.614986,-0.04435,0.42661,-0.71871,-0.04216,-0.00236,-0.00030,0.58849,0.00094,0.22803,-0.00051,0.70684,0.00056,0.70737,1,3,0.99661,0.07812,0.00241,-0.02571,0.08275,0.07899,0.63228,1,0
1768333696.616980,-0.02262,0.42246,-0.71894,-0.04308,-0.00110,-0.00046,0.58849,0.00094,0.22803,-0.00051,0.70684,0.00056,0.70737,1,3,0.99661,0.07812,0.00241,-0.02571,0.08275,0.07899,0.63228,1,0
1768333696.619108,-0.02804,0.43461,-0.63554,-0.04250,-0.00054,0.00028,0.58853,0.00094,0.22803,-0.00051,0.70684,0.00056,0.70737,1,3,0.99661,0.07812,0.00241,-0.02571,0.08275,0.07899,0.63228,1,0
1768333696.620990,-0.02560,0.43589,-0.76443,-0.04401,-0.00297,-0.00022,0.58853,0.00094,0.22803,-0.00051,0.70684,0.00056,0.70737,1,3,0.99661,0.07812,0.00241,-0.02571,0.08275,0.07899,0.63228,1,0
1768333696.623020,-0.04279,0.43046,-0.71117,-0.04408,-0.00175,-0.00002,0.58853,0.00094,0.22803,-0.00051,0.70684,0.00056,0.70737,1,3,0.99661,0.07812,0.00241,-0.02571,0.08275,0.07899,0.63228,1,0
1768333696.624978,-0.00696,0.42139,-0.76460,-0.04244,-0.00014,-0.00011,0.58857,0.00094,0.22803,-0.00051,0.70684,0.00056,0.70737,1,3,0.99661,0.07812,0.00241,-0.02571,0.08275,0.07899,0.63228,1,0
1768333696.626985,-0.03702,0.45378,-0.74235,-0.04249,0.00020,0.00047,0.58857,0.00094,0.22803,-0.00051,0.70684,0.00056,0.70737,1,3,0.99661,0.07812,0.00241,-0.02571,0.08275,0.07899,0.63228,1,0
1768333696.628993,-0.03728,0.43699,-0.77974,-0.04553,-0.00143,-0.00008,0.58857,0.00094,0.22803,-0.00051,0.70684,0.00056,0.70737,1,3,0.99661,0.07812,0.00241,-0.02571,0.08275,0.07899,0.63228,1,0
1768333696.631015,-0.04088,0.42847,-0.74877,-0.04913,-0.00418,-0.00058,0.58861,0.00094,0.22802,-0.00051,0.70685,0.00056,0.70737,1,3,0.99661,0.07812,0.00241,-0.02571,0.08275,0.07899,0.63228,1,0
1768333696.633011,-0.02848,0.41845,-0.77880,-0.04554,-0.00342,0.00046,0.58861,0.00094,0.22802,-0.00051,0.70685,0.00056,0.70737,1,3,0.99661,0.07812,0.00241,-0.02571,0.08275,0.07899,0.63228,1,0
1768333696.635011,-0.04428,0.46021,-0.72719,-0.04285,-0.00150,-0.00005,0.58865,0.00094,0.22803,-0.00051,0.70685,0.00056,0.70737,1,3,0.99661,0.07812,0.00241,-0.02571,0.08275,0.07899,0.63228,1,0
1768333696.637011,-0.01149,0.41541,-0.73366,-0.04186,-0.00173,0.00033,0.58865,0.00094,0.22803,-0.00051,0.70685,0.00056,0.70737,1,3,0.99661,0.07812,0.00241,-0.02571,0.08275,0.07899,0.63228,1,0
1768333696.638997,-0.03428,0.45041,-0.74225,-0.04384,-0.00213,-0.00060,0.58869,0.00094,0.22803,-0.00051,0.70685,0.00056,0.70737,1,3,0.99659,0.07877,0.00094,-0.02460,0.08298,0.07896,0.63238,1,0
1768333696.640994,-0.03397,0.43000,-0.72641,-0.04452,-0.00160,-0.00004,0.58869,0.00094,0.22803,-0.00051,0.70685,0.00056,0.70737,1,3,0.99659,0.07877,0.00094,-0.02460,0.08298,0.07896,0.63238,1,0
1768333696.643016,-0.03920,0.47246,-0.70456,-0.04379,-0.00195,0.00023,0.58873,0.00094,0.22803,-0.00051,0.70684,0.00056,0.70737,1,3,0.99659,0.07877,0.00094,-0.02460,0.08298,0.07896,0.63238,1,0
1768333696.645006,-0.02530,0.45353,-0.68152,-0.04052,-0.00211,-0.00003,0.58877,0.00094,0.22803,-0.00051,0.70684,0.00056,0.70737,1,3,0.99659,0.07877,0.00094,-0.02460,0.08298,0.07896,0.63238,1,0
1768333696.646994,-0.03220,0.43771,-0.66599,-0.04224,-0.00112,-0.00001,0.58877,0.00094,0.22803,-0.00051,0.70684,0.00056,0.70737,1,3,0.99659,0.07877,0.00094,-0.02460,0.08298,0.07896,0.63238,1,0
1768333696.648999,0.00025,0.40713,-0.72664,-0.04065,-0.00010,-0.00089,0.58881,0.00094,0.22803,-0.00051,0.70685,0.00056,0.70737,1,3,0.99659,0.07877,0.00094,-0.02460,0.08298,0.07896,0.63238,1,0
1768333696.651001,-0.03222,0.46114,-0.71990,-0.04283,0.00013,0.00008,0.58881,0.00094,0.22803,-0.00051,0.70685,0.00056,0.70737,1,3,0.99659,0.07877,0.00094,-0.02460,0.08298,0.07896,0.63238,1,0
1768333696.652988,-0.01423,0.46676,-0.70473,-0.04342,-0.00149,-0.00006,0.58885,0.00094,0.22803,-0.00051,0.70685,0.00056,0.70737,1,3,0.99659,0.07877,0.00094,-0.02460,0.08298,0.07896,0.63238,1,0
1768333696.654994,-0.01468,0.49175,-0.69786,-0.04290,-0.00164,-0.00033,0.58885,0.00094,0.22803,-0.00051,0.70685,0.00056,0.70737,1,3,0.99659,0.07877,0.00094,-0.02460,0.08298,0.07896,0.63238,1,0
1768333696.656990,-0.02219,0.44218,-0.73466,-0.04350,-0.00125,-0.00061,0.58889,0.00094,0.22803,-0.00051,0.70684,0.00056,0.70737,1,3,0.99659,0.07877,0.00094,-0.02460,0.08298,0.07896,0.63238,1,0
1768333696.658988,-0.06583,0.44981,-0.63565,-0.04647,-0.00124,-0.00008,0.58889,0.00094,0.22803,-0.00051,0.70684,0.00056,0.70737,1,3,0.99659,0.07877,0.00094,-0.02460,0.08298,0.07896,0.63238,1,0
1768333696.661033,-0.01321,0.45692,-0.75002,-0.04419,-0.00187,-0.00023,0.58889,0.00094,0.22803,-0.00051,0.70684,0.00056,0.70737,1,3,0.99659,0.07877,0.00094,-0.02460,0.08298,0.07896,0.63238,1,0
1768333696.663027,-0.04951,0.45300,-0.72687,-0.04206,-0.00142,0.00036,0.58893,0.00094,0.22803,-0.00051,0.70684,0.00056,0.70737,1,3,0.99659,0.07877,0.00094,-0.02460,0.08298,0.07896,0.63238,1,0
1768333696.665015,-0.01906,0.46004,-0.69688,-0.04263,-0.00193,-0.00005,0.58893,0.00094,0.22803,-0.00051,0.70684,0.00056,0.70737,1,3,0.99659,0.07877,0.00094,-0.02460,0.08298,0.07896,0.63238,1,0
1768333696.667014,-0.03048,0.43769,-0.69623,-0.04377,-0.00178,-0.00003,0.58897,0.00094,0.22802,-0.00051,0.70685,0.00056,0.70737,1,3,0.99659,0.07877,0.00094,-0.02460,0.08298,0.07896,0.63238,1,0
1768333696.669012,-0.02708,0.41037,-0.71836,-0.04301,-0.00141,0.00009,0.58897,0.00094,0.22802,-0.00051,0.70685,0.00056,0.70737,1,3,0.99653,0.07948,0.00176,-0.02453,0.08319,0.07892,0.63230,1,0
1768333696.671015,-0.03218,0.44691,-0.73444,-0.04279,-0.00074,0.00047,0.58901,0.00094,0.22802,-0.00051,0.70685,0.00056,0.70737,1,3,0.99653,0.07948,0.00176,-0.02453,0.08319,0.07892,0.63230,1,0
1768333696.673015,-0.03891,0.41297,-0.82458,-0.04386,-0.00177,0.00016,0.58905,0.00094,0.22802,-0.00051,0.70685,0.00056,0.70736,1,3,0.99653,0.07948,0.00176,-0.02453,0.08319,0.07892,0.63230,1,0
1768333696.675013,-0.07655,0.45511,-0.81765,-0.04488,-0.00146,0.00086,0.58905,0.00094,0.22802,-0.00051,0.70685,0.00056,0.70736,1,3,0.99653,0.07948,0.00176,-0.02453,0.08319,0.07892,0.63230,1,0
1768333696.677012,-0.03716,0.43289,-0.77164,-0.04558,-0.00269,0.00047,0.58909,0.00094,0.22802,-0.00051,0.70685,0.00056,0.70736,1,3,0.99653,0.07948,0.00176,-0.02453,0.08319,0.07892,0.63230,1,0
1768333696.679029,-0.03717,0.44780,-0.79497,-0.04540,-0.00271,0.00004,0.58909,0.00094,0.22802,-0.00051,0.70685,0.00056,0.70736,1,3,0.99653,0.07948,0.00176,-0.02453,0.08319,0.07892,0.63230,1,0
1768333696.681014,0.00139,0.43648,-0.78014,-0.04226,-0.00076,-0.00013,0.58913,0.00094,0.22802,-0.00051,0.70685,0.00056,0.70737,1,3,0.99653,0.07948,0.00176,-0.02453,0.08319,0.07892,0.63230,1,0
1768333696.683016,0.00136,0.43585,-0.75005,-0.04226,0.00025,-0.00051,0.58913,0.00094,0.22802,-0.00051,0.70685,0.00056,0.70737,1,3,0.99653,0.07948,0.00176,-0.02453,0.08319,0.07892,0.63230,1,0
1768333696.685028,-0.00390,0.41427,-0.73391,-0.04143,-0.00029,0.00032,0.58917,0.00094,0.22802,-0.00051,0.70684,0.00056,0.70737,1,3,0.99653,0.07948,0.00176,-0.02453,0.08319,0.07892,0.63230,1,0
1768333696.687019,-0.01577,0.44299,-0.71155,-0.04174,-0.00208,0.00021,0.58917,0.00094,0.22802,-0.00051,0.70684,0.00056,0.70737,1,3,0.99653,0.07948,0.00176,-0.02453,0.08319,0.07892,0.63230,1,0
1768333696.689034,-0.01456,0.45785,-0.70423,-0.04287,-0.00261,0.00021,0.58917,0.00094,0.22802,-0.00051,0.70684,0.00056,0.70737,1,3,0.99653,0.07948,0.00176,-0.02453,0.08319,0.07892,0.63230,1,0
1768333696.691041,-0.02734,0.45880,-0.68964,-0.04308,-0.00006,-0.00044,0.58921,0.00094,0.22802,-0.00051,0.70684,0.00056,0.70737,1,3,0.99653,0.07948,0.00176,-0.02453,0.08319,0.07892,0.63230,1,0
1768333696.693050,-0.03736,0.40043,-0.71850,-0.04117,-0.00015,-0.00044,0.58921,0.00094,0.22802,-0.00051,0.70684,0.00056,0.70737,1,3,0.99653,0.07948,0.00176,-0.02453,0.08319,0.07892,0.63230,1,0
1768333696.695047,0.00778,0.44677,-0.66670,-0.04016,-0.00048,-0.00033,0.58925,0.00094,0.22803,-0.00051,0.70684,0.00056,0.70737,1,3,0.99653,0.07948,0.00176,-0.02453,0.08319,0.07892,0.63230,1,0
1768333696.697048,0.00604,0.41925,-0.68860,-0.04246,-0.00081,-0.00019,0.58925,0.00094,0.22803,-0.00051,0.70684,0.00056,0.70737,1,3,0.99653,0.07948,0.00176,-0.02453,0.08319,0.07892,0.63230,1,0
1768333696.699044,-0.01117,0.42857,-0.68870,-0.04279,0.00016,0.00036,0.58929,0.00094,0.22802,-0.00051,0.70684,0.00056,0.70737,1,3,0.99653,0.07948,0.00176,-0.02453,0.08319,0.07892,0.63230,1,0
1768333696.701044,-0.02772,0.44410,-0.74226,-0.04282,-0.00029,-0.00007,0.58929,0.00094,0.22802,-0.00051,0.70684,0.00056,0.70737,1,3,0.99653,0.07948,0.00176,-0.02453,0.08319,0.07892,0.63230,1,0
1768333696.703054,-0.00982,0.47726,-0.70520,-0.04438,0.00036,0.00020,0.58933,0.00094,0.22803,-0.00051,0.70684,0.00056,0.70737,1,3,0.99649,0.08036,0.00196,-0.02331,0.08344,0.07891,0.63249,1,0
1768333696.705049,-0.01706,0.46318,-0.75795,-0.04499,-0.00056,-0.00023,0.58933,0.00094,0.22803,-0.00051,0.70684,0.00056,0.70737,1,3,0.99649,0.08036,0.00196,-0.02331,0.08344,0.07891,0.63249,1,0
1768333696.707042,-0.03438,0.44454,-0.71944,-0.04413,-0.00098,-0.00045,0.58937,0.00094,0.22803,-0.00051,0.70684,0.00056,0.70738,1,3,0.99649,0.08036,0.00196,-0.02331,0.08344,0.07891,0.63249,1,0
1768333696.709104,-0.02335,0.41306,-0.72597,-0.04254,-0.00171,0.00022,0.58937,0.00094,0.22803,-0.00051,0.70684,0.00056,0.70738,1,3,0.99649,0.08036,0.00196,-0.02331,0.08344,0.07891,0.63249,1,0
1768333696.711053,-0.03664,0.40528,-0.70327,-0.04198,-0.00041,-0.00016,0.58941,0.00094,0.22803,-0.00051,0.70684,0.00056,0.70737,1,3,0.99649,0.08036,0.00196,-0.02331,0.08344,0.07891,0.63249,1,0
1768333696.713043,0.01301,0.41909,-0.71912,-0.04115,-0.00038,-0.00023,0.58945,0.00094,0.22803,-0.00051,0.70684,0.00056,0.70737,1,3,0.99649,0.08036,0.00196,-0.02331,0.08344,0.07891,0.63249,1,0
1768333696.715063,-0.04860,0.41755,-0.74915,-0.04271,-0.00027,-0.00032,0.58945,0.00094,0.22803,-0.00051,0.70684,0.00056,0.70737,1,3,0.99649,0.08036,0.00196,-0.02331,0.08344,0.07891,0.63249,1,0
1768333696.717040,-0.03116,0.43849,-0.71894,-0.04289,-0.00253,-0.00004,0.58949,0.00094,0.22803,-0.00051,0.70684,0.00056,0.70737,1,3,0.99649,0.08036,0.00196,-0.02331,0.08344,0.07891,0.63249,1,0
1768333696.719050,-0.05544,0.41927,-0.74857,-0.04378,-0.00285,0.00010,0.58949,0.00094,0.22803,-0.00051,0.70684,0.00056,0.70737,1,3,0.99649,0.08036,0.00196,-0.02331,0.08344,0.07891,0.63249,1,0
1768333696.721057,-0.01939,0.40526,-0.70327,-0.04220,-0.00100,-0.00017,0.58953,0.00094,0.22803,-0.00051,0.70684,0.00056,0.70737,1,3,0.99649,0.08036,0.00196,-0.02331,0.08344,0.07891,0.63249,1,0
1768333696.723061,-0.03669,0.41577,-0.71114,-0.04164,-0.00106,-0.00044,0.58953,0.00094,0.22803,-0.00051,0.70684,0.00056,0.70737,1,3,0.99649,0.08036,0.00196,-0.02331,0.08344,0.07891,0.63249,1,0
1768333696.725130,-0.00362,0.41021,-0.71115,-0.04105,-0.00107,-0.00033,0.58953,0.00094,0.22803,-0.00051,0.70684,0.00056,0.70737,1,3,0.99649,0.08036,0.00196,-0.02331,0.08344,0.07891,0.63249,1,0
1768333696.727067,-0.02786,0.44493,-0.74196,-0.04259,-0.00142,0.00033,0.58957,0.00094,0.22803,-0.00051,0.70684,0.00056,0.70737,1,3,0.99649,0.08036,0.00196,-0.02331,0.08344,0.07891,0.63249,1,0
1768333696.729146,-0.02337,0.42532,-0.74122,-0.04633,-0.00299,0.00008,0.58957,0.00094,0.22803,-0.00051,0.70684,0.00056,0.70737,1,3,0.99649,0.08036,0.00196,-0.02331,0.08344,0.07891,0.63249,1,0
1768333696.731071,-0.04153,0.40701,-0.77866,-0.04458,-0.00364,-0.00020,0.58961,0.00094,0.22803,-0.00051,0.70684,0.00056,0.70737,1,3,0.99649,0.08036,0.00196,-0.02331,0.08344,0.07891,0.63249,1,0
1768333696.733063,-0.03386,0.42367,-0.74174,-0.04023,-0.00135,-0.00047,0.58961,0.00094,0.22803,-0.00051,0.70684,0.00056,0.70737,1,3,0.99649,0.08036,0.00196,-0.02331,0.08344,0.07891,0.63249,1,0
1768333696.735059,-0.03270,0.44340,-0.68146,-0.04130,-0.00164,-0.00056,0.58965,0.00094,0.22803,-0.00051,0.70684,0.00056,0.70738,1,3,0.99649,0.08036,0.00196,-0.02331,0.08344,0.07891,0.63249,1,0
1768333696.737057,-0.01509,0.41444,-0.72596,-0.04165,-0.00334,-0.00019,0.58965,0.00094,0.22803,-0.00051,0.70684,0.00056,0.70738,1,3,0.99642,0.08087,0.00232,-0.02451,0.08367,0.07888,0.63252,1,0
1768333696.739056,-0.01255,0.44073,-0.69641,-0.04067,-0.00199,0.00008,0.58969,0.00094,0.22803,-0.00051,0.70684,0.00056,0.70738,1,3,0.99642,0.08087,0.00232,-0.02451,0.08367,0.07888,0.63252,1,0
1768333696.741060,-0.03148,0.45678,-0.72717,-0.04332,-0.00089,0.00021,0.58969,0.00094,0.22803,-0.00051,0.70684,0.00056,0.70738,1,3,0.99642,0.08087,0.00232,-0.02451,0.08367,0.07888,0.63252,1,0
1768333696.743059,-0.03060,0.45171,-0.69692,-0.04382,-0.00065,-0.00044,0.58973,0.00094,0.22804,-0.00051,0.70683,0.00056,0.70738,1,3,0.99642,0.08087,0.00232,-0.02451,0.08367,0.07888,0.63252,1,0
1768333696.745054,-0.01865,0.45422,-0.68162,-0.04335,-0.00104,0.00010,0.58977,0.00094,0.22804,-0.00051,0.70684,0.00056,0.70738,1,3,0.99642,0.08087,0.00232,-0.02451,0.08367,0.07888,0.63252,1,0
1768333696.747072,-0.00678,0.40830,-0.67282,-0.04194,-0.00204,-0.00003,0.58977,0.00094,0.22804,-0.00051,0.70684,0.00056,0.70738,1,3,0.99642,0.08087,0.00232,-0.02451,0.08367,0.07888,0.63252,1,0
1768333696.749140,-0.02225,0.40551,-0.65788,-0.03957,-0.00021,-0.00014,0.58982,0.00094,0.22804,-0.00051,0.70684,0.00056,0.70738,1,3,0.99642,0.08087,0.00232,-0.02451,0.08367,0.07888,0.63252,1,0
1768333696.751056,-0.00013,0.38811,-0.69544,-0.04022,-0.00097,-0.00032,0.58982,0.00094,0.22804,-0.00051,0.70684,0.00056,0.70738,1,3,0.99642,0.08087,0.00232,-0.02451,0.08367,0.07888,0.63252,1,0
1768333696.753066,0.00870,0.41736,-0.71123,-0.04096,-0.00122,0.00006,0.58986,0.00094,0.22804,-0.00051,0.70684,0.00056,0.70738,1,3,0.99642,0.08087,0.00232,-0.02451,0.08367,0.07888,0.63252,1,0
1768333696.755072,0.00653,0.43904,-0.74969,-0.04310,-0.00133,0.00002,0.58986,0.00094,0.22804,-0.00051,0.70684,0.00056,0.70738,1,3,0.99642,0.08087,0.00232,-0.02451,0.08367,0.07888,0.63252,1,0
1768333696.757081,-0.00300,0.44807,-0.79546,-0.04277,-0.00007,0.00053,0.58986,0.00094,0.22804,-0.00051,0.70684,0.00056,0.70738,1,3,0.99642,0.08087,0.00232,-0.02451,0.08367,0.07888,0.63252,1,0
1768333696.759099,-0.02215,0.46996,-0.76570,-0.04469,0.00039,0.00016,0.58990,0.00094,0.22804,-0.00051,0.70683,0.00056,0.70738,1,3,0.99642,0.08087,0.00232,-0.02451,0.08367,0.07888,0.63252,1,0
1768333696.761074,-0.05639,0.41806,-0.74124,-0.04336,-0.00106,0.00010,0.58990,0.00094,0.22804,-0.00051,0.70683,0.00056,0.70738,1,3,0.99642,0.08087,0.00232,-0.02451,0.08367,0.07888,0.63252,1,0
1768333696.763081,-0.04211,0.43363,-0.67354,-0.04055,-0.00126,-0.00027,0.58993,0.00094,0.22803,-0.00051,0.70684,0.00056,0.70738,1,3,0.99642,0.08087,0.00232,-0.02451,0.08367,0.07888,0.63252,1,0
1768333696.765077,-0.02530,0.42876,-0.67337,-0.04038,-0.00184,-0.00015,0.58993,0.00094,0.22803,-0.00051,0.70684,0.00056,0.70738,1,3,0.99642,0.08087,0.00232,-0.02451,0.08367,0.07888,0.63252,1,0
1768333696.767077,-0.01417,0.42048,-0.69605,-0.03939,-0.00081,0.00022,0.58997,0.00094,0.22804,-0.00051,0.70684,0.00056,0.70738,1,3,0.99642,0.08087,0.00232,-0.02451,0.08367,0.07888,0.63252,1,0
1768333696.769065,-0.03192,0.40864,-0.71070,-0.04216,-0.00186,-0.00003,0.58997,0.00094,0.22804,-0.00051,0.70684,0.00056,0.70738,1,3,0.99642,0.08087,0.00232,-0.02451,0.08367,0.07888,0.63252,1,0
1768333696.771085,-0.02716,0.42636,-0.70337,-0.04260,-0.00282,0.00010,0.59001,0.00094,0.22803,-0.00051,0.70684,0.00056,0.70737,1,3,0.99642,0.08087,0.00232,-0.02451,0.08367,0.07888,0.63252,1,0
1768333696.773076,-0.00744,0.43834,-0.72689,-0.04114,-0.00231,-0.00048,0.59001,0.00094,0.22803,-0.00051,0.70684,0.00056,0.70737,1,3,0.99642,0.08087,0.00232,-0.02451,0.08367,0.07888,0.63252,1,0
1768333696.775089,-0.01755,0.43737,-0.70438,-0.04006,-0.00029,-0.00046,0.59005,0.00094,0.22803,-0.00051,0.70684,0.00056,0.70737,1,3,0.99642,0.08087,0.00232,-0.02451,0.08367,0.07888,0.63252,1,0
1768333696.777069,-0.03189,0.46145,-0.70482,-0.04283,-0.00013,-0.00032,0.59005,0.00094,0.22803,-0.00051,0.70684,0.00056,0.70737,1,3,0.99639,0.08163,0.00217,-0.02335,0.08392,0.07888,0.63276,1,0
1768333696.779077,-0.02639,0.40173,-0.70292,-0.04290,-0.00282,-0.00043,0.59009,0.00094,0.22803,-0.00051,0.70684,0.00056,0.70737,1,3,0.99639,0.08163,0.00217,-0.02335,0.08392,0.07888,0.63276,1,0
1768333696.781074,-0.00965,0.43986,-0.74931,-0.04374,-0.00227,0.00045,0.59009,0.00094,0.22803,-0.00051,0.70684,0.00056,0.70737,1,3,0.99639,0.08163,0.00217,-0.02335,0.08392,0.07888,0.63276,1,0
1768333696.783100,-0.00619,0.40664,-0.77953,-0.04284,-0.00027,-0.00052,0.59013,0.00094,0.22803,-0.00051,0.70684,0.00056,0.70737,1,3,0.99639,0.08163,0.00217,-0.02335,0.08392,0.07888,0.63276,1,0
1768333696.785099,-0.05786,0.44788,-0.71169,-0.04212,-0.00082,0.00011,0.59017,0.00094,0.22803,-0.00051,0.70684,0.00056,0.70737,1,3,0.99639,0.08163,0.00217,-0.02335,0.08392,0.07888,0.63276,1,0
1768333696.787106,-0.01160,0.43575,-0.68875,-0.04139,-0.00213,-0.00018,0.59017,0.00094,0.22803,-0.00051,0.70684,0.00056,0.70737,1,3,0.99639,0.08163,0.00217,-0.02335,0.08392,0.07888,0.63276,1,0
1768333696.789116,-0.01594,0.42833,-0.66561,-0.04148,-0.00207,0.00025,0.59021,0.00094,0.22803,-0.00051,0.70684,0.00056,0.70737,1,3,0.99639,0.08163,0.00217,-0.02335,0.08392,0.07888,0.63276,1,0
1768333696.791097,0.02538,0.39236,-0.66519,-0.04060,-0.00102,-0.00005,0.59021,0.00094,0.22803,-0.00051,0.70684,0.00056,0.70737,1,3,0.99639,0.08163,0.00217,-0.02335,0.08392,0.07888,0.63276,1,0
1768333696.793102,-0.00915,0.38760,-0.66554,-0.03957,0.00052,-0.00110,0.59025,0.00094,0.22802,-0.00051,0.70685,0.00056,0.70737,1,3,0.99639,0.08163,0.00217,-0.02335,0.08392,0.07888,0.63276,1,0
1768333696.795118,0.00645,0.39186,-0.62744,-0.03908,0.00085,-0.00001,0.59025,0.00094,0.22802,-0.00051,0.70685,0.00056,0.70737,1,3,0.99639,0.08163,0.00217,-0.02335,0.08392,0.07888,0.63276,1,0
1768333696.797114,-0.03316,0.41799,-0.65049,-0.04117,-0.00059,-0.00026,0.59025,0.00094,0.22802,-0.00051,0.70685,0.00056,0.70737,1,3,0.99639,0.08163,0.00217,-0.02335,0.08392,0.07888,0.63276,1,0
1768333696.799098,-0.01158,0.44504,-0.74219,-0.04172,-0.00163,-0.00009,0.59025,0.00094,0.22802,-0.00051,0.70685,0.00056,0.70737,1,3,0.99639,0.08163,0.00217,-0.02335,0.08392,0.07888,0.63276,1,0
1768333696.801107,0.01464,0.42390,-0.77254,-0.04241,-0.00067,-0.00081,0.59029,0.00094,0.22802,-0.00051,0.70685,0.00056,0.70736,1,3,0.99639,0.08163,0.00217,-0.02335,0.08392,0.07888,0.63276,1,0
1768333696.803100,-0.05249,0.42932,-0.76477,-0.04322,0.00040,-0.00047,0.59033,0.00094,0.22802,-0.00051,0.70685,0.00056,0.70736,1,3,0.99639,0.08163,0.00217,-0.02335,0.08392,0.07888,0.63276,1,0
1768333696.805095,-0.00798,0.44617,-0.71985,-0.04148,0.00023,-0.00035,0.59033,0.00094,0.22802,-0.00051,0.70685,0.00056,0.70736,1,3,0.99639,0.08163,0.00217,-0.02335,0.08392,0.07888,0.63276,1,0
1768333696.807094,-0.01535,0.42807,-0.73431,-0.04170,-0.00170,-0.00061,0.59037,0.00094,0.22802,-0.00051,0.70685,0.00056,0.70736,1,3,0.99639,0.08163,0.00217,-0.02335,0.08392,0.07888,0.63276,1,0
1768333696.809103,-0.00577,0.45171,-0.73478,-0.04338,-0.00145,-0.00009,0.59037,0.00094,0.22802,-0.00051,0.70685,0.00056,0.70736,1,3,0.99639,0.08163,0.00217,-0.02335,0.08392,0.07888,0.63276,1,0
1768333696.811101,-0.01395,0.40231,-0.68029,-0.04354,-0.00106,0.00011,0.59041,0.00094,0.22802,-0.00051,0.70685,0.00056,0.70736,1,3,0.99639,0.08163,0.00217,-0.02335,0.08392,0.07888,0.63276,1,0
1768333696.813098,-0.03658,0.41052,-0.69599,-0.04170,-0.00055,-0.00069,0.59041,0.00094,0.22802,-0.00051,0.70685,0.00056,0.70736,1,3,0.99626,0.08236,0.00324,-0.02602,0.08410,0.07880,0.63245,1,0
1768333696.815149,-0.02602,0.36989,-0.64909,-0.03935,-0.00178,-0.00012,0.59046,0.00094,0.22802,-0.00051,0.70685,0.00056,0.70736,1,3,0.99626,0.08236,0.00324,-0.02602,0.08410,0.07880,0.63245,1,0
1768333696.817134,0.02034,0.41192,-0.66545,-0.03905,-0.00326,-0.00032,0.59046,0.00094,0.22802,-0.00051,0.70685,0.00056,0.70736,1,3,0.99626,0.08236,0.00324,-0.02602,0.08410,0.07880,0.63245,1,0
1768333696.819123,-0.01830,0.40878,-0.66538,-0.03910,-0.00127,-0.00002,0.59046,0.00094,0.22802,-0.00051,0.70685,0.00056,0.70736,1,3,0.99626,0.08236,0.00324,-0.02602,0.08410,0.07880,0.63245,1,0
1768333696.821126,-0.02624,0.43053,-0.71880,-0.04364,-0.00220,-0.00005,0.59046,0.00094,0.22802,-0.00051,0.70685,0.00056,0.70736,1,3,0.99626,0.08236,0.00324,-0.02602,0.08410,0.07880,0.63245,1,0
1768333696.823125,-0.02603,0.42119,-0.72610,-0.04354,-0.00283,-0.00018,0.59053,0.00094,0.22802,-0.00051,0.70685,0.00056,0.70736,1,3,0.99626,0.08236,0.00324,-0.02602,0.08410,0.07880,0.63245,1,0
1768333696.825126,-0.03251,0.45799,-0.68909,-0.04200,-0.00189,0.00024,0.59057,0.00094,0.22802,-0.00051,0.70685,0.00056,0.70736,1,3,0.99626,0.08236,0.00324,-0.02602,0.08410,0.07880,0.63245,1,0
1768333696.827139,-0.02486,0.45838,-0.68168,-0.04090,-0.00212,-0.00017,0.59057,0.00094,0.22802,-0.00051,0.70685,0.00056,0.70736,1,3,0.99626,0.08236,0.00324,-0.02602,0.08410,0.07880,0.63245,1,0
1768333696.829128,-0.03196,0.41786,-0.71876,-0.04227,-0.00098,-0.00031,0.59062,0.00094,0.22802,-0.00051,0.70685,0.00056,0.70736,1,3,0.99626,0.08236,0.00324,-0.02602,0.08410,0.07880,0.63245,1,0
1768333696.831137,-0.02976,0.44196,-0.74963,-0.04460,-0.00128,-0.00021,0.59062,0.00094,0.22802,-0.00051,0.70685,0.00056,0.70736,1,3,0.99626,0.08236,0.00324,-0.02602,0.08410,0.07880,0.63245,1,0
1768333696.833130,0.00705,0.41930,-0.74927,-0.04334,-0.00132,-0.00024,0.59066,0.00094,0.22802,-0.00051,0.70685,0.00056,0.70736,1,3,0.99626,0.08236,0.00324,-0.02602,0.08410,0.07880,0.63245,1,0
1768333696.835133,-0.04071,0.42845,-0.68089,-0.04192,-0.00152,-0.00014,0.59066,0.00094,0.22802,-0.00051,0.70685,0.00056,0.70736,1,3,0.99626,0.08236,0.00324,-0.02602,0.08410,0.07880,0.63245,1,0
1768333696.837123,-0.02514,0.42787,-0.66591,-0.04083,-0.00082,-0.00015,0.59066,0.00094,0.22802,-0.00051,0.70685,0.00056,0.70736,1,3,0.99626,0.08236,0.00324,-0.02602,0.08410,0.07880,0.63245,1,0
1768333696.839117,-0.03781,0.41102,-0.66527,-0.04082,-0.00103,0.00014,0.59070,0.00094,0.22802,-0.00051,0.70685,0.00056,0.70736,1,3,0.99626,0.08236,0.00324,-0.02602,0.08410,0.07880,0.63245,1,0
1768333696.841125,-0.00868,0.41338,-0.65017,-0.04035,-0.00164,0.00026,0.59070,0.00094,0.22802,-0.00051,0.70685,0.00056,0.70736,1,3,0.99626,0.08236,0.00324,-0.02602,0.08410,0.07880,0.63245,1,0
1768333696.843141,0.00837,0.39383,-0.65013,-0.03971,-0.00185,-0.00083,0.59070,0.00094,0.22802,-0.00051,0.70685,0.00056,0.70736,1,3,0.99626,0.08236,0.00324,-0.02602,0.08410,0.07880,0.63245,1,0
1768333696.845135,0.00702,0.42692,-0.63602,-0.03931,0.00018,-0.00057,0.59074,0.00094,0.22802,-0.00051,0.70685,0.00056,0.70736,1,3,0.99626,0.08236,0.00324,-0.02602,0.08410,0.07880,0.63245,1,0
1768333696.847136,0.01144,0.39970,-0.67325,-0.03942,0.00002,-0.00046,0.59074,0.00094,0.22802,-0.00051,0.70685,0.00056,0.70736,1,3,0.99626,0.08236,0.00324,-0.02602,0.08410,0.07880,0.63245,1,0
1768333696.849135,0.01244,0.42880,-0.67382,-0.04082,-0.00001,-0.00006,0.59078,0.00094,0.22802,-0.00051,0.70685,0.00056,0.70736,1,3,0.99626,0.08236,0.00324,-0.02602,0.08410,0.07880,0.63245,1,0
1768333696.851140,-0.01470,0.43137,-0.72674,-0.04319,-0.00031,0.00006,0.59078,0.00094,0.22802,-0.00051,0.70685,0.00056,0.70736,1,3,0.99624,0.08331,0.00341,-0.02352,0.08432,0.07877,0.63243,1,0
1768333696.853145,-0.01830,0.45509,-0.74221,-0.04334,-0.00231,0.00005,0.59082,0.00094,0.22802,-0.00051,0.70685,0.00056,0.70736,1,3,0.99624,0.08331,0.00341,-0.02352,0.08432,0.07877,0.63243,1,0
1768333696.855181,-0.01504,0.43251,-0.71159,-0.04231,-0.00133,-0.00033,0.59082,0.00094,0.22802,-0.00051,0.70685,0.00056,0.70736,1,3,0.99624,0.08331,0.00341,-0.02352,0.08432,0.07877,0.63243,1,0
1768333696.857147,-0.03643,0.43561,-0.71149,-0.04205,-0.00145,-0.00017,0.59090,0.00095,0.22802,-0.00051,0.70685,0.00056,0.70736,1,3,0.99624,0.08331,0.00341,-0.02352,0.08432,0.07877,0.63243,1,0
1768333696.859138,-0.00042,0.39237,-0.66538,-0.04017,0.00004,-0.00044,0.59090,0.00095,0.22802,-0.00051,0.70685,0.00056,0.70736,1,3,0.99624,0.08331,0.00341,-0.02352,0.08432,0.07877,0.63243,1,0
1768333696.861211,-0.02970,0.45546,-0.65919,-0.04028,-0.00093,-0.00069,0.59094,0.00095,0.22803,-0.00051,0.70685,0.00056,0.70737,1,3,0.99624,0.08331,0.00341,-0.02352,0.08432,0.07877,0.63243,1,0
1768333696.863138,0.01752,0.41698,-0.71146,-0.04118,-0.00095,-0.00036,0.59094,0.00095,0.22803,-0.00051,0.70685,0.00056,0.70737,1,3,0.99624,0.08331,0.00341,-0.02352,0.08432,0.07877,0.63243,1,0
1768333696.865130,-0.06550,0.42769,-0.71113,-0.04302,-0.00033,0.00026,0.59098,0.00095,0.22803,-0.00051,0.70684,0.00056,0.70737,1,3,0.99624,0.08331,0.00341,-0.02352,0.08432,0.07877,0.63243,1,0
1768333696.867168,-0.01974,0.45096,-0.70422,-0.04164,-0.00255,-0.00018,0.59098,0.00095,0.22803,-0.00051,0.70684,0.00056,0.70737,1,3,0.99624,0.08331,0.00341,-0.02352,0.08432,0.07877,0.63243,1,0
1768333696.869153,-0.02069,0.42765,-0.65053,-0.03996,-0.00342,-0.00067,0.59098,0.00095,0.22803,-0.00051,0.70684,0.00056,0.70737,1,3,0.99624,0.08331,0.00341,-0.02352,0.08432,0.07877,0.63243,1,0
1768333696.871140,-0.02895,0.41628,-0.67298,-0.04097,-0.00178,-0.00001,0.59098,0.00095,0.22803,-0.00051,0.70684,0.00056,0.70737,1,3,0.99624,0.08331,0.00341,-0.02352,0.08432,0.07877,0.63243,1,0
1768333696.873156,-0.00875,0.41262,-0.71122,-0.04036,-0.00062,-0.00020,0.59102,0.00095,0.22803,-0.00051,0.70684,0.00056,0.70737,1,3,0.99624,0.08331,0.00341,-0.02352,0.08432,0.07877,0.63243,1,0
1768333696.875155,-0.01567,0.43277,-0.72678,-0.04165,-0.00145,-0.00034,0.59102,0.00095,0.22803,-0.00051,0.70684,0.00056,0.70737,1,3,0.99624,0.08331,0.00341,-0.02352,0.08432,0.07877,0.63243,1,0
1768333696.877177,-0.03496,0.41702,-0.71064,-0.04293,-0.00335,-0.00002,0.59106,0.00095,0.22803,-0.00051,0.70684,0.00056,0.70737,1,3,0.99624,0.08331,0.00341,-0.02352,0.08432,0.07877,0.63243,1,0
1768333696.879162,-0.01494,0.40854,-0.74110,-0.04216,-0.00232,-0.00007,0.59110,0.00095,0.22802,-0.00051,0.70684,0.00056,0.70737,1,3,0.99624,0.08331,0.00341,-0.02352,0.08432,0.07877,0.63243,1,0
1768333696.881156,-0.01684,0.40742,-0.72623,-0.04086,-0.00027,-0.00007,0.59110,0.00095,0.22802,-0.00051,0.70684,0.00056,0.70737,1,3,0.99619,0.08340,0.00276,-0.02516,0.08453,0.07874,0.63234,1,0
1768333696.883158,-0.03984,0.40099,-0.74897,-0.03876,0.00001,-0.00047,0.59110,0.00095,0.22802,-0.00051,0.70684,0.00056,0.70737,1,3,0.99619,0.08340,0.00276,-0.02516,0.08453,0.07874,0.63234,1,0
1768333696.885175,-0.03726,0.42548,-0.66584,-0.04130,-0.00068,-0.00027,0.59114,0.00095,0.22802,-0.00051,0.70685,0.00056,0.70737,1,3,0.99619,0.08340,0.00276,-0.02516,0.08453,0.07874,0.63234,1,0
1768333696.887154,-0.02364,0.43848,-0.68865,-0.04201,-0.00237,-0.00003,0.59118,0.00095,0.22803,-0.00051,0.70684,0.00056,0.70737,1,3,0.99619,0.08340,0.00276,-0.02516,0.08453,0.07874,0.63234,1,0
1768333696.889171,-0.01548,0.41407,-0.69567,-0.04144,-0.00270,-0.00017,0.59118,0.00095,0.22803,-0.00051,0.70684,0.00056,0.70737,1,3,0.99619,0.08340,0.00276,-0.02516,0.08453,0.07874,0.63234,1,0
1768333696.891282,-0.00836,0.41226,-0.69588,-0.04102,-0.00050,0.00022,0.59122,0.00095,0.22803,-0.00051,0.70684,0.00056,0.70737,1,3,0.99619,0.08340,0.00276,-0.02516,0.08453,0.07874,0.63234,1,0
1768333696.893153,-0.02244,0.40565,-0.67306,-0.03935,-0.00033,-0.00015,0.59122,0.00095,0.22803,-0.00051,0.70684,0.00056,0.70737,1,3,0.99619,0.08340,0.00276,-0.02516,0.08453,0.07874,0.63234,1,0
1768333696.895180,-0.00778,0.41083,-0.63525,-0.03732,-0.00038,0.00012,0.59126,0.00095,0.22803,-0.00051,0.70684,0.00056,0.70737,1,3,0.99619,0.08340,0.00276,-0.02516,0.08453,0.07874,0.63234,1,0
1768333696.897158,0.01074,0.40109,-0.65789,-0.03831,-0.00137,-0.00044,0.59126,0.00095,0.22803,-0.00051,0.70684,0.00056,0.70737,1,3,0.99619,0.08340,0.00276,-0.02516,0.08453,0.07874,0.63234,1,0
1768333696.899167,-0.00152,0.42794,-0.68106,-0.03930,-0.00123,0.00022,0.59126,0.00095,0.22803,-0.00051,0.70684,0.00056,0.70737,1,3,0.99619,0.08340,0.00276,-0.02516,0.08453,0.07874,0.63234,1,0
1768333696.901163,-0.01913,0.40029,-0.71826,-0.04248,-0.00112,-0.00005,0.59130,0.00095,0.22803,-0.00051,0.70684,0.00056,0.70737,1,3,0.99619,0.08340,0.00276,-0.02516,0.08453,0.07874,0.63234,1,0
1768333696.903155,-0.04167,0.42301,-0.74956,-0.04090,-0.00037,-0.00087,0.59130,0.00095,0.22803,-0.00051,0.70684,0.00056,0.70737,1,3,0.99619,0.08340,0.00276,-0.02516,0.08453,0.07874,0.63234,1,0
1768333696.905154,-0.00457,0.41020,-0.71863,-0.04039,-0.00092,0.00006,0.59134,0.00095,0.22803,-0.00051,0.70684,0.00056,0.70738,1,3,0.99619,0.08340,0.00276,-0.02516,0.08453,0.07874,0.63234,1,0
1768333696.907187,-0.00145,0.42823,-0.65082,-0.03908,-0.00136,-0.00016,0.59134,0.00095,0.22803,-0.00051,0.70684,0.00056,0.70738,1,3,0.99619,0.08340,0.00276,-0.02516,0.08453,0.07874,0.63234,1,0
1768333696.909187,-0.02499,0.42329,-0.65806,-0.04089,-0.00133,-0.00000,0.59138,0.00095,0.22803,-0.00051,0.70684,0.00056,0.70737,1,3,0.99619,0.08340,0.00276,-0.02516,0.08453,0.07874,0.63234,1,0
1768333696.911248,-0.02011,0.38116,-0.66470,-0.04118,-0.00123,-0.00027,0.59138,0.00095,0.22803,-0.00051,0.70684,0.00056,0.70737,1,3,0.99616,0.08436,0.00244,-0.02343,0.08479,0.07874,0.63264,1,0
1768333696.913178,-0.02576,0.43319,-0.63570,-0.04011,-0.00095,-0.00026,0.59142,0.00095,0.22803,-0.00051,0.70684,0.00056,0.70737,1,3,0.99616,0.08436,0.00244,-0.02343,0.08479,0.07874,0.63264,1,0
1768333696.915205,-0.00906,0.40385,-0.65013,-0.03959,-0.00164,-0.00028,0.59142,0.00095,0.22803,-0.00051,0.70684,0.00056,0.70737,1,3,0.99616,0.08436,0.00244,-0.02343,0.08479,0.07874,0.63264,1,0
1768333696.917191,-0.02964,0.41142,-0.65764,-0.04038,-0.00164,0.00014,0.59146,0.00095,0.22803,-0.00051,0.70684,0.00056,0.70737,1,3,0.99616,0.08436,0.00244,-0.02343,0.08479,0.07874,0.63264,1,0
1768333696.919206,-0.03316,0.40930,-0.64993,-0.04084,-0.00211,0.00002,0.59150,0.00095,0.22803,-0.00051,0.70684,0.00056,0.70737,1,3,0.99616,0.08436,0.00244,-0.02343,0.08479,0.07874,0.63264,1,0
1768333696.921324,-0.02039,0.39228,-0.68750,-0.04061,-0.00275,-0.00015,0.59150,0.00095,0.22803,-0.00051,0.70684,0.00056,0.70737,1,3,0.99616,0.08436,0.00244,-0.02343,0.08479,0.07874,0.63264,1,0
1768333696.923201,-0.02685,0.42486,-0.67314,-0.03868,-0.00257,-0.00001,0.59154,0.00095,0.22803,-0.00051,0.70684,0.00056,0.70737,1,3,0.99616,0.08436,0.00244,-0.02343,0.08479,0.07874,0.63264,1,0
1768333696.925173,-0.00007,0.39957,-0.68037,-0.03964,-0.00276,-0.00058,0.59154,0.00095,0.22803,-0.00051,0.70684,0.00056,0.70737,1,3,0.99616,0.08436,0.00244,-0.02343,0.08479,0.07874,0.63264,1,0
1768333696.927196,-0.02769,0.42633,-0.72638,-0.04194,-0.00244,-0.00032,0.59158,0.00095,0.22803,-0.00051,0.70684,0.00056,0.70737,1,3,0.99616,0.08436,0.00244,-0.02343,0.08479,0.07874,0.63264,1,0
1768333696.929177,-0.02234,0.42310,-0.76421,-0.04329,-0.00224,-0.00008,0.59158,0.00095,0.22803,-0.00051,0.70684,0.00056,0.70737,1,3,0.99616,0.08436,0.00244,-0.02343,0.08479,0.07874,0.63264,1,0
1768333696.931178,-0.04615,0.42799,-0.79445,-0.04499,-0.00220,0.00019,0.59158,0.00095,0.22803,-0.00051,0.70684,0.00056,0.70737,1,3,0.99616,0.08436,0.00244,-0.02343,0.08479,0.07874,0.63264,1,0
1768333696.933178,-0.04637,0.42886,-0.76432,-0.04410,-0.00272,-0.00060,0.59162,0.00095,0.22803,-0.00051,0.70684,0.00056,0.70737,1,3,0.99616,0.08436,0.00244,-0.02343,0.08479,0.07874,0.63264,1,0
1768333696.935187,-0.02773,0.41617,-0.68791,-0.04228,-0.00229,0.00039,0.59162,0.00095,0.22803,-0.00051,0.70684,0.00056,0.70737,1,3,0.99616,0.08436,0.00244,-0.02343,0.08479,0.07874,0.63264,1,0
1768333696.937208,-0.00482,0.37698,-0.64971,-0.03905,-0.00168,-0.00095,0.59166,0.00095,0.22803,-0.00051,0.70684,0.00056,0.70737,1,3,0.99616,0.08436,0.00244,-0.02343,0.08479,0.07874,0.63264,1,0
1768333696.939199,-0.02191,0.37922,-0.58895,-0.03574,0.00019,0.00005,0.59166,0.00095,0.22803,-0.00051,0.70684,0.00056,0.70737,1,3,0.99616,0.08436,0.00244,-0.02343,0.08479,0.07874,0.63264,1,0
1768333696.941196,0.00989,0.36292,-0.59570,-0.03724,-0.00271,0.00029,0.59170,0.00095,0.22803,-0.00051,0.70684,0.00056,0.70737,1,3,0.99616,0.08436,0.00244,-0.02343,0.08479,0.07874,0.63264,1,0
1768333696.943209,0.01929,0.39763,-0.58172,-0.03770,-0.00313,-0.00065,0.59170,0.00095,0.22803,-0.00051,0.70684,0.00056,0.70737,1,3,0.99616,0.08436,0.00244,-0.02343,0.08479,0.07874,0.63264,1,0
1768333696.945209,0.02416,0.39868,-0.64247,-0.03900,-0.00216,-0.00017,0.59174,0.00095,0.22803,-0.00051,0.70684,0.00056,0.70737,1,3,0.99612,0.08512,0.00200,-0.02241,0.08503,0.07872,0.63280,1,0
1768333696.947225,-0.00087,0.42724,-0.67389,-0.03975,-0.00023,-0.00059,0.59174,0.00095,0.22803,-0.00051,0.70684,0.00056,0.70737,1,3,0.99612,0.08512,0.00200,-0.02241,0.08503,0.07872,0.63280,1,0
1768333696.949200,-0.01665,0.44567,-0.71216,-0.04171,0.00097,0.00007,0.59179,0.00095,0.22803,-0.00051,0.70684,0.00056,0.70738,1,3,0.99612,0.08512,0.00200,-0.02241,0.08503,0.07872,0.63280,1,0
1768333696.951205,-0.01892,0.44913,-0.73463,-0.04320,-0.00090,0.00019,0.59183,0.00095,0.22803,-0.00051,0.70684,0.00056,0.70738,1,3,0.99612,0.08512,0.00200,-0.02241,0.08503,0.07872,0.63280,1,0
1768333696.953312,-0.03483,0.43233,-0.72629,-0.04275,-0.00388,-0.00044,0.59183,0.00095,0.22803,-0.00051,0.70684,0.00056,0.70738,1,3,0.99612,0.08512,0.00200,-0.02241,0.08503,0.07872,0.63280,1,0
1768333696.955196,-0.01545,0.46807,-0.70462,-0.04187,-0.00262,-0.00006,0.59187,0.00095,0.22804,-0.00051,0.70683,0.00056,0.70738,1,3,0.99612,0.08512,0.00200,-0.02241,0.08503,0.07872,0.63280,1,0
1768333696.957201,-0.02667,0.39298,-0.63477,-0.03951,0.00024,0.00002,0.59187,0.00095,0.22804,-0.00051,0.70683,0.00056,0.70738,1,3,0.99612,0.08512,0.00200,-0.02241,0.08503,0.07872,0.63280,1,0
1768333696.959210,-0.00506,0.41024,-0.64272,-0.03995,-0.00067,0.00012,0.59191,0.00095,0.22804,-0.00051,0.70683,0.00056,0.70738,1,3,0.99612,0.08512,0.00200,-0.02241,0.08503,0.07872,0.63280,1,0
1768333696.961198,-0.00603,0.41156,-0.65778,-0.03862,-0.00193,0.00011,0.59191,0.00095,0.22804,-0.00051,0.70683,0.00056,0.70738,1,3,0.99612,0.08512,0.00200,-0.02241,0.08503,0.07872,0.63280,1,0
1768333696.963217,-0.00713,0.44409,-0.68118,-0.04129,-0.00346,-0.00017,0.59195,0.00095,0.22804,-0.00051,0.70683,0.00056,0.70738,1,3,0.99612,0.08512,0.00200,-0.02241,0.08503,0.07872,0.63280,1,0
1768333696.965206,-0.01478,0.40407,-0.69545,-0.04199,-0.00270,-0.00030,0.59195,0.00095,0.22804,-0.00051,0.70683,0.00056,0.70738,1,3,0.99612,0.08512,0.00200,-0.02241,0.08503,0.07872,0.63280,1,0
1768333696.967225,-0.02436,0.41801,-0.66548,-0.04161,-0.00120,0.00013,0.59195,0.00095,0.22804,-0.00051,0.70683,0.00056,0.70738,1,3,0.99612,0.08512,0.00200,-0.02241,0.08503,0.07872,0.63280,1,0
1768333696.969225,0.00372,0.42526,-0.66601,-0.03999,-0.00117,-0.00031,0.59199,0.00095,0.22804,-0.00051,0.70683,0.00056,0.70739,1,3,0.99612,0.08512,0.00200,-0.02241,0.08503,0.07872,0.63280,1,0
1768333696.971223,-0.03375,0.43882,-0.64315,-0.04048,-0.00187,0.00001,0.59199,0.00095,0.22804,-0.00051,0.70683,0.00056,0.70739,1,3,0.99612,0.08512,0.00200,-0.02241,0.08503,0.07872,0.63280,1,0
1768333696.973223,-0.01937,0.45703,-0.65881,-0.04135,-0.00372,-0.00069,0.59203,0.00095,0.22804,-0.00051,0.70683,0.00056,0.70738,1,3,0.99612,0.08512,0.00200,-0.02241,0.08503,0.07872,0.63280,1,0
1768333696.975223,-0.04028,0.40479,-0.69532,-0.04177,-0.00278,-0.00028,0.59203,0.00095,0.22804,-0.00051,0.70683,0.00056,0.70738,1,3,0.99612,0.08512,0.00200,-0.02241,0.08503,0.07872,0.63280,1,0
1768333696.977223,-0.01501,0.42326,-0.72630,-0.04220,-0.00220,-0.00006,0.59207,0.00095,0.22804,-0.00051,0.70683,0.00056,0.70739,1,3,0.99612,0.08512,0.00200,-0.02241,0.08503,0.07872,0.63280,1,0
1768333696.979231,-0.05012,0.41378,-0.65777,-0.04101,-0.00102,-0.00011,0.59207,0.00095,0.22804,-0.00051,0.70683,0.00056,0.70739,1,3,0.99600,0.08561,0.00300,-0.02539,0.08520,0.07865,0.63241,1,0
1768333696.981225,-0.02353,0.42821,-0.69611,-0.04214,-0.00186,-0.00017,0.59211,0.00095,0.22804,-0.00051,0.70683,0.00056,0.70739,1,3,0.99600,0.08561,0.00300,-0.02539,0.08520,0.07865,0.63241,1,0
1768333696.983227,-0.04700,0.40986,-0.69516,-0.04346,-0.00346,0.00000,0.59211,0.00095,0.22804,-0.00051,0.70683,0.00056,0.70739,1,3,0.99600,0.08561,0.00300,-0.02539,0.08520,0.07865,0.63241,1,0
1768333696.985229,-0.02866,0.39226,-0.67229,-0.04083,-0.00253,-0.00013,0.59215,0.00095,0.22804,-0.00051,0.70683,0.00056,0.70739,1,3,0.99600,0.08561,0.00300,-0.02539,0.08520,0.07865,0.63241,1,0
1768333696.987239,-0.01384,0.38757,-0.62722,-0.03826,-0.00196,-0.00119,0.59219,0.00095,0.22804,-0.00051,0.70683,0.00056,0.70739,1,3,0.99600,0.08561,0.00300,-0.02539,0.08520,0.07865,0.63241,1,0
1768333696.989224,0.01016,0.39727,-0.60460,-0.03727,-0.00225,-0.00067,0.59219,0.00095,0.22804,-0.00051,0.70683,0.00056,0.70739,1,3,0.99600,0.08561,0.00300,-0.02539,0.08520,0.07865,0.63241,1,0
1768333696.991241,-0.02586,0.40871,-0.61975,-0.03997,-0.00118,0.00003,0.59223,0.00095,0.22804,-0.00051,0.70682,0.00056,0.70739,1,3,0.99600,0.08561,0.00300,-0.02539,0.08520,0.07865,0.63241,1,0
1768333696.993230,-0.03114,0.41876,-0.66540,-0.04269,-0.00227,-0.00027,0.59223,0.00095,0.22804,-0.00051,0.70682,0.00056,0.70739,1,3,0.99600,0.08561,0.00300,-0.02539,0.08520,0.07865,0.63241,1,0
1768333696.995232,-0.00199,0.43542,-0.68113,-0.04249,-0.00238,-0.00018,0.59228,0.00095,0.22805,-0.00051,0.70682,0.00056,0.70739,1,3,0.99600,0.08561,0.00300,-0.02539,0.08520,0.07865,0.63241,1,0
1768333696.997249,-0.00407,0.43079,-0.63549,-0.04058,-0.00197,-0.00001,0.59228,0.00095,0.22805,-0.00051,0.70682,0.00056,0.70739,1,3,0.99600,0.08561,0.00300,-0.02539,0.08520,0.07865,0.63241,1,0
1768333696.999243,-0.04189,0.42803,-0.65844,-0.04083,-0.00037,-0.00053,0.59232,0.00095,0.22805,-0.00051,0.70682,0.00056,0.70739,1,3,0.99600,0.08561,0.00300,-0.02539,0.08520,0.07865,0.63241,1,0
1768333697.001249,-0.00859,0.41296,-0.69579,-0.04057,-0.00126,0.00022,0.59232,0.00095,0.22805,-0.00051,0.70682,0.00056,0.70739,1,3,0.99600,0.08561,0.00300,-0.02539,0.08520,0.07865,0.63241,1,0
1768333697.003246,-0.02091,0.41137,-0.62726,-0.04059,-0.00187,0.00015,0.59232,0.00095,0.22805,-0.00051,0.70682,0.00056,0.70739,1,3,0.99600,0.08561,0.00300,-0.02539,0.08520,0.07865,0.63241,1,0
1768333697.005242,-0.03439,0.38515,-0.60382,-0.03938,-0.00208,-0.00008,0.59236,0.00095,0.22805,-0.00051,0.70682,0.00056,0.70739,1,3,0.99600,0.08561,0.00300,-0.02539,0.08520,0.07865,0.63241,1,0
1768333697.007245,-0.00219,0.40416,-0.64280,-0.03784,-0.00147,-0.00069,0.59236,0.00095,0.22805,-0.00051,0.70682,0.00056,0.70739,1,3,0.99600,0.08561,0.00300,-0.02539,0.08520,0.07865,0.63241,1,0
1768333697.009246,-0.04156,0.43315,-0.67358,-0.04121,-0.00088,-0.00027,0.59240,0.00095,0.22805,-0.00051,0.70682,0.00056,0.70739,1,3,0.99600,0.08561,0.00300,-0.02539,0.08520,0.07865,0.63241,1,0
1768333697.011272,-0.03555,0.41046,-0.74112,-0.04301,-0.00131,0.00008,0.59240,0.00095,0.22805,-0.00051,0.70682,0.00056,0.70739,1,3,0.99597,0.08614,0.00145,-0.02495,0.08548,0.07867,0.63281,1,0
1768333697.013244,-0.03815,0.43867,-0.71898,-0.04398,-0.00283,-0.00044,0.59244,0.00095,0.22805,-0.00051,0.70682,0.00056,0.70739,1,3,0.99597,0.08614,0.00145,-0.02495,0.08548,0.07867,0.63281,1,0
1768333697.015250,-0.02512,0.43488,-0.65817,-0.04009,-0.00324,-0.00027,0.59244,0.00095,0.22805,-0.00051,0.70682,0.00056,0.70739,1,3,0.99597,0.08614,0.00145,-0.02495,0.08548,0.07867,0.63281,1,0
1768333697.017277,-0.01512,0.39856,-0.60437,-0.03703,-0.00309,-0.00064,0.59248,0.00095,0.22805,-0.00051,0.70682,0.00056,0.70739,1,3,0.99597,0.08614,0.00145,-0.02495,0.08548,0.07867,0.63281,1,0
1768333697.019298,-0.04737,0.38561,-0.57352,-0.03544,-0.00090,0.00035,0.59252,0.00095,0.22805,-0.00051,0.70682,0.00056,0.70739,1,3,0.99597,0.08614,0.00145,-0.02495,0.08548,0.07867,0.63281,1,0
1768333697.021333,-0.02920,0.38779,-0.64929,-0.04023,-0.00290,0.00002,0.59252,0.00095,0.22805,-0.00051,0.70682,0.00056,0.70739,1,3,0.99597,0.08614,0.00145,-0.02495,0.08548,0.07867,0.63281,1,0
1768333697.023301,-0.02820,0.40690,-0.67229,-0.04174,-0.00291,0.00067,0.59256,0.00095,0.22804,-0.00051,0.70683,0.00056,0.70739,1,3,0.99597,0.08614,0.00145,-0.02495,0.08548,0.07867,0.63281,1,0
1768333697.025269,0.00884,0.41772,-0.72636,-0.04095,-0.00172,0.00004,0.59256,0.00095,0.22804,-0.00051,0.70683,0.00056,0.70739,1,3,0.99597,0.08614,0.00145,-0.02495,0.08548,0.07867,0.63281,1,0
1768333697.027249,-0.04074,0.40424,-0.65747,-0.04156,-0.00189,-0.00025,0.59260,0.00095,0.22804,-0.00051,0.70683,0.00056,0.70739,1,3,0.99597,0.08614,0.00145,-0.02495,0.08548,0.07867,0.63281,1,0
1768333697.029283,-0.04673,0.42749,-0.66559,-0.03975,-0.00247,-0.00026,0.59260,0.00095,0.22804,-0.00051,0.70683,0.00056,0.70739,1,3,0.99597,0.08614,0.00145,-0.02495,0.08548,0.07867,0.63281,1,0
1768333697.031317,-0.02453,0.41532,-0.66532,-0.04033,-0.00349,-0.00054,0.59260,0.00095,0.22804,-0.00051,0.70683,0.00056,0.70739,1,3,0.99597,0.08614,0.00145,-0.02495,0.08548,0.07867,0.63281,1,0
1768333697.033291,-0.02415,0.41986,-0.66517,-0.04115,-0.00349,0.00013,0.59264,0.00095,0.22804,-0.00051,0.70683,0.00056,0.70739,1,3,0.99597,0.08614,0.00145,-0.02495,0.08548,0.07867,0.63281,1,0
1768333697.035311,-0.04140,0.42489,-0.64257,-0.04087,-0.00291,0.00003,0.59264,0.00095,0.22804,-0.00051,0.70683,0.00056,0.70739,1,3,0.99597,0.08614,0.00145,-0.02495,0.08548,0.07867,0.63281,1,0
1768333697.037285,-0.03764,0.43698,-0.66580,-0.04050,-0.00258,-0.00013,0.59268,0.00095,0.22805,-0.00051,0.70682,0.00056,0.70739,1,3,0.99597,0.08614,0.00145,-0.02495,0.08548,0.07867,0.63281,1,0
1768333697.039307,-0.03663,0.40662,-0.65750,-0.04153,-0.00194,-0.00012,0.59268,0.00095,0.22805,-0.00051,0.70682,0.00056,0.70739,1,3,0.99597,0.08614,0.00145,-0.02495,0.08548,0.07867,0.63281,1,0
1768333697.041279,-0.01674,0.42883,-0.62762,-0.04060,-0.00232,0.00028,0.59272,0.00095,0.22805,-0.00051,0.70682,0.00056,0.70739,1,3,0.99597,0.08614,0.00145,-0.02495,0.08548,0.07867,0.63281,1,0
1768333697.043302,-0.03902,0.41746,-0.60474,-0.03899,-0.00205,-0.00035,0.59272,0.00095,0.22805,-0.00051,0.70682,0.00056,0.70739,1,3,0.99591,0.08666,0.00280,-0.02534,0.08565,0.07859,0.63241,1,0
1768333697.045282,-0.01067,0.42462,-0.60491,-0.03803,-0.00239,0.00002,0.59276,0.00095,0.22805,-0.00051,0.70682,0.00056,0.70739,1,3,0.99591,0.08666,0.00280,-0.02534,0.08565,0.07859,0.63241,1,0
1768333697.047276,0.01175,0.38212,-0.58916,-0.03854,-0.00214,-0.00105,0.59276,0.00095,0.22805,-0.00051,0.70682,0.00056,0.70739,1,3,0.99591,0.08666,0.00280,-0.02534,0.08565,0.07859,0.63241,1,0
1768333697.049277,0.00778,0.39488,-0.63482,-0.03883,-0.00286,-0.00082,0.59276,0.00095,0.22805,-0.00051,0.70682,0.00056,0.70739,1,3,0.99591,0.08666,0.00280,-0.02534,0.08565,0.07859,0.63241,1,0
1768333697.051306,-0.03411,0.40567,-0.64203,-0.03957,-0.00336,0.00016,0.59284,0.00095,0.22804,-0.00051,0.70683,0.00056,0.70739,1,3,0.99591,0.08666,0.00280,-0.02534,0.08565,0.07859,0.63241,1,0
1768333697.053267,-0.02175,0.41182,-0.66541,-0.03950,-0.00200,-0.00028,0.59284,0.00095,0.22804,-0.00051,0.70683,0.00056,0.70739,1,3,0.99591,0.08666,0.00280,-0.02534,0.08565,0.07859,0.63241,1,0
1768333697.056103,-0.04116,0.42356,-0.70351,-0.04154,-0.00151,-0.00002,0.59288,0.00095,0.22805,-0.00051,0.70682,0.00056,0.70739,1,3,0.99591,0.08666,0.00280,-0.02534,0.08565,0.07859,0.63241,1,0
1768333697.057296,-0.01911,0.41597,-0.71108,-0.04207,-0.00203,-0.00045,0.59288,0.00095,0.22805,-0.00051,0.70682,0.00056,0.70739,1,3,0.99591,0.08666,0.00280,-0.02534,0.08565,0.07859,0.63241,1,0
1768333697.059341,-0.00885,0.43271,-0.71137,-0.04055,-0.00139,0.00047,0.59292,0.00095,0.22805,-0.00051,0.70682,0.00056,0.70739,1,3,0.99591,0.08666,0.00280,-0.02534,0.08565,0.07859,0.63241,1,0
1768333697.061294,-0.03248,0.44887,-0.69655,-0.04145,-0.00253,-0.00030,0.59292,0.00095,0.22805,-0.00051,0.70682,0.00056,0.70739,1,3,0.99591,0.08666,0.00280,-0.02534,0.08565,0.07859,0.63241,1,0
1768333697.063304,-0.04360,0.42233,-0.68039,-0.04265,-0.00339,-0.00013,0.59296,0.00095,0.22805,-0.00051,0.70682,0.00056,0.70739,1,3,0.99591,0.08666,0.00280,-0.02534,0.08565,0.07859,0.63241,1,0
1768333697.065285,-0.04407,0.38816,-0.69444,-0.04219,-0.00385,0.00041,0.59296,0.00095,0.22805,-0.00051,0.70682,0.00056,0.70739,1,3,0.99591,0.08666,0.00280,-0.02534,0.08565,0.07859,0.63241,1,0
1768333697.067310,-0.04162,0.40580,-0.63451,-0.04023,-0.00340,-0.00023,0.59296,0.00095,0.22805,-0.00051,0.70682,0.00056,0.70739,1,3,0.99591,0.08666,0.00280,-0.02534,0.08565,0.07859,0.63241,1,0
1768333697.069304,-0.01910,0.37598,-0.58865,-0.03731,-0.00252,-0.00062,0.59296,0.00095,0.22805,-0.00051,0.70682,0.00056,0.70739,1,3,0.99591,0.08666,0.00280,-0.02534,0.08565,0.07859,0.63241,1,0
1768333697.071332,-0.01921,0.39115,-0.59639,-0.03734,-0.00316,-0.00022,0.59300,0.00095,0.22805,-0.00051,0.70682,0.00056,0.70739,1,3,0.99591,0.08666,0.00280,-0.02534,0.08565,0.07859,0.63241,1,0
1768333697.073299,-0.00461,0.36755,-0.67204,-0.03916,-0.00243,-0.00069,0.59304,0.00095,0.22805,-0.00051,0.70682,0.00056,0.70739,1,3,0.99591,0.08666,0.00280,-0.02534,0.08565,0.07859,0.63241,1,0
1768333697.075300,-0.04967,0.39998,-0.65702,-0.04117,-0.00253,0.00030,0.59304,0.00095,0.22805,-0.00051,0.70682,0.00056,0.70739,1,3,0.99591,0.08666,0.00280,-0.02534,0.08565,0.07859,0.63241,1,0
1768333697.077319,-0.01351,0.37763,-0.67963,-0.03904,-0.00257,-0.00015,0.59308,0.00095,0.22805,-0.00051,0.70682,0.00056,0.70739,1,3,0.99591,0.08666,0.00280,-0.02534,0.08565,0.07859,0.63241,1,0
1768333697.079324,-0.00929,0.41435,-0.68044,-0.03946,-0.00265,0.00024,0.59308,0.00095,0.22805,-0.00051,0.70682,0.00056,0.70739,1,3,0.99591,0.08666,0.00280,-0.02534,0.08565,0.07859,0.63241,1,0
1768333697.081294,-0.04965,0.40437,-0.69526,-0.04134,-0.00190,0.00013,0.59312,0.00095,0.22805,-0.00051,0.70682,0.00056,0.70739,1,3,0.99584,0.08793,0.00343,-0.02368,0.08591,0.07859,0.63267,1,0
1768333697.083323,-0.04355,0.44602,-0.72685,-0.04302,-0.00226,-0.00044,0.59312,0.00095,0.22805,-0.00051,0.70682,0.00056,0.70739,1,3,0.99584,0.08793,0.00343,-0.02368,0.08591,0.07859,0.63267,1,0
1768333697.085328,-0.01079,0.45149,-0.67373,-0.04186,-0.00355,-0.00017,0.59316,0.00095,0.22805,-0.00051,0.70682,0.00056,0.70739,1,3,0.99584,0.08793,0.00343,-0.02368,0.08591,0.07859,0.63267,1,0
1768333697.087337,-0.03686,0.40732,-0.65741,-0.04108,-0.00270,-0.00012,0.59320,0.00095,0.22805,-0.00051,0.70682,0.00056,0.70739,1,3,0.99584,0.08793,0.00343,-0.02368,0.08591,0.07859,0.63267,1,0
1768333697.089317,-0.01148,0.40529,-0.58175,-0.03695,-0.00237,-0.00023,0.59320,0.00095,0.22805,-0.00051,0.70682,0.00056,0.70739,1,3,0.99584,0.08793,0.00343,-0.02368,0.08591,0.07859,0.63267,1,0
1768333697.091337,-0.03178,0.39571,-0.57398,-0.03401,-0.00110,0.00006,0.59324,0.00095,0.22805,-0.00051,0.70682,0.00056,0.70740,1,3,0.99584,0.08793,0.00343,-0.02368,0.08591,0.07859,0.63267,1,0
1768333697.093323,-0.01793,0.37343,-0.55834,-0.03472,-0.00151,-0.00033,0.59324,0.00095,0.22805,-0.00051,0.70682,0.00056,0.70740,1,3,0.99584,0.08793,0.00343,-0.02368,0.08591,0.07859,0.63267,1,0
1768333697.095316,-0.01621,0.38689,-0.64215,-0.03696,-0.00090,0.00000,0.59328,0.00095,0.22805,-0.00051,0.70682,0.00056,0.70740,1,3,0.99584,0.08793,0.00343,-0.02368,0.08591,0.07859,0.63267,1,0
1768333697.097314,-0.01303,0.37204,-0.67969,-0.03954,-0.00182,-0.00042,0.59328,0.00095,0.22805,-0.00051,0.70682,0.00056,0.70740,1,3,0.99584,0.08793,0.00343,-0.02368,0.08591,0.07859,0.63267,1,0
1768333697.099320,-0.05033,0.42312,-0.65046,-0.04111,-0.00039,0.00002,0.59328,0.00095,0.22805,-0.00051,0.70682,0.00056,0.70740,1,3,0.99584,0.08793,0.00343,-0.02368,0.08591,0.07859,0.63267,1,0
1768333697.101310,-0.03192,0.43345,-0.69605,-0.04229,-0.00213,0.00011,0.59332,0.00095,0.22805,-0.00051,0.70682,0.00056,0.70740,1,3,0.99584,0.08793,0.00343,-0.02368,0.08591,0.07859,0.63267,1,0
1768333697.103325,-0.04512,0.42774,-0.71081,-0.04127,-0.00362,0.00012,0.59332,0.00095,0.22805,-0.00051,0.70682,0.00056,0.70740,1,3,0.99584,0.08793,0.00343,-0.02368,0.08591,0.07859,0.63267,1,0
1768333697.105311,-0.03280,0.42382,-0.68070,-0.04132,-0.00199,-0.00001,0.59336,0.00095,0.22805,-0.00051,0.70682,0.00056,0.70740,1,3,0.99584,0.08793,0.00343,-0.02368,0.08591,0.07859,0.63267,1,0
1768333697.107337,-0.00438,0.40644,-0.68806,-0.04000,-0.00220,-0.00018,0.59336,0.00095,0.22805,-0.00051,0.70682,0.00056,0.70740,1,3,0.99584,0.08793,0.00343,-0.02368,0.08591,0.07859,0.63267,1,0
1768333697.109321,-0.01031,0.36486,-0.61902,-0.03788,-0.00135,-0.00078,0.59336,0.00095,0.22805,-0.00051,0.70682,0.00056,0.70740,1,3,0.99584,0.08793,0.00343,-0.02368,0.08591,0.07859,0.63267,1,0
1768333697.111500,-0.02310,0.36314,-0.64891,-0.03790,-0.00219,-0.00012,0.59340,0.00095,0.22805,-0.00051,0.70682,0.00056,0.70739,1,3,0.99579,0.08851,0.00149,-0.02380,0.08610,0.07855,0.63257,1,0
1768333697.113326,0.00688,0.37580,-0.59608,-0.03796,-0.00346,-0.00024,0.59340,0.00095,0.22805,-0.00051,0.70682,0.00056,0.70739,1,3,0.99579,0.08851,0.00149,-0.02380,0.08610,0.07855,0.63257,1,0
1768333697.115339,-0.03807,0.36907,-0.61858,-0.03914,-0.00330,-0.00061,0.59344,0.00095,0.22805,-0.00051,0.70682,0.00056,0.70740,1,3,0.99579,0.08851,0.00149,-0.02380,0.08610,0.07855,0.63257,1,0
1768333697.117341,-0.01494,0.38840,-0.63441,-0.03738,-0.00295,-0.00039,0.59348,0.00095,0.22805,-0.00051,0.70682,0.00056,0.70739,1,3,0.99579,0.08851,0.00149,-0.02380,0.08610,0.07855,0.63257,1,0
1768333697.119341,-0.04872,0.38421,-0.63443,-0.03699,-0.00255,-0.00103,0.59352,0.00095,0.22805,-0.00051,0.70682,0.00056,0.70739,1,3,0.99579,0.08851,0.00149,-0.02380,0.08610,0.07855,0.63257,1,0
1768333697.121347,-0.02584,0.40218,-0.60403,-0.03852,-0.00486,-0.00049,0.59352,0.00095,0.22805,-0.00051,0.70682,0.00056,0.70739,1,3,0.99579,0.08851,0.00149,-0.02380,0.08610,0.07855,0.63257,1,0
1768333697.123352,-0.03485,0.43113,-0.61974,-0.03883,-0.00413,0.00031,0.59356,0.00095,0.22805,-0.00051,0.70682,0.00056,0.70739,1,3,0.99579,0.08851,0.00149,-0.02380,0.08610,0.07855,0.63257,1,0
1768333697.125324,-0.02881,0.40804,-0.67252,-0.04042,-0.00368,-0.00014,0.59356,0.00095,0.22805,-0.00051,0.70682,0.00056,0.70739,1,3,0.99579,0.08851,0.00149,-0.02380,0.08610,0.07855,0.63257,1,0
1768333697.127341,-0.05046,0.40982,-0.68024,-0.04040,-0.00215,0.00001,0.59360,0.00095,0.22805,-0.00051,0.70682,0.00056,0.70739,1,3,0.99579,0.08851,0.00149,-0.02380,0.08610,0.07855,0.63257,1,0
1768333697.129332,-0.05355,0.39899,-0.68750,-0.04053,-0.00389,-0.00066,0.59360,0.00095,0.22805,-0.00051,0.70682,0.00056,0.70739,1,3,0.99579,0.08851,0.00149,-0.02380,0.08610,0.07855,0.63257,1,0
1768333697.131362,-0.01330,0.41303,-0.67300,-0.03883,-0.00350,-0.00069,0.59360,0.00095,0.22805,-0.00051,0.70682,0.00056,0.70739,1,3,0.99579,0.08851,0.00149,-0.02380,0.08610,0.07855,0.63257,1,0
1768333697.133324,-0.04738,0.40851,-0.62699,-0.03888,-0.00308,-0.00009,0.59360,0.00095,0.22805,-0.00051,0.70682,0.00056,0.70739,1,3,0.99579,0.08851,0.00149,-0.02380,0.08610,0.07855,0.63257,1,0
1768333697.135348,-0.02371,0.40256,-0.68805,-0.03742,-0.00197,-0.00043,0.59364,0.00095,0.22805,-0.00051,0.70682,0.00056,0.70740,1,3,0.99579,0.08851,0.00149,-0.02380,0.08610,0.07855,0.63257,1,0
1768333697.137381,-0.02159,0.38744,-0.64960,-0.03936,-0.00223,-0.00039,0.59364,0.00095,0.22805,-0.00051,0.70682,0.00056,0.70740,1,3,0.99579,0.08851,0.00149,-0.02380,0.08610,0.07855,0.63257,1,0
1768333697.139337,-0.01028,0.40516,-0.65002,-0.03805,-0.00276,-0.00028,0.59368,0.00095,0.22805,-0.00051,0.70681,0.00056,0.70740,1,3,0.99579,0.08851,0.00149,-0.02380,0.08610,0.07855,0.63257,1,0
1768333697.141321,-0.03290,0.40082,-0.61172,-0.04029,-0.00351,-0.00049,0.59373,0.00095,0.22805,-0.00051,0.70681,0.00056,0.70740,1,3,0.99579,0.08851,0.00149,-0.02380,0.08610,0.07855,0.63257,1,0
1768333697.143337,-0.02704,0.40166,-0.64995,-0.03744,-0.00371,-0.00093,0.59373,0.00095,0.22805,-0.00051,0.70681,0.00056,0.70740,1,3,0.99579,0.08851,0.00149,-0.02380,0.08610,0.07855,0.63257,1,0
1768333697.145328,0.00654,0.40534,-0.60446,-0.03782,-0.00335,-0.00026,0.59373,0.00095,0.22805,-0.00051,0.70681,0.00056,0.70740,1,3,0.99579,0.08851,0.00149,-0.02380,0.08610,0.07855,0.63257,1,0
1768333697.147328,-0.03965,0.37121,-0.59593,-0.03453,-0.00136,0.00033,0.59377,0.00095,0.22805,-0.00051,0.70681,0.00056,0.70740,1,3,0.99579,0.08851,0.00149,-0.02380,0.08610,0.07855,0.63257,1,0
1768333697.149325,-0.02515,0.37289,-0.61908,-0.03604,-0.00117,-0.00037,0.59377,0.00095,0.22805,-0.00051,0.70681,0.00056,0.70740,1,3,0.99573,0.08934,0.00119,-0.02306,0.08634,0.07851,0.63259,1,0
1768333697.151423,-0.00164,0.37018,-0.65693,-0.03803,-0.00234,-0.00055,0.59381,0.00095,0.22805,-0.00051,0.70681,0.00056,0.70740,1,3,0.99573,0.08934,0.00119,-0.02306,0.08634,0.07851,0.63259,1,0
1768333697.153327,-0.02534,0.40448,-0.69553,-0.04002,-0.00220,-0.00030,0.59381,0.00095,0.22805,-0.00051,0.70681,0.00056,0.70740,1,3,0.99573,0.08934,0.00119,-0.02306,0.08634,0.07851,0.63259,1,0
1768333697.155357,-0.03653,0.41236,-0.68756,-0.04168,-0.00332,0.00053,0.59389,0.00095,0.22805,-0.00051,0.70682,0.00056,0.70740,1,3,0.99573,0.08934,0.00119,-0.02306,0.08634,0.07851,0.63259,1,0
1768333697.157388,-0.05789,0.42979,-0.69550,-0.04168,-0.00295,0.00068,0.59389,0.00095,0.22805,-0.00051,0.70682,0.00056,0.70740,1,3,0.99573,0.08934,0.00119,-0.02306,0.08634,0.07851,0.63259,1,0
1768333697.159364,-0.05877,0.42526,-0.64253,-0.04043,-0.00270,0.00004,0.59389,0.00095,0.22805,-0.00051,0.70682,0.00056,0.70740,1,3,0.99573,0.08934,0.00119,-0.02306,0.08634,0.07851,0.63259,1,0
1768333697.161372,-0.03442,0.40134,-0.62694,-0.03875,-0.00362,-0.00050,0.59393,0.00095,0.22805,-0.00051,0.70681,0.00056,0.70740,1,3,0.99573,0.08934,0.00119,-0.02306,0.08634,0.07851,0.63259,1,0
1768333697.163351,-0.01472,0.38905,-0.61928,-0.03715,-0.00360,-0.00078,0.59393,0.00095,0.22805,-0.00051,0.70681,0.00056,0.70740,1,3,0.99573,0.08934,0.00119,-0.02306,0.08634,0.07851,0.63259,1,0
1768333697.165368,-0.03064,0.36699,-0.58060,-0.03458,-0.00249,0.00007,0.59397,0.00095,0.22805,-0.00051,0.70682,0.00056,0.70740,1,3,0.99573,0.08934,0.00119,-0.02306,0.08634,0.07851,0.63259,1,0
1768333697.167356,-0.04404,0.38921,-0.55064,-0.03431,-0.00209,0.00050,0.59397,0.00095,0.22805,-0.00051,0.70682,0.00056,0.70740,1,3,0.99573,0.08934,0.00119,-0.02306,0.08634,0.07851,0.63259,1,0
1768333697.169359,-0.01499,0.38828,-0.58127,-0.03738,-0.00270,-0.00035,0.59401,0.00095,0.22805,-0.00051,0.70681,0.00056,0.70740,1,3,0.99573,0.08934,0.00119,-0.02306,0.08634,0.07851,0.63259,1,0
1768333697.171358,-0.03420,0.42040,-0.65779,-0.03939,-0.00312,-0.00026,0.59401,0.00095,0.22805,-0.00051,0.70681,0.00056,0.70740,1,3,0.99573,0.08934,0.00119,-0.02306,0.08634,0.07851,0.63259,1,0
1768333697.173363,-0.03776,0.41742,-0.69560,-0.04030,-0.00282,-0.00002,0.59401,0.00095,0.22805,-0.00051,0.70681,0.00056,0.70740,1,3,0.99573,0.08934,0.00119,-0.02306,0.08634,0.07851,0.63259,1,0
1768333697.175352,-0.04621,0.40770,-0.65741,-0.04020,-0.00258,-0.00011,0.59405,0.00095,0.22805,-0.00051,0.70682,0.00056,0.70740,1,3,0.99573,0.08934,0.00119,-0.02306,0.08634,0.07851,0.63259,1,0
1768333697.177366,-0.04232,0.42942,-0.62770,-0.04016,-0.00202,-0.00010,0.59405,0.00095,0.22805,-0.00051,0.70682,0.00056,0.70740,1,3,0.99573,0.08934,0.00119,-0.02306,0.08634,0.07851,0.63259,1,0
1768333697.179364,-0.01800,0.39977,-0.61965,-0.03877,-0.00204,-0.00051,0.59409,0.00095,0.22804,-0.00051,0.70682,0.00056,0.70739,1,3,0.99573,0.08934,0.00119,-0.02306,0.08634,0.07851,0.63259,1,0
1768333697.181395,-0.03406,0.39019,-0.63398,-0.03998,-0.00271,0.00057,0.59409,0.00095,0.22804,-0.00051,0.70682,0.00056,0.70739,1,3,0.99571,0.08989,-0.00095,-0.02197,0.08660,0.07853,0.63293,1,0
1768333697.183366,-0.00590,0.38728,-0.65751,-0.03805,-0.00192,-0.00082,0.59412,0.00095,0.22804,-0.00051,0.70682,0.00056,0.70739,1,3,0.99571,0.08989,-0.00095,-0.02197,0.08660,0.07853,0.63293,1,0
1768333697.185366,-0.01944,0.39051,-0.64207,-0.03735,-0.00239,-0.00026,0.59412,0.00095,0.22804,-0.00051,0.70682,0.00056,0.70739,1,3,0.99571,0.08989,-0.00095,-0.02197,0.08660,0.07853,0.63293,1,0
1768333697.187378,-0.01444,0.40348,-0.62747,-0.03741,-0.00311,-0.00120,0.59417,0.00095,0.22805,-0.00051,0.70682,0.00056,0.70740,1,3,0.99571,0.08989,-0.00095,-0.02197,0.08660,0.07853,0.63293,1,0
1768333697.189373,0.00273,0.38391,-0.60392,-0.03765,-0.00406,-0.00065,0.59421,0.00095,0.22804,-0.00051,0.70682,0.00056,0.70739,1,3,0.99571,0.08989,-0.00095,-0.02197,0.08660,0.07853,0.63293,1,0
1768333697.191375,0.00669,0.36611,-0.60365,-0.03743,-0.00333,-0.00078,0.59421,0.00095,0.22804,-0.00051,0.70682,0.00056,0.70739,1,3,0.99571,0.08989,-0.00095,-0.02197,0.08660,0.07853,0.63293,1,0
1768333697.193384,-0.01439,0.39788,-0.63480,-0.03792,-0.00259,-0.00066,0.59425,0.00095,0.22804,-0.00051,0.70682,0.00056,0.70739,1,3,0.99571,0.08989,-0.00095,-0.02197,0.08660,0.07853,0.63293,1,0
1768333697.195380,-0.02753,0.40032,-0.61204,-0.03767,-0.00205,-0.00050,0.59425,0.00095,0.22804,-0.00051,0.70682,0.00056,0.70739,1,3,0.99571,0.08989,-0.00095,-0.02197,0.08660,0.07853,0.63293,1,0
1768333697.197369,-0.01944,0.38071,-0.61168,-0.03703,-0.00214,-0.00077,0.59429,0.00095,0.22805,-0.00051,0.70682,0.00056,0.70739,1,3,0.99571,0.08989,-0.00095,-0.02197,0.08660,0.07853,0.63293,1,0
1768333697.199374,-0.01468,0.39334,-0.64198,-0.03775,-0.00321,-0.00013,0.59429,0.00095,0.22805,-0.00051,0.70682,0.00056,0.70739,1,3,0.99571,0.08989,-0.00095,-0.02197,0.08660,0.07853,0.63293,1,0
1768333697.201381,-0.00982,0.36535,-0.61854,-0.03853,-0.00248,0.00003,0.59429,0.00095,0.22805,-0.00051,0.70682,0.00056,0.70739,1,3,0.99571,0.08989,-0.00095,-0.02197,0.08660,0.07853,0.63293,1,0
1768333697.203514,-0.02827,0.37978,-0.63444,-0.03726,-0.00088,-0.00038,0.59433,0.00095,0.22804,-0.00051,0.70682,0.00056,0.70739,1,3,0.99571,0.08989,-0.00095,-0.02197,0.08660,0.07853,0.63293,1,0
1768333697.205391,-0.02408,0.38238,-0.61925,-0.03723,-0.00119,-0.00024,0.59433,0.00095,0.22804,-0.00051,0.70682,0.00056,0.70739,1,3,0.99571,0.08989,-0.00095,-0.02197,0.08660,0.07853,0.63293,1,0
1768333697.207373,-0.01043,0.39979,-0.65751,-0.03811,-0.00225,-0.00015,0.59437,0.00095,0.22805,-0.00051,0.70682,0.00056,0.70739,1,3,0.99571,0.08989,-0.00095,-0.02197,0.08660,0.07853,0.63293,1,0
1768333697.209384,0.00396,0.38317,-0.67970,-0.03919,-0.00393,-0.00030,0.59437,0.00095,0.22805,-0.00051,0.70682,0.00056,0.70739,1,3,0.99571,0.08989,-0.00095,-0.02197,0.08660,0.07853,0.63293,1,0
1768333697.211374,-0.00491,0.41264,-0.68049,-0.03905,-0.00347,-0.00030,0.59441,0.00095,0.22804,-0.00051,0.70682,0.00056,0.70739,1,3,0.99571,0.08989,-0.00095,-0.02197,0.08660,0.07853,0.63293,1,0
1768333697.213389,-0.04277,0.41099,-0.64234,-0.03907,-0.00327,-0.00037,0.59441,0.00095,0.22804,-0.00051,0.70682,0.00056,0.70739,1,3,0.99551,0.09084,0.00297,-0.02649,0.08675,0.07843,0.63222,1,0
1768333697.215511,-0.01425,0.42313,-0.62025,-0.03783,-0.00325,-0.00093,0.59445,0.00095,0.22804,-0.00051,0.70682,0.00056,0.70739,1,3,0.99551,0.09084,0.00297,-0.02649,0.08675,0.07843,0.63222,1,0
1768333697.217397,0.01098,0.36938,-0.63336,-0.03782,-0.00514,0.00054,0.59445,0.00095,0.22804,-0.00051,0.70682,0.00056,0.70739,1,3,0.99551,0.09084,0.00297,-0.02649,0.08675,0.07843,0.63222,1,0
1768333697.219378,-0.06357,0.35930,-0.51964,-0.03904,-0.00236,-0.00064,0.59445,0.00095,0.22804,-0.00051,0.70682,0.00056,0.70739,1,3,0.99551,0.09084,0.00297,-0.02649,0.08675,0.07843,0.63222,1,0
1768333697.221374,-0.02021,0.40542,-0.59711,-0.03652,-0.00202,-0.00063,0.59453,0.00095,0.22804,-0.00051,0.70682,0.00056,0.70739,1,3,0.99551,0.09084,0.00297,-0.02649,0.08675,0.07843,0.63222,1,0
1768333697.223384,-0.01941,0.38142,-0.62675,-0.03681,-0.00303,-0.00078,0.59453,0.00095,0.22804,-0.00051,0.70682,0.00056,0.70739,1,3,0.99551,0.09084,0.00297,-0.02649,0.08675,0.07843,0.63222,1,0
1768333697.225398,-0.01437,0.40774,-0.61962,-0.03823,-0.00284,-0.00011,0.59457,0.00095,0.22805,-0.00051,0.70682,0.00056,0.70739,1,3,0.99551,0.09084,0.00297,-0.02649,0.08675,0.07843,0.63222,1,0
1768333697.227378,0.02484,0.40479,-0.68039,-0.03914,-0.00382,-0.00033,0.59457,0.00095,0.22805,-0.00051,0.70682,0.00056,0.70739,1,3,0.99551,0.09084,0.00297,-0.02649,0.08675,0.07843,0.63222,1,0
1768333697.229392,-0.00934,0.41995,-0.67311,-0.03896,-0.00317,-0.00030,0.59461,0.00095,0.22805,-0.00051,0.70682,0.00056,0.70739,1,3,0.99551,0.09084,0.00297,-0.02649,0.08675,0.07843,0.63222,1,0
1768333697.231380,-0.02071,0.41698,-0.63510,-0.04031,-0.00252,-0.00039,0.59461,0.00095,0.22805,-0.00051,0.70682,0.00056,0.70739,1,3,0.99551,0.09084,0.00297,-0.02649,0.08675,0.07843,0.63222,1,0
1768333697.233399,-0.01711,0.41012,-0.68063,-0.03930,-0.00295,-0.00083,0.59461,0.00095,0.22805,-0.00051,0.70682,0.00056,0.70739,1,3,0.99551,0.09084,0.00297,-0.02649,0.08675,0.07843,0.63222,1,0
1768333697.235400,0.00023,0.39905,-0.68803,-0.04009,-0.00225,-0.00058,0.59465,0.00095,0.22805,-0.00051,0.70682,0.00056,0.70739,1,3,0.99551,0.09084,0.00297,-0.02649,0.08675,0.07843,0.63222,1,0
1768333697.237391,-0.01298,0.38142,-0.66477,-0.03986,-0.00132,-0.00028,0.59465,0.00095,0.22805,-0.00051,0.70682,0.00056,0.70739,1,3,0.99551,0.09084,0.00297,-0.02649,0.08675,0.07843,0.63222,1,0
1768333697.239393,-0.00572,0.39259,-0.61170,-0.03842,-0.00268,-0.00011,0.59469,0.00095,0.22805,-0.00051,0.70682,0.00056,0.70739,1,3,0.99551,0.09084,0.00297,-0.02649,0.08675,0.07843,0.63222,1,0
1768333697.241404,-0.03067,0.38109,-0.57331,-0.03506,-0.00186,0.00048,0.59469,0.00095,0.22805,-0.00051,0.70682,0.00056,0.70739,1,3,0.99551,0.09084,0.00297,-0.02649,0.08675,0.07843,0.63222,1,0
1768333697.243394,-0.01726,0.39877,-0.52856,-0.03506,-0.00244,-0.00058,0.59473,0.00095,0.22805,-0.00051,0.70682,0.00056,0.70740,1,3,0.99551,0.09084,0.00297,-0.02649,0.08675,0.07843,0.63222,1,0
1768333697.245402,-0.03840,0.38192,-0.56570,-0.03527,-0.00266,0.00009,0.59473,0.00095,0.22805,-0.00051,0.70682,0.00056,0.70740,1,3,0.99541,0.09101,0.00275,-0.02956,0.08690,0.07837,0.63190,1,0
1768333697.247398,-0.03999,0.37226,-0.59579,-0.03386,-0.00250,0.00034,0.59477,0.00095,0.22805,-0.00051,0.70682,0.00056,0.70740,1,3,0.99541,0.09101,0.00275,-0.02956,0.08690,0.07837,0.63190,1,0
1768333697.249401,-0.01136,0.39136,-0.56604,-0.03668,-0.00338,-0.00021,0.59477,0.00095,0.22805,-0.00051,0.70682,0.00056,0.70740,1,3,0.99541,0.09101,0.00275,-0.02956,0.08690,0.07837,0.63190,1,0
1768333697.251399,-0.01165,0.40611,-0.63479,-0.03651,-0.00338,-0.00026,0.59477,0.00095,0.22805,-0.00051,0.70682,0.00056,0.70740,1,3,0.99541,0.09101,0.00275,-0.02956,0.08690,0.07837,0.63190,1,0
1768333697.253399,-0.04650,0.42180,-0.66551,-0.04025,-0.00170,-0.00012,0.59485,0.00095,0.22805,-0.00051,0.70682,0.00056,0.70740,1,3,0.99541,0.09101,0.00275,-0.02956,0.08690,0.07837,0.63190,0,1
1768333697.255400,-0.01637,0.42298,-0.71904,-0.04089,-0.00118,-0.00047,0.59485,0.00095,0.22805,-0.00051,0.70682,0.00056,0.70740,1,3,0.99541,0.09101,0.00275,-0.02956,0.08690,0.07837,0.63190,0,1
1768333697.257413,-0.03627,0.42117,-0.66548,-0.04201,-0.00183,-0.00013,0.59489,0.00095,0.22805,-0.00051,0.70682,0.00056,0.70739,1,3,0.99541,0.09101,0.00275,-0.02956,0.08690,0.07837,0.63190,0,1
1768333697.259406,-0.03174,0.39068,-0.58093,-0.04150,-0.00364,-0.00019,0.59489,0.00095,0.22805,-0.00051,0.70682,0.00056,0.70739,1,3,0.99541,0.09101,0.00275,-0.02956,0.08690,0.07837,0.63190,0,1
1768333697.261432,-0.05180,0.42083,-0.59700,-0.03873,-0.00279,-0.00020,0.59493,0.00095,0.22805,-0.00051,0.70682,0.00056,0.70739,1,3,0.99541,0.09101,0.00275,-0.02956,0.08690,0.07837,0.63190,0,1
1768333697.263414,-0.01442,0.37865,-0.61156,-0.03750,-0.00296,-0.00091,0.59493,0.00095,0.22805,-0.00051,0.70682,0.00056,0.70739,1,3,0.99541,0.09101,0.00275,-0.02956,0.08690,0.07837,0.63190,0,1
1768333697.265442,-0.04572,0.38669,-0.59601,-0.03652,-0.00282,0.00034,0.59497,0.00095,0.22805,-0.00051,0.70682,0.00056,0.70739,1,3,0.99541,0.09101,0.00275,-0.02956,0.08690,0.07837,0.63190,0,1
1768333697.267418,-0.01979,0.37594,-0.60354,-0.03709,-0.00262,0.00018,0.59497,0.00095,0.22805,-0.00051,0.70682,0.00056,0.70739,1,3,0.99541,0.09101,0.00275,-0.02956,0.08690,0.07837,0.63190,0,1
1768333697.269437,-0.00791,0.37790,-0.62702,-0.03597,-0.00164,-0.00093,0.59497,0.00095,0.22805,-0.00051,0.70682,0.00056,0.70739,1,3,0.99541,0.09101,0.00275,-0.02956,0.08690,0.07837,0.63190,0,1
1768333697.271433,0.00757,0.37438,-0.63422,-0.03907,-0.00207,-0.00027,0.59501,0.00095,0.22805,-0.00051,0.70682,0.00056,0.70739,1,3,0.99541,0.09101,0.00275,-0.02956,0.08690,0.07837,0.63190,0,1
1768333697.273452,-0.00876,0.35509,-0.61852,-0.03931,-0.00211,-0.00051,0.59501,0.00095,0.22805,-0.00051,0.70682,0.00056,0.70739,1,3,0.99541,0.09101,0.00275,-0.02956,0.08690,0.07837,0.63190,0,1
1768333697.275415,-0.00783,0.35317,-0.63369,-0.03627,-0.00186,-0.00026,0.59505,0.00095,0.22804,-0.00051,0.70682,0.00056,0.70739,1,3,0.99541,0.09101,0.00275,-0.02956,0.08690,0.07837,0.63190,0,1
1768333697.277435,-0.03599,0.38861,-0.58874,-0.03410,-0.00155,0.00046,0.59505,0.00095,0.22804,-0.00051,0.70682,0.00056,0.70739,1,3,0.99541,0.09101,0.00275,-0.02956,0.08690,0.07837,0.63190,0,1
1768333697.279413,-0.01667,0.37345,-0.65697,-0.03581,-0.00216,-0.00041,0.59509,0.00095,0.22805,-0.00051,0.70682,0.00056,0.70739,1,3,0.99554,0.09154,0.00147,-0.02278,0.08724,0.07844,0.63276,0,1
1768333697.281440,-0.02225,0.38201,-0.64954,-0.03898,-0.00146,-0.00026,0.59509,0.00095,0.22805,-0.00051,0.70682,0.00056,0.70739,1,3,0.99554,0.09154,0.00147,-0.02278,0.08724,0.07844,0.63276,0,1
1768333697.283417,-0.02875,0.40708,-0.67303,-0.04043,-0.00217,-0.00095,0.59514,0.00095,0.22804,-0.00051,0.70682,0.00056,0.70739,1,3,0.99554,0.09154,0.00147,-0.02278,0.08724,0.07844,0.63276,0,1
1768333697.285439,0.00218,0.40152,-0.65005,-0.03831,-0.00177,-0.00002,0.59514,0.00095,0.22804,-0.00051,0.70682,0.00056,0.70739,1,3,0.99554,0.09154,0.00147,-0.02278,0.08724,0.07844,0.63276,0,1
1768333697.287431,-0.01318,0.38407,-0.57377,-0.03612,-0.00017,0.00032,0.59514,0.00095,0.22804,-0.00051,0.70682,0.00056,0.70739,1,3,0.99554,0.09154,0.00147,-0.02278,0.08724,0.07844,0.63276,0,1
1768333697.289457,-0.03855,0.39634,-0.58115,-0.03553,-0.00241,0.00048,0.59522,0.00095,0.22805,-0.00051,0.70682,0.00056,0.70739,1,3,0.99554,0.09154,0.00147,-0.02278,0.08724,0.07844,0.63276,0,1
1768333697.291449,-0.00077,0.37371,-0.55052,-0.03493,-0.00260,0.00006,0.59522,0.00095,0.22805,-0.00051,0.70682,0.00056,0.70739,1,3,0.99554,0.09154,0.00147,-0.02278,0.08724,0.07844,0.63276,0,1
1768333697.293462,-0.03185,0.36705,-0.55790,-0.03348,-0.00210,0.00009,0.59526,0.00095,0.22804,-0.00051,0.70682,0.00056,0.70739,1,3,0.99554,0.09154,0.00147,-0.02278,0.08724,0.07844,0.63276,0,1
1768333697.295458,-0.02885,0.31953,-0.56456,-0.03231,-0.00083,-0.00005,0.59526,0.00095,0.22804,-0.00051,0.70682,0.00056,0.70739,1,3,0.99554,0.09154,0.00147,-0.02278,0.08724,0.07844,0.63276,0,1
1768333697.297440,-0.04407,0.34389,-0.54225,-0.03420,-0.00066,0.00012,0.59530,0.00095,0.22805,-0.00051,0.70682,0.00056,0.70739,1,3,0.99554,0.09154,0.00147,-0.02278,0.08724,0.07844,0.63276,0,1
1768333697.299469,-0.01114,0.34414,-0.54213,-0.03332,-0.00181,0.00049,0.59530,0.00095,0.22805,-0.00051,0.70682,0.00056,0.70739,1,3,0.99554,0.09154,0.00147,-0.02278,0.08724,0.07844,0.63276,0,1
1768333697.301456,-0.00372,0.39657,-0.58885,-0.03596,-0.00385,0.00004,0.59534,0.00095,0.22805,-0.00051,0.70682,0.00056,0.70739,1,3,0.99554,0.09154,0.00147,-0.02278,0.08724,0.07844,0.63276,0,1
1768333697.303483,0.01415,0.38018,-0.61941,-0.03682,-0.00241,-0.00081,0.59534,0.00095,0.22805,-0.00051,0.70682,0.00056,0.70739,1,3,0.99554,0.09154,0.00147,-0.02278,0.08724,0.07844,0.63276,0,1
1768333697.305520,-0.02407,0.37612,-0.61927,-0.03774,0.00034,-0.00011,0.59534,0.00095,0.22805,-0.00051,0.70682,0.00056,0.70739,1,3,0.99554,0.09154,0.00147,-0.02278,0.08724,0.07844,0.63276,0,1
1768333697.307442,0.00007,0.36639,-0.60381,-0.03655,-0.00019,0.00015,0.59534,0.00095,0.22805,-0.00051,0.70682,0.00056,0.70739,1,3,0.99554,0.09154,0.00147,-0.02278,0.08724,0.07844,0.63276,0,1
1768333697.309447,-0.03465,0.34370,-0.54981,-0.03508,-0.00103,0.00010,0.59537,0.00095,0.22804,-0.00051,0.70683,0.00056,0.70739,1,3,0.99554,0.09154,0.00147,-0.02278,0.08724,0.07844,0.63276,0,1
1768333697.311446,-0.00684,0.34149,-0.51178,-0.03335,-0.00161,0.00037,0.59541,0.00095,0.22804,-0.00051,0.70683,0.00056,0.70739,1,3,0.99554,0.09154,0.00147,-0.02278,0.08724,0.07844,0.63276,0,1
1768333697.313444,-0.01035,0.31285,-0.43521,-0.02977,-0.00130,0.00044,0.59541,0.00095,0.22804,-0.00051,0.70683,0.00056,0.70739,1,3,0.99554,0.09154,0.00147,-0.02278,0.08724,0.07844,0.63276,0,1
1768333697.315457,-0.02121,0.30885,-0.43523,-0.02719,-0.00117,0.00018,0.59544,0.00095,0.22804,-0.00051,0.70683,0.00056,0.70739,1,3,0.99554,0.09154,0.00147,-0.02278,0.08724,0.07844,0.63276,0,1
1768333697.317467,-0.01439,0.30389,-0.40462,-0.02594,-0.00099,0.00073,0.59544,0.00095,0.22804,-0.00051,0.70683,0.00056,0.70739,1,3,0.99554,0.09154,0.00147,-0.02278,0.08724,0.07844,0.63276,0,1
1768333697.319454,-0.01685,0.29156,-0.40465,-0.02697,-0.00097,-0.00034,0.59547,0.00095,0.22804,-0.00051,0.70683,0.00056,0.70739,1,3,0.99542,0.09279,0.00095,-0.02303,0.08743,0.07838,0.63260,0,1
1768333697.321461,-0.00713,0.31418,-0.45825,-0.02931,0.00018,0.00055,0.59547,0.00095,0.22804,-0.00051,0.70683,0.00056,0.70739,1,3,0.99542,0.09279,0.00095,-0.02303,0.08743,0.07838,0.63260,0,1
1768333697.323465,-0.02658,0.32673,-0.43602,-0.03048,0.00039,-0.00036,0.59550,0.00095,0.22804,-0.00051,0.70683,0.00056,0.70738,1,3,0.99542,0.09279,0.00095,-0.02303,0.08743,0.07838,0.63260,0,1
1768333697.325456,0.01288,0.34280,-0.46653,-0.03246,-0.00033,0.00052,0.59552,0.00095,0.22804,-0.00051,0.70683,0.00056,0.70738,1,3,0.99542,0.09279,0.00095,-0.02303,0.08743,0.07838,0.63260,0,1
1768333697.327480,-0.01696,0.33189,-0.49648,-0.03172,-0.00098,0.00026,0.59552,0.00095,0.22804,-0.00051,0.70683,0.00056,0.70738,1,3,0.99542,0.09279,0.00095,-0.02303,0.08743,0.07838,0.63260,0,1
1768333697.329474,-0.03798,0.32975,-0.49639,-0.03175,-0.00073,0.00015,0.59554,0.00095,0.22804,-0.00051,0.70683,0.00056,0.70738,1,3,0.99542,0.09279,0.00095,-0.02303,0.08743,0.07838,0.63260,0,1
1768333697.331453,-0.01889,0.31137,-0.48841,-0.03044,0.00046,0.00081,0.59554,0.00095,0.22804,-0.00051,0.70683,0.00056,0.70738,1,3,0.99542,0.09279,0.00095,-0.02303,0.08743,0.07838,0.63260,0,1
1768333697.333472,-0.01290,0.32987,-0.51161,-0.03131,-0.00154,0.00011,0.59555,0.00095,0.22804,-0.00051,0.70683,0.00056,0.70738,1,3,0.99542,0.09279,0.00095,-0.02303,0.08743,0.07838,0.63260,0,1
1768333697.335462,-0.01919,0.31687,-0.48094,-0.02994,-0.00005,0.00068,0.59555,0.00095,0.22804,-0.00051,0.70683,0.00056,0.70738,1,3,0.99542,0.09279,0.00095,-0.02303,0.08743,0.07838,0.63260,0,1
1768333697.337463,-0.01364,0.31864,-0.44316,-0.03123,0.00038,0.00043,0.59555,0.00095,0.22804,-0.00051,0.70683,0.00056,0.70738,1,3,0.99542,0.09279,0.00095,-0.02303,0.08743,0.07838,0.63260,0,1
1768333697.339453,-0.01233,0.28408,-0.41935,-0.03230,0.00002,0.00060,0.59556,0.00095,0.22804,-0.00051,0.70683,0.00056,0.70738,1,3,0.99542,0.09279,0.00095,-0.02303,0.08743,0.07838,0.63260,0,1
1768333697.341454,-0.02118,0.29505,-0.53348,-0.03151,-0.00102,0.00025,0.59556,0.00095,0.22804,-0.00051,0.70683,0.00056,0.70738,1,3,0.99542,0.09279,0.00095,-0.02303,0.08743,0.07838,0.63260,0,1
1768333697.343476,-0.02598,0.31386,-0.52606,-0.03063,-0.00263,0.00039,0.59557,0.00095,0.22804,-0.00051,0.70684,0.00056,0.70738,1,3,0.99542,0.09279,0.00095,-0.02303,0.08743,0.07838,0.63260,0,1
1768333697.345475,-0.04363,0.30432,-0.54882,-0.02966,-0.00203,-0.00015,0.59557,0.00095,0.22804,-0.00051,0.70684,0.00056,0.70738,1,3,0.99542,0.09279,0.00095,-0.02303,0.08743,0.07838,0.63260,0,1
1768333697.347476,-0.03213,0.34764,-0.54953,-0.03328,-0.00258,0.00064,0.59557,0.00095,0.22804,-0.00051,0.70683,0.00056,0.70738,1,3,0.99542,0.09279,0.00095,-0.02303,0.08743,0.07838,0.63260,0,1
1768333697.349512,-0.02741,0.31982,-0.60943,-0.03405,-0.00234,0.00114,0.59557,0.00095,0.22804,-0.00051,0.70683,0.00056,0.70738,1,3,0.99541,0.09231,0.00001,-0.02540,0.08771,0.07840,0.63289,0,1
1768333697.351478,-0.05292,0.30578,-0.60928,-0.03335,-0.00204,0.00036,0.59557,0.00095,0.22804,-0.00051,0.70684,0.00056,0.70738,1,3,0.99541,0.09231,0.00001,-0.02540,0.08771,0.07840,0.63289,0,1
1768333697.353498,-0.04719,0.31111,-0.63981,-0.03089,-0.00198,0.00059,0.59557,0.00095,0.22804,-0.00051,0.70684,0.00056,0.70738,1,3,0.99541,0.09231,0.00001,-0.02540,0.08771,0.07840,0.63289,0,1
1768333697.355479,-0.02779,0.29572,-0.60910,-0.02823,-0.00386,0.00006,0.59558,0.00095,0.22804,-0.00051,0.70684,0.00056,0.70738,1,3,0.99541,0.09231,0.00001,-0.02540,0.08771,0.07840,0.63289,0,1
1768333697.357507,-0.01781,0.25436,-0.60070,-0.02523,-0.00370,-0.00020,0.59558,0.00095,0.22804,-0.00051,0.70684,0.00056,0.70737,1,3,0.99541,0.09231,0.00001,-0.02540,0.08771,0.07840,0.63289,0,1
1768333697.359475,-0.04297,0.21878,-0.55407,-0.02130,-0.00336,0.00026,0.59558,0.00095,0.22804,-0.00051,0.70684,0.00056,0.70737,1,3,0.99541,0.09231,0.00001,-0.02540,0.08771,0.07840,0.63289,0,1
1768333697.361491,-0.04716,0.18963,-0.52319,-0.01728,-0.00228,0.00029,0.59558,0.00095,0.22804,-0.00051,0.70684,0.00056,0.70737,1,3,0.99541,0.09231,0.00001,-0.02540,0.08771,0.07840,0.63289,0,1
1768333697.363479,-0.03445,0.18132,-0.53069,-0.01279,-0.00306,0.00013,0.59558,0.00095,0.22804,-0.00051,0.70684,0.00056,0.70737,1,3,0.99541,0.09231,0.00001,-0.02540,0.08771,0.07840,0.63289,0,1
1768333697.365472,-0.03097,0.14239,-0.51432,-0.00845,-0.00255,0.00122,0.59558,0.00095,0.22804,-0.00051,0.70684,0.00056,0.70737,1,3,0.99541,0.09231,0.00001,-0.02540,0.08771,0.07840,0.63289,0,1
1768333697.367474,-0.05141,0.10474,-0.53631,-0.00432,-0.00266,0.00069,0.59558,0.00095,0.22804,-0.00051,0.70684,0.00056,0.70737,1,3,0.99541,0.09231,0.00001,-0.02540,0.08771,0.07840,0.63289,0,1
1768333697.369480,-0.04077,0.07117,-0.49728,-0.00560,-0.00454,0.00046,0.59558,0.00095,0.22804,-0.00051,0.70684,0.00056,0.70737,1,3,0.99541,0.09231,0.00001,-0.02540,0.08771,0.07840,0.63289,0,1
1768333697.371471,-0.02864,0.05634,-0.51248,-0.00119,-0.00328,0.00043,0.59558,0.00095,0.22804,-0.00051,0.70684,0.00056,0.70737,1,3,0.99541,0.09231,0.00001,-0.02540,0.08771,0.07840,0.63289,0,1
1768333697.373508,-0.03154,0.01726,-0.52652,0.00139,-0.00295,0.00110,0.59558,0.00095,0.22804,-0.00051,0.70684,0.00056,0.70738,1,3,0.99541,0.09231,0.00001,-0.02540,0.08771,0.07840,0.63289,0,1
1768333697.375528,-0.02852,0.03367,-0.56528,0.00225,-0.00161,0.00079,0.59558,0.00095,0.22804,-0.00051,0.70684,0.00056,0.70738,1,3,0.99541,0.09231,0.00001,-0.02540,0.08771,0.07840,0.63289,0,1
1768333697.377498,-0.01391,0.02256,-0.57977,0.00102,-0.00418,0.00091,0.59558,0.00095,0.22804,-0.00051,0.70684,0.00056,0.70737,1,3,0.99541,0.09231,0.00001,-0.02540,0.08771,0.07840,0.63289,0,1
1768333697.379492,-0.03550,-0.01444,-0.51827,0.00166,-0.00301,0.00058,0.59558,0.00095,0.22804,-0.00051,0.70684,0.00056,0.70737,1,3,0.99541,0.09231,0.00001,-0.02540,0.08771,0.07840,0.63289,0,1
1768333697.381512,-0.05943,-0.02011,-0.57134,0.00487,-0.00336,0.00016,0.59559,0.00095,0.22804,-0.00051,0.70684,0.00056,0.70737,1,3,0.99541,0.09231,0.00001,-0.02540,0.08771,0.07840,0.63289,0,1
1768333697.383545,-0.03008,-0.01344,-0.53372,0.00495,-0.00321,0.00016,0.59559,0.00095,0.22804,-0.00051,0.70684,0.00056,0.70737,1,3,0.99541,0.09231,0.00001,-0.02540,0.08771,0.07840,0.63289,0,1
1768333697.385525,-0.03513,-0.02571,-0.52581,0.00568,-0.00289,0.00030,0.59559,0.00095,0.22804,-0.00051,0.70684,0.00056,0.70737,1,3,0.99524,0.09364,0.00223,-0.02688,0.08786,0.07832,0.63248,0,1
1768333697.387512,-0.03580,0.00480,-0.54907,0.00627,-0.00404,0.00068,0.59559,0.00095,0.22804,-0.00051,0.70684,0.00056,0.70737,1,3,0.99524,0.09364,0.00223,-0.02688,0.08786,0.07832,0.63248,0,1
1768333697.389504,-0.03545,-0.01537,-0.57910,0.00602,-0.00352,0.00039,0.59559,0.00095,0.22803,-0.00051,0.70684,0.00056,0.70737,1,3,0.99524,0.09364,0.00223,-0.02688,0.08786,0.07832,0.63248,0,1
1768333697.391500,-0.02575,-0.01184,-0.54886,0.00432,-0.00262,0.00068,0.59559,0.00095,0.22803,-0.00051,0.70684,0.00056,0.70737,1,3,0.99524,0.09364,0.00223,-0.02688,0.08786,0.07832,0.63248,0,1
1768333697.393502,-0.05093,-0.00587,-0.55662,0.00460,-0.00296,0.00016,0.59559,0.00095,0.22803,-0.00051,0.70684,0.00056,0.70737,1,3,0.99524,0.09364,0.00223,-0.02688,0.08786,0.07832,0.63248,0,1
1768333697.395504,-0.05132,0.00356,-0.55673,0.00450,-0.00258,0.00069,0.59559,0.00095,0.22803,-0.00051,0.70684,0.00056,0.70737,1,3,0.99524,0.09364,0.00223,-0.02688,0.08786,0.07832,0.63248,0,1
1768333697.397530,-0.04063,0.02600,-0.48897,-0.00069,-0.00465,-0.00047,0.59559,0.00095,0.22803,-0.00051,0.70684,0.00056,0.70737,1,3,0.99524,0.09364,0.00223,-0.02688,0.08786,0.07832,0.63248,0,1
1768333697.399502,-0.03853,0.05734,-0.62669,0.00078,-0.00355,-0.00046,0.59559,0.00095,0.22803,-0.00051,0.70684,0.00056,0.70737,1,3,0.99524,0.09364,0.00223,-0.02688,0.08786,0.07832,0.63248,0,1
1768333697.401526,-0.01446,0.06827,-0.60394,-0.00258,-0.00384,0.00021,0.59559,0.00095,0.22803,-0.00051,0.70684,0.00056,0.70737,1,3,0.99524,0.09364,0.00223,-0.02688,0.08786,0.07832,0.63248,0,1
1768333697.403533,-0.03834,0.08303,-0.61196,-0.00393,-0.00344,-0.00018,0.59559,0.00095,0.22803,-0.00051,0.70684,0.00056,0.70737,1,3,0.99524,0.09364,0.00223,-0.02688,0.08786,0.07832,0.63248,0,1
1768333697.405524,-0.02683,0.09181,-0.55134,-0.00710,-0.00346,-0.00001,0.59559,0.00095,0.22803,-0.00051,0.70684,0.00056,0.70737,1,3,0.99524,0.09364,0.00223,-0.02688,0.08786,0.07832,0.63248,0,1
1768333697.407517,-0.03582,0.10826,-0.52082,-0.01127,-0.00386,0.00097,0.59559,0.00095,0.22803,-0.00051,0.70684,0.00056,0.70737,1,3,0.99524,0.09364,0.00223,-0.02688,0.08786,0.07832,0.63248,0,1
1768333697.409521,-0.03418,0.13925,-0.56786,-0.00915,-0.00163,0.00024,0.59559,0.00095,0.22803,-0.00051,0.70684,0.00056,0.70737,1,3,0.99524,0.09364,0.00223,-0.02688,0.08786,0.07832,0.63248,0,1
1768333697.411547,-0.01042,0.16932,-0.56116,-0.01228,-0.00092,0.00035,0.59559,0.00095,0.22803,-0.00051,0.70684,0.00056,0.70737,1,3,0.99524,0.09364,0.00223,-0.02688,0.08786,0.07832,0.63248,0,1
1768333697.413511,-0.02463,0.17894,-0.56894,-0.01479,-0.00102,0.00009,0.59559,0.00095,0.22803,-0.00051,0.70684,0.00056,0.70737,1,3,0.99524,0.09364,0.00223,-0.02688,0.08786,0.07832,0.63248,0,1
1768333697.415524,-0.01997,0.20073,-0.56194,-0.01540,-0.00084,0.00009,0.59559,0.00095,0.22803,-0.00051,0.70684,0.00056,0.70737,1,3,0.99524,0.09364,0.00223,-0.02688,0.08786,0.07832,0.63248,0,1
1768333697.417554,-0.02775,0.19681,-0.59975,-0.02025,-0.00049,-0.00006,0.59559,0.00095,0.22803,-0.00051,0.70684,0.00056,0.70737,1,3,0.99526,0.09406,0.00006,-0.02486,0.08809,0.07838,0.63316,0,1
1768333697.419519,-0.02407,0.21783,-0.57740,-0.02065,0.00061,0.00075,0.59559,0.00095,0.22803,-0.00051,0.70684,0.00056,0.70737,1,3,0.99526,0.09406,0.00006,-0.02486,0.08809,0.07838,0.63316,0,1
1768333697.421554,-0.03365,0.24061,-0.61596,-0.02300,-0.00058,-0.00008,0.59560,0.00095,0.22803,-0.00051,0.70684,0.00056,0.70737,1,3,0.99526,0.09406,0.00006,-0.02486,0.08809,0.07838,0.63316,0,1
1768333697.423543,-0.04091,0.24990,-0.59335,-0.02442,-0.00011,0.00008,0.59560,0.00095,0.22803,-0.00051,0.70684,0.00056,0.70737,1,3,0.99526,0.09406,0.00006,-0.02486,0.08809,0.07838,0.63316,0,1
1768333697.425533,-0.01941,0.26254,-0.60109,-0.02470,-0.00139,0.00032,0.59560,0.00095,0.22803,-0.00051,0.70684,0.00056,0.70737,1,3,0.99526,0.09406,0.00006,-0.02486,0.08809,0.07838,0.63316,0,1
1768333697.427525,-0.00060,0.24164,-0.59317,-0.02648,-0.00097,0.00005,0.59560,0.00095,0.22803,-0.00051,0.70684,0.00056,0.70737,1,3,0.99526,0.09406,0.00006,-0.02486,0.08809,0.07838,0.63316,0,1
1768333697.429530,-0.01928,0.25299,-0.62362,-0.02460,-0.00177,0.00018,0.59560,0.00095,0.22803,-0.00051,0.70684,0.00056,0.70737,1,3,0.99526,0.09406,0.00006,-0.02486,0.08809,0.07838,0.63316,0,1
1768333697.431524,-0.00386,0.24831,-0.61593,-0.02312,-0.00208,0.00030,0.59560,0.00095,0.22804,-0.00051,0.70684,0.00056,0.70737,1,3,0.99526,0.09406,0.00006,-0.02486,0.08809,0.07838,0.63316,0,1
1768333697.433536,-0.03045,0.24384,-0.57795,-0.02187,-0.00125,0.00008,0.59560,0.00095,0.22804,-0.00051,0.70684,0.00056,0.70737,1,3,0.99526,0.09406,0.00006,-0.02486,0.08809,0.07838,0.63316,0,1
1768333697.435545,-0.04539,0.20760,-0.55409,-0.01968,-0.00104,0.00053,0.59560,0.00095,0.22804,-0.00051,0.70684,0.00056,0.70737,1,3,0.99526,0.09406,0.00006,-0.02486,0.08809,0.07838,0.63316,0,1
1768333697.437571,-0.02993,0.20803,-0.59971,-0.01815,-0.00160,0.00048,0.59560,0.00095,0.22804,-0.00051,0.70684,0.00056,0.70737,1,3,0.99526,0.09406,0.00006,-0.02486,0.08809,0.07838,0.63316,0,1
1768333697.439541,-0.03499,0.18720,-0.58399,-0.01665,-0.00255,0.00010,0.59560,0.00095,0.22804,-0.00051,0.70684,0.00056,0.70737,1,3,0.99526,0.09406,0.00006,-0.02486,0.08809,0.07838,0.63316,0,1
1768333697.441542,-0.01079,0.18260,-0.59906,-0.01540,-0.00334,0.00020,0.59560,0.00095,0.22804,-0.00051,0.70684,0.00056,0.70737,1,3,0.99526,0.09406,0.00006,-0.02486,0.08809,0.07838,0.63316,0,1
1768333697.443537,-0.04607,0.14916,-0.57542,-0.01362,-0.00289,-0.00001,0.59560,0.00095,0.22804,-0.00051,0.70684,0.00056,0.70737,1,3,0.99526,0.09406,0.00006,-0.02486,0.08809,0.07838,0.63316,0,1
1768333697.445548,-0.02363,0.15861,-0.59853,-0.01132,-0.00240,0.00048,0.59560,0.00095,0.22804,-0.00051,0.70684,0.00056,0.70738,1,3,0.99526,0.09406,0.00006,-0.02486,0.08809,0.07838,0.63316,0,1
1768333697.447543,-0.03364,0.13504,-0.59031,-0.00942,-0.00277,0.00036,0.59560,0.00095,0.22804,-0.00051,0.70684,0.00056,0.70738,1,3,0.99526,0.09406,0.00006,-0.02486,0.08809,0.07838,0.63316,0,1
1768333697.449567,-0.02223,0.13308,-0.55200,-0.00835,-0.00353,0.00106,0.59560,0.00095,0.22804,-0.00051,0.70684,0.00056,0.70737,1,3,0.99522,0.09420,-0.00035,-0.02574,0.08809,0.07836,0.63307,0,1
1768333697.451553,-0.05191,0.09280,-0.56597,-0.00753,-0.00441,0.00082,0.59560,0.00095,0.22804,-0.00051,0.70684,0.00056,0.70737,1,3,0.99522,0.09420,-0.00035,-0.02574,0.08809,0.07836,0.63307,0,1
1768333697.453562,-0.05706,0.10780,-0.59725,-0.00276,-0.00272,0.00038,0.59560,0.00095,0.22804,-0.00051,0.70684,0.00056,0.70737,1,3,0.99522,0.09420,-0.00035,-0.02574,0.08809,0.07836,0.63307,0,1
1768333697.455561,-0.02980,0.06710,-0.62670,0.00025,-0.00403,0.00007,0.59560,0.00095,0.22804,-0.00051,0.70684,0.00056,0.70737,1,3,0.99522,0.09420,-0.00035,-0.02574,0.08809,0.07836,0.63307,0,1
1768333697.457562,-0.04943,0.02277,-0.59485,0.00014,-0.00656,-0.00040,0.59560,0.00095,0.22804,-0.00051,0.70684,0.00056,0.70737,1,3,0.99522,0.09420,-0.00035,-0.02574,0.08809,0.07836,0.63307,0,1
1768333697.459540,-0.05266,0.03606,-0.53441,0.00184,-0.00411,0.00084,0.59560,0.00095,0.22804,-0.00051,0.70684,0.00056,0.70738,1,3,0.99522,0.09420,-0.00035,-0.02574,0.08809,0.07836,0.63307,0,1
1768333697.461555,-0.06660,-0.00511,-0.60159,0.00330,-0.00428,0.00095,0.59560,0.00095,0.22804,-0.00051,0.70684,0.00056,0.70738,1,3,0.99522,0.09420,-0.00035,-0.02574,0.08809,0.07836,0.63307,0,1
1768333697.463571,-0.05705,-0.01416,-0.52527,0.00276,-0.00567,0.00088,0.59560,0.00095,0.22804,-0.00051,0.70684,0.00056,0.70738,1,3,0.99522,0.09420,-0.00035,-0.02574,0.08809,0.07836,0.63307,0,1
1768333697.465580,-0.04959,-0.00433,-0.61703,0.00397,-0.00539,0.00012,0.59560,0.00095,0.22804,-0.00051,0.70684,0.00056,0.70738,1,3,0.99522,0.09420,-0.00035,-0.02574,0.08809,0.07836,0.63307,0,1
1768333697.467583,-0.04107,-0.01491,-0.58640,0.00362,-0.00485,0.00040,0.59560,0.00095,0.22804,-0.00051,0.70684,0.00056,0.70737,1,3,0.99522,0.09420,-0.00035,-0.02574,0.08809,0.07836,0.63307,0,1
1768333697.469582,-0.05472,-0.02515,-0.54768,0.00022,-0.00530,0.00113,0.59560,0.00095,0.22804,-0.00051,0.70684,0.00056,0.70737,1,3,0.99522,0.09420,-0.00035,-0.02574,0.08809,0.07836,0.63307,0,1
1768333697.471565,-0.02770,0.03037,-0.56514,0.00242,-0.00353,0.00012,0.59560,0.00095,0.22804,-0.00051,0.70684,0.00056,0.70737,1,3,0.99522,0.09420,-0.00035,-0.02574,0.08809,0.07836,0.63307,0,1
1768333697.473563,-0.06153,0.02163,-0.61030,0.00275,-0.00387,-0.00001,0.59561,0.00095,0.22804,-0.00051,0.70684,0.00056,0.70737,1,3,0.99522,0.09420,-0.00035,-0.02574,0.08809,0.07836,0.63307,0,1
1768333697.475556,-0.06997,0.01663,-0.61735,0.00225,-0.00400,0.00094,0.59561,0.00095,0.22804,-0.00051,0.70684,0.00056,0.70737,1,3,0.99522,0.09420,-0.00035,-0.02574,0.08809,0.07836,0.63307,0,1
1768333697.477562,-0.06057,0.02147,-0.63285,0.00166,-0.00426,0.00038,0.59561,0.00095,0.22804,-0.00051,0.70684,0.00056,0.70737,1,3,0.99522,0.09420,-0.00035,-0.02574,0.08809,0.07836,0.63307,0,1
1768333697.479560,-0.07540,0.06284,-0.51948,-0.00462,-0.00526,0.00075,0.59561,0.00095,0.22804,-0.00051,0.70684,0.00056,0.70737,1,3,0.99522,0.09420,-0.00035,-0.02574,0.08809,0.07836,0.63307,0,1
1768333697.481579,-0.05112,0.09685,-0.52042,-0.00398,-0.00519,0.00098,0.59561,0.00095,0.22804,-0.00051,0.70684,0.00056,0.70737,1,3,0.99520,0.09418,0.00155,-0.02653,0.08804,0.07834,0.63283,0,1
1768333697.483594,-0.04715,0.11562,-0.52101,-0.00769,-0.00526,0.00044,0.59561,0.00095,0.22804,-0.00051,0.70684,0.00056,0.70737,1,3,0.99520,0.09418,0.00155,-0.02653,0.08804,0.07834,0.63283,0,1
1768333697.485594,-0.03806,0.11879,-0.56682,-0.00896,-0.00384,0.00066,0.59561,0.00095,0.22804,-0.00051,0.70684,0.00056,0.70737,1,3,0.99520,0.09418,0.00155,-0.02653,0.08804,0.07834,0.63283,0,1
1768333697.487575,-0.03591,0.16208,-0.60610,-0.01128,-0.00327,0.00022,0.59561,0.00095,0.22804,-0.00051,0.70684,0.00056,0.70737,1,3,0.99520,0.09418,0.00155,-0.02653,0.08804,0.07834,0.63283,0,1
1768333697.489569,-0.04908,0.18167,-0.61380,-0.01497,-0.00414,0.00050,0.59561,0.00095,0.22804,-0.00051,0.70684,0.00056,0.70737,1,3,0.99520,0.09418,0.00155,-0.02653,0.08804,0.07834,0.63283,0,1
1768333697.491627,-0.03327,0.20331,-0.59904,-0.01799,-0.00498,0.00049,0.59561,0.00095,0.22804,-0.00051,0.70684,0.00056,0.70738,1,3,0.99520,0.09418,0.00155,-0.02653,0.08804,0.07834,0.63283,0,1
1768333697.493578,-0.05526,0.23213,-0.57703,-0.02135,-0.00437,0.00012,0.59561,0.00095,0.22804,-0.00051,0.70684,0.00056,0.70738,1,3,0.99520,0.09418,0.00155,-0.02653,0.08804,0.07834,0.63283,0,1
1768333697.495585,-0.04496,0.26645,-0.57027,-0.02312,-0.00503,-0.00002,0.59561,0.00095,0.22804,-0.00051,0.70684,0.00056,0.70738,1,3,0.99520,0.09418,0.00155,-0.02653,0.08804,0.07834,0.63283,0,1
1768333697.497584,-0.04670,0.26742,-0.60069,-0.02595,-0.00412,0.00009,0.59561,0.00095,0.22804,-0.00051,0.70684,0.00056,0.70738,1,3,0.99520,0.09418,0.00155,-0.02653,0.08804,0.07834,0.63283,0,1
1768333697.499586,-0.03270,0.29743,-0.60927,-0.02799,-0.00266,0.00020,0.59561,0.00095,0.22804,-0.00051,0.70684,0.00056,0.70737,1,3,0.99520,0.09418,0.00155,-0.02653,0.08804,0.07834,0.63283,0,1
1768333697.501584,-0.05195,0.30959,-0.61692,-0.03003,-0.00268,0.00048,0.59561,0.00095,0.22804,-0.00051,0.70684,0.00056,0.70737,1,3,0.99520,0.09418,0.00155,-0.02653,0.08804,0.07834,0.63283,0,1
1768333697.503587,-0.02772,0.32056,-0.57950,-0.03295,-0.00249,-0.00005,0.59561,0.00095,0.22804,-0.00051,0.70684,0.00056,0.70737,1,3,0.99520,0.09418,0.00155,-0.02653,0.08804,0.07834,0.63283,0,1
1768333697.505589,-0.01855,0.33517,-0.57968,-0.03387,-0.00299,0.00034,0.59561,0.00095,0.22804,-0.00051,0.70684,0.00056,0.70737,1,3,0.99520,0.09418,0.00155,-0.02653,0.08804,0.07834,0.63283,0,1
1768333697.507575,-0.03903,0.33260,-0.58740,-0.03434,-0.00224,-0.00019,0.59561,0.00095,0.22804,-0.00051,0.70684,0.00056,0.70737,1,3,0.99520,0.09418,0.00155,-0.02653,0.08804,0.07834,0.63283,0,1
1768333697.509594,-0.03929,0.32757,-0.59484,-0.03418,-0.00210,-0.00006,0.59561,0.00095,0.22804,-0.00051,0.70684,0.00056,0.70738,1,3,0.99520,0.09418,0.00155,-0.02653,0.08804,0.07834,0.63283,0,1
1768333697.511575,-0.00942,0.34410,-0.59517,-0.03485,-0.00246,0.00045,0.59561,0.00095,0.22804,-0.00051,0.70684,0.00056,0.70738,1,3,0.99520,0.09418,0.00155,-0.02653,0.08804,0.07834,0.63283,0,1
1768333697.513577,-0.04375,0.33046,-0.57201,-0.03393,-0.00243,0.00010,0.59561,0.00095,0.22804,-0.00051,0.70684,0.00056,0.70737,1,3,0.99520,0.09418,0.00155,-0.02653,0.08804,0.07834,0.63283,0,1
1768333697.515597,-0.03626,0.34043,-0.57263,-0.03272,-0.00216,-0.00059,0.59561,0.00095,0.22804,-0.00051,0.70684,0.00056,0.70737,1,3,0.99520,0.09418,0.00155,-0.02653,0.08804,0.07834,0.63283,0,1
1768333697.517586,-0.03419,0.30778,-0.54899,-0.03114,-0.00101,0.00011,0.59561,0.00095,0.22804,-0.00051,0.70684,0.00056,0.70737,1,3,0.99524,0.09387,-0.00009,-0.02624,0.08808,0.07838,0.63315,0,1
1768333697.519663,-0.03916,0.30625,-0.60187,-0.03029,-0.00195,0.00034,0.59561,0.00095,0.22804,-0.00051,0.70684,0.00056,0.70737,1,3,0.99524,0.09387,-0.00009,-0.02624,0.08808,0.07838,0.63315,0,1
1768333697.521625,-0.04118,0.28695,-0.57879,-0.02812,-0.00154,0.00009,0.59561,0.00095,0.22804,-0.00051,0.70684,0.00056,0.70738,1,3,0.99524,0.09387,-0.00009,-0.02624,0.08808,0.07838,0.63315,0,1
1768333697.523632,-0.00939,0.28695,-0.61713,-0.02593,-0.00167,-0.00038,0.59561,0.00095,0.22804,-0.00051,0.70684,0.00056,0.70738,1,3,0.99524,0.09387,-0.00009,-0.02624,0.08808,0.07838,0.63315,0,1
1768333697.525621,-0.02886,0.26823,-0.57066,-0.02375,-0.00179,0.00062,0.59561,0.00095,0.22804,-0.00051,0.70684,0.00056,0.70738,1,3,0.99524,0.09387,-0.00009,-0.02624,0.08808,0.07838,0.63315,0,1
1768333697.527623,-0.03932,0.23496,-0.55485,-0.02110,-0.00190,-0.00002,0.59561,0.00095,0.22804,-0.00051,0.70684,0.00056,0.70738,1,3,0.99524,0.09387,-0.00009,-0.02624,0.08808,0.07838,0.63315,0,1
1768333697.529753,-0.02542,0.20583,-0.60707,-0.01839,-0.00228,0.00074,0.59561,0.00095,0.22804,-0.00051,0.70684,0.00056,0.70738,1,3,0.99524,0.09387,-0.00009,-0.02624,0.08808,0.07838,0.63315,0,1
1768333697.531631,-0.02345,0.19426,-0.58415,-0.01591,-0.00230,0.00048,0.59561,0.00095,0.22804,-0.00051,0.70684,0.00056,0.70738,1,3,0.99524,0.09387,-0.00009,-0.02624,0.08808,0.07838,0.63315,0,1
1768333697.533611,-0.03368,0.17999,-0.59141,-0.01412,-0.00204,0.00049,0.59561,0.00095,0.22804,-0.00051,0.70684,0.00056,0.70738,1,3,0.99524,0.09387,-0.00009,-0.02624,0.08808,0.07838,0.63315,0,1
1768333697.535610,-0.01877,0.15551,-0.54542,-0.01201,-0.00183,0.00038,0.59561,0.00095,0.22804,-0.00051,0.70684,0.00056,0.70738,1,3,0.99524,0.09387,-0.00009,-0.02624,0.08808,0.07838,0.63315,0,1
1768333697.537606,-0.02925,0.12629,-0.53698,-0.01018,-0.00142,0.00080,0.59561,0.00095,0.22804,-0.00051,0.70684,0.00056,0.70738,1,3,0.99524,0.09387,-0.00009,-0.02624,0.08808,0.07838,0.63315,0,1
1768333697.539606,-0.03190,0.12207,-0.53688,-0.00761,-0.00138,0.00094,0.59561,0.00095,0.22804,-0.00051,0.70684,0.00056,0.70738,1,3,0.99524,0.09387,-0.00009,-0.02624,0.08808,0.07838,0.63315,0,1
1768333697.541641,-0.04307,0.09359,-0.59673,-0.00490,-0.00172,0.00131,0.59561,0.00095,0.22804,-0.00051,0.70684,0.00056,0.70738,1,3,0.99524,0.09387,-0.00009,-0.02624,0.08808,0.07838,0.63315,0,1
1768333697.543612,-0.03227,0.09373,-0.56598,-0.00708,-0.00312,0.00174,0.59561,0.00095,0.22804,-0.00051,0.70684,0.00056,0.70738,1,3,0.99524,0.09387,-0.00009,-0.02624,0.08808,0.07838,0.63315,0,1
1768333697.545631,-0.03993,0.07349,-0.60424,-0.00230,-0.00316,-0.00031,0.59561,0.00095,0.22804,-0.00051,0.70684,0.00056,0.70738,1,3,0.99524,0.09387,-0.00009,-0.02624,0.08808,0.07838,0.63315,0,1
1768333697.547754,-0.03569,0.06563,-0.55839,-0.00261,-0.00282,0.00013,0.59561,0.00095,0.22804,-0.00051,0.70684,0.00056,0.70738,1,3,0.99524,0.09387,-0.00009,-0.02624,0.08808,0.07838,0.63315,0,1
1768333697.549750,-0.04604,0.05168,-0.58839,-0.00060,-0.00294,0.00012,0.59561,0.00095,0.22804,-0.00051,0.70684,0.00056,0.70738,1,3,0.99524,0.09387,-0.00009,-0.02624,0.08808,0.07838,0.63315,0,1
1768333697.551648,-0.04261,0.04865,-0.61891,0.00002,-0.00209,-0.00005,0.59561,0.00095,0.22804,-0.00051,0.70684,0.00056,0.70738,1,3,0.99524,0.09387,-0.00009,-0.02624,0.08808,0.07838,0.63315,0,1
1768333697.553640,-0.02806,0.06016,-0.56577,-0.00224,-0.00240,0.00065,0.59561,0.00095,0.22804,-0.00051,0.70684,0.00056,0.70738,1,3,0.99520,0.09427,0.00084,-0.02614,0.08806,0.07835,0.63294,0,1
1768333697.555645,-0.02528,0.04255,-0.62649,-0.00071,-0.00140,0.00006,0.59561,0.00095,0.22804,-0.00051,0.70684,0.00056,0.70738,1,3,0.99520,0.09427,0.00084,-0.02614,0.08806,0.07835,0.63294,0,1
1768333697.557637,-0.01649,0.06172,-0.58879,-0.00157,-0.00139,0.00075,0.59561,0.00095,0.22804,-0.00051,0.70684,0.00056,0.70737,1,3,0.99520,0.09427,0.00084,-0.02614,0.08806,0.07835,0.63294,0,1
1768333697.559677,-0.01949,0.07455,-0.58139,-0.00250,-0.00226,0.00063,0.59561,0.00095,0.22804,-0.00051,0.70684,0.00056,0.70737,1,3,0.99520,0.09427,0.00084,-0.02614,0.08806,0.07835,0.63294,0,1
1768333697.561645,-0.03604,0.07452,-0.55098,-0.00294,-0.00180,0.00067,0.59561,0.00095,0.22804,-0.00051,0.70684,0.00056,0.70737,1,3,0.99520,0.09427,0.00084,-0.02614,0.08806,0.07835,0.63294,0,1
1768333697.563634,-0.02620,0.08911,-0.58185,-0.00408,-0.00219,0.00023,0.59561,0.00095,0.22804,-0.00051,0.70684,0.00056,0.70737,1,3,0.99520,0.09427,0.00084,-0.02614,0.08806,0.07835,0.63294,0,1
1768333697.565635,-0.02054,0.11028,-0.57487,-0.00579,-0.00164,0.00022,0.59561,0.00095,0.22804,-0.00051,0.70684,0.00056,0.70737,1,3,0.99520,0.09427,0.00084,-0.02614,0.08806,0.07835,0.63294,0,1
1768333697.567644,-0.04060,0.12291,-0.56732,-0.00694,-0.00192,0.00052,0.59561,0.00095,0.22804,-0.00051,0.70684,0.00056,0.70737,1,3,0.99520,0.09427,0.00084,-0.02614,0.08806,0.07835,0.63294,0,1
1768333697.569619,-0.03359,0.12956,-0.55983,-0.00970,-0.00213,0.00052,0.59561,0.00095,0.22804,-0.00051,0.70684,0.00056,0.70737,1,3,0.99520,0.09427,0.00084,-0.02614,0.08806,0.07835,0.63294,0,1
1768333697.571666,-0.02023,0.17095,-0.62157,-0.01073,-0.00245,0.00072,0.59561,0.00095,0.22804,-0.00051,0.70684,0.00056,0.70738,1,3,0.99520,0.09427,0.00084,-0.02614,0.08806,0.07835,0.63294,0,1
1768333697.573665,-0.01841,0.17513,-0.53856,-0.01221,-0.00160,-0.00016,0.59561,0.00095,0.22804,-0.00051,0.70684,0.00056,0.70738,1,3,0.99520,0.09427,0.00084,-0.02614,0.08806,0.07835,0.63294,0,1
1768333697.575661,-0.04958,0.16556,-0.57588,-0.01473,-0.00210,0.00012,0.59561,0.00095,0.22804,-0.00051,0.70684,0.00056,0.70738,1,3,0.99520,0.09427,0.00084,-0.02614,0.08806,0.07835,0.63294,0,1
1768333697.577670,-0.01411,0.19886,-0.58433,-0.01673,-0.00242,0.00034,0.59561,0.00095,0.22804,-0.00051,0.70684,0.00056,0.70738,1,3,0.99520,0.09427,0.00084,-0.02614,0.08806,0.07835,0.63294,0,1
1768333697.579647,-0.04225,0.19143,-0.57623,-0.01835,-0.00220,0.00078,0.59561,0.00095,0.22804,-0.00051,0.70684,0.00056,0.70738,1,3,0.99520,0.09427,0.00084,-0.02614,0.08806,0.07835,0.63294,0,1
1768333697.581673,-0.03131,0.23493,-0.57768,-0.02066,-0.00200,-0.00005,0.59561,0.00095,0.22804,-0.00051,0.70684,0.00056,0.70738,1,3,0.99520,0.09427,0.00084,-0.02614,0.08806,0.07835,0.63294,0,1
1768333697.583658,-0.03317,0.25250,-0.58560,-0.02264,-0.00301,-0.00032,0.59561,0.00095,0.22804,-0.00051,0.70684,0.00056,0.70738,1,3,0.99520,0.09427,0.00084,-0.02614,0.08806,0.07835,0.63294,0,1
1768333697.585659,-0.04897,0.25667,-0.57025,-0.02433,-0.00230,0.00038,0.59561,0.00095,0.22804,-0.00051,0.70684,0.00056,0.70738,1,3,0.99526,0.09411,-0.00183,-0.02444,0.08815,0.07840,0.63344,0,1
1768333697.587667,-0.02634,0.27907,-0.60125,-0.02537,-0.00361,-0.00007,0.59561,0.00095,0.22804,-0.00051,0.70684,0.00056,0.70738,1,3,0.99526,0.09411,-0.00183,-0.02444,0.08815,0.07840,0.63344,0,1
1768333697.589652,-0.04132,0.27872,-0.59373,-0.02713,-0.00319,-0.00045,0.59561,0.00095,0.22804,-0.00051,0.70684,0.00056,0.70738,1,3,0.99526,0.09411,-0.00183,-0.02444,0.08815,0.07840,0.63344,0,1
1768333697.591671,-0.03273,0.27820,-0.58603,-0.02757,-0.00303,-0.00005,0.59561,0.00095,0.22804,-0.00051,0.70684,0.00056,0.70738,1,3,0.99526,0.09411,-0.00183,-0.02444,0.08815,0.07840,0.63344,0,1
1768333697.593658,-0.02358,0.31643,-0.58730,-0.02863,-0.00203,-0.00034,0.59561,0.00095,0.22804,-0.00051,0.70684,0.00056,0.70738,1,3,0.99526,0.09411,-0.00183,-0.02444,0.08815,0.07840,0.63344,0,1
1768333697.595662,-0.02336,0.30203,-0.60945,-0.02881,-0.00278,0.00005,0.59561,0.00095,0.22804,-0.00051,0.70684,0.00056,0.70738,1,3,0.99526,0.09411,-0.00183,-0.02444,0.08815,0.07840,0.63344,0,1
1768333697.597669,-0.02034,0.31897,-0.57182,-0.02816,-0.00231,0.00061,0.59561,0.00095,0.22804,-0.00051,0.70684,0.00056,0.70738,1,3,0.99526,0.09411,-0.00183,-0.02444,0.08815,0.07840,0.63344,0,1
1768333697.599688,-0.03969,0.31245,-0.59430,-0.02934,-0.00322,0.00021,0.59561,0.00095,0.22804,-0.00051,0.70684,0.00056,0.70738,1,3,0.99526,0.09411,-0.00183,-0.02444,0.08815,0.07840,0.63344,0,1
1768333697.601675,-0.04455,0.29514,-0.55601,-0.02867,-0.00265,0.00012,0.59561,0.00095,0.22804,-0.00051,0.70684,0.00056,0.70738,1,3,0.99526,0.09411,-0.00183,-0.02444,0.08815,0.07840,0.63344,0,1
1768333697.603688,-0.02822,0.29090,-0.58615,-0.02785,-0.00385,0.00022,0.59561,0.00095,0.22804,-0.00051,0.70684,0.00056,0.70738,1,3,0.99526,0.09411,-0.00183,-0.02444,0.08815,0.07840,0.63344,0,1
1768333697.605691,-0.02434,0.27300,-0.56330,-0.02741,-0.00275,-0.00031,0.59561,0.00095,0.22804,-0.00051,0.70684,0.00056,0.70738,1,3,0.99526,0.09411,-0.00183,-0.02444,0.08815,0.07840,0.63344,0,1
1768333697.607668,-0.04249,0.26324,-0.60855,-0.02644,-0.00214,-0.00006,0.59561,0.00095,0.22804,-0.00051,0.70684,0.00056,0.70738,1,3,0.99526,0.09411,-0.00183,-0.02444,0.08815,0.07840,0.63344,0,1
1768333697.609668,-0.04034,0.26268,-0.58563,-0.02382,-0.00369,-0.00017,0.59561,0.00095,0.22804,-0.00051,0.70684,0.00056,0.70738,1,3,0.99526,0.09411,-0.00183,-0.02444,0.08815,0.07840,0.63344,0,1
1768333697.611677,-0.03351,0.25224,-0.60845,-0.02242,-0.00262,-0.00034,0.59561,0.00095,0.22804,-0.00051,0.70684,0.00056,0.70738,1,3,0.99526,0.09411,-0.00183,-0.02444,0.08815,0.07840,0.63344,0,1
1768333697.613670,-0.03952,0.24135,-0.57001,-0.02037,-0.00356,-0.00016,0.59561,0.00095,0.22804,-0.00051,0.70684,0.00056,0.70738,1,3,0.99526,0.09411,-0.00183,-0.02444,0.08815,0.07840,0.63344,0,1
1768333697.615699,-0.03797,0.21352,-0.57681,-0.01852,-0.00227,0.00077,0.59561,0.00095,0.22804,-0.00051,0.70684,0.00056,0.70738,1,3,0.99526,0.09411,-0.00183,-0.02444,0.08815,0.07840,0.63344,0,1
1768333697.617698,-0.04313,0.18381,-0.60631,-0.01648,-0.00435,0.00023,0.59561,0.00095,0.22804,-0.00051,0.70684,0.00056,0.70738,1,3,0.99526,0.09411,-0.00183,-0.02444,0.08815,0.07840,0.63344,0,1
1768333697.619663,-0.05041,0.16165,-0.52244,-0.01369,-0.00298,0.00030,0.59561,0.00095,0.22804,-0.00051,0.70684,0.00056,0.70738,1,3,0.99526,0.09411,-0.00183,-0.02444,0.08815,0.07840,0.63344,0,1
1768333697.621670,-0.04780,0.18004,-0.58334,-0.01215,-0.00428,0.00078,0.59561,0.00095,0.22804,-0.00051,0.70684,0.00056,0.70738,1,3,0.99526,0.09411,-0.00183,-0.02444,0.08815,0.07840,0.63344,0,1
1768333697.623742,-0.06217,0.14417,-0.56733,-0.00997,-0.00434,0.00041,0.59561,0.00095,0.22804,-0.00051,0.70684,0.00056,0.70738,1,3,0.99526,0.09411,-0.00164,-0.02442,0.08814,0.07840,0.63341,0,1
1768333697.625717,-0.03838,0.13921,-0.58266,-0.00828,-0.00437,0.00011,0.59561,0.00095,0.22804,-0.00051,0.70684,0.00056,0.70738,1,3,0.99526,0.09411,-0.00164,-0.02442,0.08814,0.07840,0.63341,0,1
1768333697.627729,-0.03070,0.12456,-0.55919,-0.00780,-0.00482,0.00093,0.59561,0.00095,0.22804,-0.00051,0.70684,0.00056,0.70738,1,3,0.99526,0.09411,-0.00164,-0.02442,0.08814,0.07840,0.63341,0,1
1768333697.629701,-0.05782,0.11001,-0.55888,-0.00623,-0.00372,0.00096,0.59561,0.00095,0.22804,-0.00051,0.70684,0.00056,0.70738,1,3,0.99526,0.09411,-0.00164,-0.02442,0.08814,0.07840,0.63341,0,1
1768333697.631705,-0.01575,0.09531,-0.58169,-0.00531,-0.00461,0.00009,0.59561,0.00095,0.22804,-0.00051,0.70684,0.00056,0.70738,1,3,0.99526,0.09411,-0.00164,-0.02442,0.08814,0.07840,0.63341,0,1
1768333697.633730,-0.06456,0.07674,-0.56538,-0.00707,-0.00539,0.00071,0.59561,0.00095,0.22804,-0.00051,0.70684,0.00056,0.70738,1,3,0.99526,0.09411,-0.00164,-0.02442,0.08814,0.07840,0.63341,0,1
1768333697.635717,-0.06829,0.08659,-0.58123,-0.00367,-0.00396,0.00041,0.59561,0.00095,0.22804,-0.00051,0.70684,0.00056,0.70738,1,3,0.99526,0.09411,-0.00164,-0.02442,0.08814,0.07840,0.63341,0,1
1768333697.637708,-0.05657,0.04516,-0.59530,-0.00243,-0.00458,0.00054,0.59561,0.00095,0.22804,-0.00051,0.70684,0.00056,0.70738,1,3,0.99526,0.09411,-0.00164,-0.02442,0.08814,0.07840,0.63341,0,1
1768333697.639706,-0.03891,0.08904,-0.56627,-0.00320,-0.00458,0.00013,0.59561,0.00095,0.22804,-0.00051,0.70684,0.00056,0.70738,1,3,0.99526,0.09411,-0.00164,-0.02442,0.08814,0.07840,0.63341,0,1
1768333697.641692,-0.07210,0.06500,-0.61073,-0.00393,-0.00491,0.00081,0.59561,0.00095,0.22804,-0.00051,0.70684,0.00056,0.70738,1,3,0.99526,0.09411,-0.00164,-0.02442,0.08814,0.07840,0.63341,0,1
1768333697.643708,-0.05939,0.09622,-0.59662,-0.00421,-0.00420,0.00053,0.59561,0.00095,0.22804,-0.00051,0.70684,0.00056,0.70738,1,3,0.99526,0.09411,-0.00164,-0.02442,0.08814,0.07840,0.63341,0,1
1768333697.645695,-0.02059,0.11711,-0.55958,-0.00505,-0.00381,0.00011,0.59561,0.00095,0.22804,-0.00051,0.70684,0.00056,0.70738,1,3,0.99526,0.09411,-0.00164,-0.02442,0.08814,0.07840,0.63341,0,1
1768333697.647712,-0.04914,0.10425,-0.56659,-0.00652,-0.00294,0.00067,0.59561,0.00095,0.22804,-0.00051,0.70684,0.00056,0.70738,1,3,0.99526,0.09411,-0.00164,-0.02442,0.08814,0.07840,0.63341,0,1
1768333697.649724,-0.03026,0.13312,-0.55973,-0.00857,-0.00332,0.00065,0.59561,0.00095,0.22804,-0.00051,0.70684,0.00056,0.70738,1,3,0.99526,0.09411,-0.00164,-0.02442,0.08814,0.07840,0.63341,0,1
1768333697.651722,-0.02166,0.15694,-0.56820,-0.00893,-0.00255,0.00036,0.59561,0.00095,0.22804,-0.00051,0.70684,0.00056,0.70738,1,3,0.99526,0.09411,-0.00164,-0.02442,0.08814,0.07840,0.63341,0,1
1768333697.653738,-0.02768,0.15275,-0.61345,-0.01073,-0.00400,0.00007,0.59561,0.00095,0.22804,-0.00051,0.70684,0.00056,0.70738,1,3,0.99525,0.09409,-0.00038,-0.02515,0.08809,0.07837,0.63310,0,1
1768333697.655761,-0.03062,0.16380,-0.57595,-0.01235,-0.00271,-0.00004,0.59561,0.00095,0.22804,-0.00051,0.70684,0.00056,0.70738,1,3,0.99525,0.09409,-0.00038,-0.02515,0.08809,0.07837,0.63310,0,1
1768333697.657716,-0.03663,0.15474,-0.58322,-0.01399,-0.00403,-0.00056,0.59561,0.00095,0.22804,-0.00051,0.70684,0.00056,0.70738,1,3,0.99525,0.09409,-0.00038,-0.02515,0.08809,0.07837,0.63310,0,1
1768333697.659730,-0.03300,0.17552,-0.54554,-0.01461,-0.00281,0.00066,0.59561,0.00095,0.22804,-0.00051,0.70684,0.00056,0.70738,1,3,0.99525,0.09409,-0.00038,-0.02515,0.08809,0.07837,0.63310,0,1
1768333697.661729,-0.02080,0.18497,-0.55347,-0.01777,-0.00361,-0.00002,0.59561,0.00095,0.22804,-0.00051,0.70684,0.00056,0.70738,1,3,0.99525,0.09409,-0.00038,-0.02515,0.08809,0.07837,0.63310,0,1
1768333697.663752,-0.04253,0.23127,-0.56249,-0.01765,-0.00212,-0.00030,0.59561,0.00095,0.22804,-0.00051,0.70684,0.00056,0.70738,1,3,0.99525,0.09409,-0.00038,-0.02515,0.08809,0.07837,0.63310,0,1
1768333697.665710,-0.02740,0.23252,-0.60048,-0.02026,-0.00204,-0.00020,0.59561,0.00095,0.22804,-0.00051,0.70684,0.00056,0.70738,1,3,0.99525,0.09409,-0.00038,-0.02515,0.08809,0.07837,0.63310,0,1
1768333697.667706,-0.04687,0.23052,-0.59248,-0.02181,-0.00269,0.00010,0.59561,0.00095,0.22804,-0.00051,0.70684,0.00056,0.70738,1,3,0.99525,0.09409,-0.00038,-0.02515,0.08809,0.07837,0.63310,0,1
1768333697.669718,-0.02869,0.23968,-0.58529,-0.02301,-0.00267,-0.00018,0.59561,0.00095,0.22804,-0.00051,0.70684,0.00056,0.70738,1,3,0.99525,0.09409,-0.00038,-0.02515,0.08809,0.07837,0.63310,0,1
1768333697.671705,-0.03368,0.23747,-0.60031,-0.02238,-0.00273,0.00008,0.59561,0.00095,0.22804,-0.00051,0.70684,0.00056,0.70738,1,3,0.99525,0.09409,-0.00038,-0.02515,0.08809,0.07837,0.63310,0,1
1768333697.673733,-0.02425,0.24594,-0.57787,-0.02381,-0.00171,0.00022,0.59561,0.00095,0.22804,-0.00051,0.70684,0.00056,0.70738,1,3,0.99525,0.09409,-0.00038,-0.02515,0.08809,0.07837,0.63310,0,1
1768333697.675746,-0.02708,0.26845,-0.61624,-0.02506,-0.00258,0.00019,0.59561,0.00095,0.22804,-0.00051,0.70684,0.00056,0.70738,1,3,0.99525,0.09409,-0.00038,-0.02515,0.08809,0.07837,0.63310,0,1
1768333697.677726,-0.01066,0.26819,-0.58596,-0.02463,-0.00252,0.00019,0.59561,0.00095,0.22804,-0.00051,0.70684,0.00056,0.70738,1,3,0.99525,0.09409,-0.00038,-0.02515,0.08809,0.07837,0.63310,0,1
1768333697.679744,-0.04708,0.27641,-0.60882,-0.02584,-0.00285,-0.00019,0.59561,0.00095,0.22804,-0.00051,0.70684,0.00056,0.70738,1,3,0.99525,0.09409,-0.00038,-0.02515,0.08809,0.07837,0.63310,0,1
1768333697.681729,-0.00538,0.25988,-0.60103,-0.02582,-0.00194,0.00018,0.59561,0.00095,0.22804,-0.00051,0.70684,0.00056,0.70738,1,3,0.99525,0.09409,-0.00038,-0.02515,0.08809,0.07837,0.63310,0,1
1768333697.683744,-0.02729,0.26298,-0.60115,-0.02491,-0.00169,-0.00007,0.59561,0.00095,0.22804,-0.00051,0.70684,0.00056,0.70738,1,3,0.99524,0.09414,0.00067,-0.02505,0.08808,0.07836,0.63301,0,1
1768333697.685765,-0.04728,0.25358,-0.61611,-0.02219,-0.00080,0.00020,0.59561,0.00095,0.22804,-0.00051,0.70684,0.00056,0.70738,1,3,0.99524,0.09414,0.00067,-0.02505,0.08808,0.07836,0.63301,0,1
1768333697.687773,-0.02544,0.25665,-0.59338,-0.02237,-0.00221,-0.00007,0.59561,0.00095,0.22804,-0.00051,0.70684,0.00056,0.70738,1,3,0.99524,0.09414,0.00067,-0.02505,0.08808,0.07836,0.63301,0,1
1768333697.689767,-0.02920,0.24954,-0.57033,-0.02267,-0.00254,-0.00004,0.59561,0.00095,0.22804,-0.00051,0.70684,0.00056,0.70738,1,3,0.99524,0.09414,0.00067,-0.02505,0.08808,0.07836,0.63301,0,1
1768333697.691750,-0.05232,0.24274,-0.54739,-0.02079,-0.00188,-0.00000,0.59561,0.00095,0.22804,-0.00051,0.70684,0.00056,0.70738,1,3,0.99524,0.09414,0.00067,-0.02505,0.08808,0.07836,0.63301,0,1
1768333697.693755,-0.03559,0.23762,-0.58524,-0.02063,-0.00220,0.00009,0.59561,0.00095,0.22804,-0.00051,0.70684,0.00056,0.70738,1,3,0.99524,0.09414,0.00067,-0.02505,0.08808,0.07836,0.63301,0,1
1768333697.695785,-0.02007,0.22758,-0.60021,-0.01944,-0.00212,0.00033,0.59561,0.00095,0.22804,-0.00051,0.70684,0.00056,0.70738,1,3,0.99524,0.09414,0.00067,-0.02505,0.08808,0.07836,0.63301,0,1
1768333697.697762,-0.01790,0.20540,-0.61535,-0.01709,-0.00112,-0.00049,0.59561,0.00095,0.22804,-0.00051,0.70684,0.00056,0.70738,1,3,0.99524,0.09414,0.00067,-0.02505,0.08808,0.07836,0.63301,0,1
1768333697.699751,-0.02031,0.18978,-0.53880,-0.01575,0.00033,0.00078,0.59561,0.00095,0.22804,-0.00051,0.70684,0.00056,0.70738,1,3,0.99524,0.09414,0.00067,-0.02505,0.08808,0.07836,0.63301,0,1
1768333697.701783,-0.02470,0.19354,-0.59195,-0.01505,-0.00102,0.00047,0.59561,0.00095,0.22804,-0.00051,0.70684,0.00056,0.70738,1,3,0.99524,0.09414,0.00067,-0.02505,0.08808,0.07836,0.63301,0,1
1768333697.703754,-0.01478,0.17998,-0.56127,-0.01543,-0.00279,-0.00031,0.59561,0.00095,0.22804,-0.00051,0.70684,0.00056,0.70738,1,3,0.99524,0.09414,0.00067,-0.02505,0.08808,0.07836,0.63301,0,1
1768333697.705762,-0.03734,0.16768,-0.56097,-0.01427,-0.00175,-0.00015,0.59561,0.00095,0.22804,-0.00051,0.70684,0.00056,0.70738,1,3,0.99524,0.09414,0.00067,-0.02505,0.08808,0.07836,0.63301,0,1
1768333697.707762,-0.02125,0.16283,-0.61401,-0.01345,-0.00219,-0.00008,0.59561,0.00095,0.22804,-0.00051,0.70684,0.00056,0.70738,1,3,0.99524,0.09414,0.00067,-0.02505,0.08808,0.07836,0.63301,0,1
1768333697.709767,-0.01925,0.16101,-0.56038,-0.01172,-0.00270,0.00104,0.59561,0.00095,0.22804,-0.00051,0.70684,0.00056,0.70738,1,3,0.99524,0.09414,0.00067,-0.02505,0.08808,0.07836,0.63301,0,1
1768333697.711746,-0.01078,0.15101,-0.54503,-0.01163,-0.00267,0.00091,0.59561,0.00095,0.22804,-0.00051,0.70684,0.00056,0.70738,1,3,0.99524,0.09414,0.00067,-0.02505,0.08808,0.07836,0.63301,0,1
1768333697.713732,-0.02298,0.16412,-0.58357,-0.01147,-0.00306,-0.00005,0.59561,0.00095,0.22804,-0.00051,0.70684,0.00056,0.70738,1,3,0.99524,0.09414,0.00067,-0.02505,0.08808,0.07836,0.63301,0,1
1768333697.715758,-0.02790,0.15638,-0.56034,-0.01134,-0.00260,0.00078,0.59561,0.00095,0.22804,-0.00051,0.70684,0.00056,0.70738,1,3,0.99523,0.09428,0.00050,-0.02522,0.08809,0.07836,0.63308,0,1
1768333697.717754,-0.04158,0.15874,-0.58338,-0.01044,-0.00168,0.00050,0.59561,0.00095,0.22804,-0.00051,0.70684,0.00056,0.70738,1,3,0.99523,0.09428,0.00050,-0.02522,0.08809,0.07836,0.63308,0,1
1768333697.719758,-0.03162,0.15441,-0.59836,-0.01137,-0.00307,0.00022,0.59561,0.00095,0.22804,-0.00051,0.70684,0.00056,0.70738,1,3,0.99523,0.09428,0.00050,-0.02522,0.08809,0.07836,0.63308,0,1
1768333697.721773,-0.04037,0.15501,-0.58291,-0.01114,-0.00359,0.00064,0.59561,0.00095,0.22804,-0.00051,0.70684,0.00056,0.70738,1,3,0.99523,0.09428,0.00050,-0.02522,0.08809,0.07836,0.63308,0,1
1768333697.723760,-0.03567,0.15774,-0.56024,-0.01133,-0.00404,0.00039,0.59561,0.00095,0.22804,-0.00051,0.70684,0.00056,0.70738,1,3,0.99523,0.09428,0.00050,-0.02522,0.08809,0.07836,0.63308,0,1
1768333697.725756,-0.03621,0.16680,-0.54523,-0.01144,-0.00314,0.00093,0.59561,0.00095,0.22804,-0.00051,0.70684,0.00056,0.70738,1,3,0.99523,0.09428,0.00050,-0.02522,0.08809,0.07836,0.63308,0,1
1768333697.727798,-0.02644,0.16139,-0.58336,-0.01238,-0.00301,0.00022,0.59561,0.00095,0.22804,-0.00051,0.70684,0.00056,0.70738,1,3,0.99523,0.09428,0.00050,-0.02522,0.08809,0.07836,0.63308,0,1
1768333697.729770,-0.02760,0.17397,-0.56845,-0.01485,-0.00403,-0.00030,0.59561,0.00095,0.22804,-0.00051,0.70684,0.00056,0.70738,1,3,0.99523,0.09428,0.00050,-0.02522,0.08809,0.07836,0.63308,0,1
1768333697.731757,-0.04048,0.19068,-0.61448,-0.01508,-0.00312,-0.00019,0.59561,0.00095,0.22804,-0.00051,0.70684,0.00056,0.70738,1,3,0.99523,0.09428,0.00050,-0.02522,0.08809,0.07836,0.63308,0,1
1768333697.733762,-0.02279,0.18989,-0.55381,-0.01596,-0.00283,-0.00016,0.59561,0.00095,0.22804,-0.00051,0.70684,0.00056,0.70738,1,3,0.99523,0.09428,0.00050,-0.02522,0.08809,0.07836,0.63308,0,1
1768333697.735759,-0.03467,0.21718,-0.59225,-0.01695,-0.00321,0.00008,0.59561,0.00095,0.22804,-0.00051,0.70684,0.00056,0.70738,1,3,0.99523,0.09428,0.00050,-0.02522,0.08809,0.07836,0.63308,0,1
1768333697.737760,-0.01623,0.20642,-0.59951,-0.01860,-0.00329,0.00033,0.59561,0.00095,0.22804,-0.00051,0.70684,0.00056,0.70738,1,3,0.99523,0.09428,0.00050,-0.02522,0.08809,0.07836,0.63308,0,1
1768333697.739763,-0.02921,0.22777,-0.57726,-0.01900,-0.00200,0.00076,0.59561,0.00095,0.22804,-0.00051,0.70684,0.00056,0.70738,1,3,0.99523,0.09428,0.00050,-0.02522,0.08809,0.07836,0.63308,0,1
1768333697.741747,-0.05992,0.21912,-0.56955,-0.02086,-0.00292,-0.00054,0.59561,0.00095,0.22804,-0.00051,0.70684,0.00056,0.70738,1,3,0.99523,0.09428,0.00050,-0.02522,0.08809,0.07836,0.63308,0,1
1768333697.743765,-0.03402,0.26210,-0.59349,-0.02208,-0.00250,-0.00019,0.59561,0.00095,0.22804,-0.00051,0.70684,0.00056,0.70738,1,3,0.99523,0.09428,0.00050,-0.02522,0.08809,0.07836,0.63308,0,1
1768333697.745775,-0.03330,0.26200,-0.55530,-0.02296,-0.00275,0.00024,0.59561,0.00095,0.22804,-0.00051,0.70684,0.00056,0.70738,1,3,0.99523,0.09428,0.00050,-0.02522,0.08809,0.07836,0.63308,0,1
1768333697.747771,-0.03116,0.26616,-0.54785,-0.02509,-0.00253,0.00011,0.59561,0.00095,0.22804,-0.00051,0.70684,0.00056,0.70738,1,3,0.99523,0.09428,0.00050,-0.02522,0.08809,0.07836,0.63308,0,1
1768333697.749772,-0.04196,0.26834,-0.57070,-0.02682,-0.00241,-0.00016,0.59561,0.00095,0.22804,-0.00051,0.70684,0.00056,0.70738,1,3,0.99523,0.09428,0.00050,-0.02522,0.08809,0.07836,0.63308,0,1
1768333697.751794,-0.01678,0.27804,-0.60911,-0.02648,-0.00285,-0.00049,0.59561,0.00095,0.22804,-0.00051,0.70684,0.00056,0.70738,1,3,0.99523,0.09426,-0.00087,-0.02510,0.08811,0.07838,0.63326,0,1
1768333697.753781,-0.02379,0.30717,-0.58685,-0.02831,-0.00278,-0.00007,0.59561,0.00095,0.22804,-0.00051,0.70684,0.00056,0.70738,1,3,0.99523,0.09426,-0.00087,-0.02510,0.08811,0.07838,0.63326,0,1
1768333697.755884,-0.05006,0.29783,-0.58644,-0.02755,-0.00245,0.00023,0.59561,0.00095,0.22804,-0.00051,0.70684,0.00056,0.70738,1,3,0.99523,0.09426,-0.00087,-0.02510,0.08811,0.07838,0.63326,0,1
1768333697.757801,-0.04883,0.29783,-0.56357,-0.02864,-0.00285,0.00025,0.59561,0.00095,0.22804,-0.00051,0.70684,0.00056,0.70738,1,3,0.99523,0.09426,-0.00087,-0.02510,0.08811,0.07838,0.63326,0,1
1768333697.759787,-0.03502,0.30077,-0.57861,-0.02948,-0.00428,0.00036,0.59561,0.00095,0.22804,-0.00051,0.70684,0.00056,0.70738,1,3,0.99523,0.09426,-0.00087,-0.02510,0.08811,0.07838,0.63326,0,1
1768333697.761803,-0.05139,0.29074,-0.54820,-0.02982,-0.00345,-0.00013,0.59561,0.00095,0.22804,-0.00051,0.70684,0.00056,0.70738,1,3,0.99523,0.09426,-0.00087,-0.02510,0.08811,0.07838,0.63326,0,1
1768333697.763786,-0.04829,0.30230,-0.58657,-0.02924,-0.00248,0.00010,0.59561,0.00095,0.22804,-0.00051,0.70684,0.00056,0.70738,1,3,0.99523,0.09426,-0.00087,-0.02510,0.08811,0.07838,0.63326,0,1
1768333697.765799,-0.03598,0.30452,-0.59424,-0.02900,-0.00250,0.00021,0.59561,0.00095,0.22804,-0.00051,0.70684,0.00056,0.70738,1,3,0.99523,0.09426,-0.00087,-0.02510,0.08811,0.07838,0.63326,0,1
1768333697.767781,-0.02794,0.30532,-0.59434,-0.02811,-0.00336,-0.00020,0.59561,0.00095,0.22804,-0.00051,0.70684,0.00056,0.70738,1,3,0.99523,0.09426,-0.00087,-0.02510,0.08811,0.07838,0.63326,0,1
1768333697.769781,-0.02814,0.29482,-0.57130,-0.02824,-0.00259,0.00009,0.59561,0.00095,0.22804,-0.00051,0.70684,0.00056,0.70738,1,3,0.99523,0.09426,-0.00087,-0.02510,0.08811,0.07838,0.63326,0,1
1768333697.771791,-0.03732,0.30116,-0.61670,-0.02729,-0.00400,0.00033,0.59561,0.00095,0.22804,-0.00051,0.70684,0.00056,0.70738,1,3,0.99523,0.09426,-0.00087,-0.02510,0.08811,0.07838,0.63326,0,1
1768333697.773792,-0.02240,0.29103,-0.60930,-0.02523,-0.00316,-0.00022,0.59561,0.00095,0.22804,-0.00051,0.70684,0.00056,0.70738,1,3,0.99523,0.09426,-0.00087,-0.02510,0.08811,0.07838,0.63326,0,1
1768333697.775847,-0.02754,0.28978,-0.61677,-0.02393,-0.00412,-0.00035,0.59561,0.00095,0.22804,-0.00051,0.70684,0.00056,0.70738,1,3,0.99523,0.09426,-0.00087,-0.02510,0.08811,0.07838,0.63326,0,1
1768333697.777796,-0.03237,0.25331,-0.60060,-0.02306,-0.00429,-0.00033,0.59561,0.00095,0.22804,-0.00051,0.70684,0.00056,0.70738,1,3,0.99523,0.09426,-0.00087,-0.02510,0.08811,0.07838,0.63326,0,1
1768333697.779793,-0.04407,0.22698,-0.58480,-0.02120,-0.00132,0.00077,0.59561,0.00095,0.22804,-0.00051,0.70684,0.00056,0.70738,1,3,0.99523,0.09426,-0.00087,-0.02510,0.08811,0.07838,0.63326,0,1
1768333697.781801,-0.03221,0.21084,-0.56154,-0.01986,-0.00259,0.00065,0.59561,0.00095,0.22804,-0.00051,0.70684,0.00056,0.70738,1,3,0.99523,0.09426,-0.00087,-0.02510,0.08811,0.07838,0.63326,0,1
1768333697.783792,-0.04238,0.21660,-0.59209,-0.01805,-0.00273,0.00050,0.59561,0.00095,0.22804,-0.00051,0.70684,0.00056,0.70738,1,3,0.99523,0.09426,-0.00087,-0.02510,0.08811,0.07838,0.63326,0,1
1768333697.785797,-0.03100,0.19492,-0.58415,-0.01634,-0.00298,0.00009,0.59561,0.00095,0.22804,-0.00051,0.70684,0.00056,0.70738,1,3,0.99528,0.09387,-0.00127,-0.02450,0.08813,0.07839,0.63333,0,1
1768333697.787793,-0.04020,0.17091,-0.56834,-0.01532,-0.00311,-0.00002,0.59561,0.00095,0.22804,-0.00051,0.70684,0.00056,0.70738,1,3,0.99528,0.09387,-0.00127,-0.02450,0.08813,0.07839,0.63333,0,1
1768333697.789825,-0.03801,0.18324,-0.58370,-0.01386,-0.00288,0.00064,0.59561,0.00095,0.22804,-0.00051,0.70684,0.00056,0.70738,1,3,0.99528,0.09387,-0.00127,-0.02450,0.08813,0.07839,0.63333,0,1
1768333697.791806,-0.02655,0.14687,-0.56776,-0.01212,-0.00325,0.00024,0.59561,0.00095,0.22804,-0.00051,0.70684,0.00056,0.70738,1,3,0.99528,0.09387,-0.00127,-0.02450,0.08813,0.07839,0.63333,0,1
1768333697.793809,-0.04070,0.14988,-0.56778,-0.01077,-0.00308,0.00039,0.59561,0.00095,0.22804,-0.00051,0.70684,0.00056,0.70738,1,3,0.99528,0.09387,-0.00127,-0.02450,0.08813,0.07839,0.63333,0,1
1768333697.795810,-0.02497,0.15464,-0.53754,-0.00983,-0.00302,0.00066,0.59561,0.00095,0.22804,-0.00051,0.70684,0.00056,0.70738,1,3,0.99528,0.09387,-0.00127,-0.02450,0.08813,0.07839,0.63333,0,1
1768333697.797953,-0.03858,0.13739,-0.56018,-0.00874,-0.00209,0.00012,0.59561,0.00095,0.22804,-0.00051,0.70684,0.00056,0.70738,1,3,0.99528,0.09387,-0.00127,-0.02450,0.08813,0.07839,0.63333,0,1
1768333697.799843,-0.05126,0.13038,-0.59771,-0.00882,-0.00243,0.00051,0.59561,0.00095,0.22804,-0.00051,0.70684,0.00056,0.70738,1,3,0.99528,0.09387,-0.00127,-0.02450,0.08813,0.07839,0.63333,0,1
1768333697.801800,-0.04777,0.11815,-0.56682,-0.00831,-0.00258,0.00107,0.59561,0.00095,0.22804,-0.00051,0.70684,0.00056,0.70738,1,3,0.99528,0.09387,-0.00127,-0.02450,0.08813,0.07839,0.63333,0,1
1768333697.803837,-0.03250,0.13112,-0.58228,-0.01012,-0.00443,0.00051,0.59561,0.00095,0.22804,-0.00051,0.70684,0.00056,0.70738,1,3,0.99528,0.09387,-0.00127,-0.02450,0.08813,0.07839,0.63333,0,1
1768333697.805852,-0.03135,0.11287,-0.55915,-0.00794,-0.00252,0.00120,0.59561,0.00095,0.22804,-0.00051,0.70684,0.00056,0.70738,1,3,0.99528,0.09387,-0.00127,-0.02450,0.08813,0.07839,0.63333,0,1
1768333697.807834,-0.03915,0.10854,-0.54381,-0.00821,-0.00306,0.00095,0.59561,0.00095,0.22804,-0.00051,0.70684,0.00056,0.70738,1,3,0.99528,0.09387,-0.00127,-0.02450,0.08813,0.07839,0.63333,0,1
1768333697.809853,-0.04705,0.11891,-0.56701,-0.00830,-0.00336,0.00027,0.59561,0.00095,0.22804,-0.00051,0.70684,0.00056,0.70738,1,3,0.99528,0.09387,-0.00127,-0.02450,0.08813,0.07839,0.63333,0,1
1768333697.811815,-0.03877,0.13255,-0.57518,-0.00858,-0.00220,0.00024,0.59561,0.00095,0.22804,-0.00051,0.70684,0.00056,0.70738,1,3,0.99528,0.09387,-0.00127,-0.02450,0.08813,0.07839,0.63333,0,1
1768333697.813820,-0.02986,0.14221,-0.56778,-0.00911,-0.00244,0.00037,0.59561,0.00095,0.22804,-0.00051,0.70684,0.00056,0.70738,1,3,0.99528,0.09387,-0.00127,-0.02450,0.08813,0.07839,0.63333,0,1
1768333697.815830,-0.05074,0.13540,-0.57488,-0.00942,-0.00281,0.00080,0.59561,0.00095,0.22804,-0.00051,0.70684,0.00056,0.70738,1,3,0.99528,0.09387,-0.00127,-0.02450,0.08813,0.07839,0.63333,0,1
1768333697.817823,-0.03646,0.13778,-0.59793,-0.01048,-0.00338,0.00009,0.59561,0.00095,0.22804,-0.00051,0.70684,0.00056,0.70738,1,3,0.99528,0.09387,-0.00127,-0.02450,0.08813,0.07839,0.63333,0,1
1768333697.819818,-0.02395,0.15343,-0.57562,-0.01116,-0.00201,0.00063,0.59561,0.00095,0.22804,-0.00051,0.70684,0.00056,0.70738,1,3,0.99528,0.09387,-0.00127,-0.02450,0.08813,0.07839,0.63333,0,1
1768333697.821857,-0.02179,0.15338,-0.59084,-0.01291,-0.00255,0.00022,0.59561,0.00095,0.22804,-0.00051,0.70684,0.00056,0.70738,1,3,0.99528,0.09387,-0.00127,-0.02450,0.08813,0.07839,0.63333,0,1
1768333697.823832,-0.04119,0.17144,-0.58334,-0.01444,-0.00360,0.00038,0.59561,0.00095,0.22804,-0.00051,0.70684,0.00056,0.70738,1,3,0.99528,0.09387,-0.00127,-0.02450,0.08813,0.07839,0.63333,0,1
1768333697.825850,-0.04031,0.17616,-0.58349,-0.01526,-0.00361,0.00024,0.59561,0.00095,0.22804,-0.00051,0.70684,0.00056,0.70738,1,3,0.99526,0.09422,-0.00105,-0.02424,0.08812,0.07839,0.63327,0,1
1768333697.827908,-0.03587,0.17758,-0.56864,-0.01568,-0.00241,-0.00002,0.59561,0.00095,0.22804,-0.00051,0.70684,0.00056,0.70738,1,3,0.99526,0.09422,-0.00105,-0.02424,0.08812,0.07839,0.63327,0,1
1768333697.829889,-0.03504,0.19761,-0.60688,-0.01653,-0.00331,0.00021,0.59561,0.00095,0.22804,-0.00051,0.70684,0.00056,0.70738,1,3,0.99526,0.09422,-0.00105,-0.02424,0.08812,0.07839,0.63327,0,1
1768333697.831831,-0.02022,0.18888,-0.59175,-0.01860,-0.00260,-0.00019,0.59561,0.00095,0.22804,-0.00051,0.70684,0.00056,0.70738,1,3,0.99526,0.09422,-0.00105,-0.02424,0.08812,0.07839,0.63327,0,1
1768333697.833874,-0.03626,0.20866,-0.59963,-0.01967,-0.00267,0.00008,0.59561,0.00095,0.22804,-0.00051,0.70684,0.00056,0.70738,1,3,0.99526,0.09422,-0.00105,-0.02424,0.08812,0.07839,0.63327,0,1
1768333697.835841,-0.02837,0.22315,-0.56955,-0.01949,-0.00252,0.00050,0.59561,0.00095,0.22804,-0.00051,0.70684,0.00056,0.70738,1,3,0.99526,0.09422,-0.00105,-0.02424,0.08812,0.07839,0.63327,0,1
1768333697.837845,-0.03995,0.23024,-0.56987,-0.02050,-0.00202,0.00010,0.59561,0.00095,0.22804,-0.00051,0.70684,0.00056,0.70738,1,3,0.99526,0.09422,-0.00105,-0.02424,0.08812,0.07839,0.63327,0,1
1768333697.839882,-0.03854,0.22506,-0.57721,-0.02188,-0.00228,0.00024,0.59561,0.00095,0.22804,-0.00051,0.70684,0.00056,0.70738,1,3,0.99526,0.09422,-0.00105,-0.02424,0.08812,0.07839,0.63327,0,1
1768333697.841861,-0.02917,0.23527,-0.60766,-0.02263,-0.00341,0.00034,0.59561,0.00095,0.22804,-0.00051,0.70684,0.00056,0.70738,1,3,0.99526,0.09422,-0.00105,-0.02424,0.08812,0.07839,0.63327,0,1
1768333697.843856,-0.05034,0.25265,-0.58540,-0.02264,-0.00279,0.00010,0.59561,0.00095,0.22804,-0.00051,0.70684,0.00056,0.70738,1,3,0.99526,0.09422,-0.00105,-0.02424,0.08812,0.07839,0.63327,0,1
1768333697.845861,-0.03357,0.25691,-0.60832,-0.02280,-0.00261,0.00034,0.59561,0.00095,0.22804,-0.00051,0.70684,0.00056,0.70738,1,3,0.99526,0.09422,-0.00105,-0.02424,0.08812,0.07839,0.63327,0,1
1768333697.847851,-0.04942,0.26174,-0.59323,-0.02384,-0.00230,0.00023,0.59561,0.00095,0.22804,-0.00051,0.70684,0.00056,0.70738,1,3,0.99526,0.09422,-0.00105,-0.02424,0.08812,0.07839,0.63327,0,1
1768333697.849851,-0.03267,0.25252,-0.61593,-0.02307,-0.00327,-0.00034,0.59561,0.00095,0.22804,-0.00051,0.70684,0.00056,0.70738,1,3,0.99526,0.09422,-0.00105,-0.02424,0.08812,0.07839,0.63327,0,1
1768333697.851852,-0.03244,0.27663,-0.60138,-0.02366,-0.00278,-0.00020,0.59561,0.00095,0.22804,-0.00051,0.70684,0.00056,0.70738,1,3,0.99526,0.09422,-0.00105,-0.02424,0.08812,0.07839,0.63327,0,1
1768333697.853865,-0.05009,0.27257,-0.57072,-0.02283,-0.00307,-0.00003,0.59561,0.00095,0.22804,-0.00051,0.70684,0.00056,0.70738,1,3,0.99526,0.09382,-0.00063,-0.02555,0.08809,0.07836,0.63310,0,1
1768333697.855874,-0.05061,0.26750,-0.58578,-0.02246,-0.00280,0.00010,0.59561,0.00095,0.22804,-0.00051,0.70684,0.00056,0.70738,1,3,0.99526,0.09382,-0.00063,-0.02555,0.08809,0.07836,0.63310,0,1
1768333697.857860,-0.02421,0.24669,-0.57015,-0.02358,-0.00260,0.00023,0.59561,0.00095,0.22804,-0.00051,0.70684,0.00056,0.70738,1,3,0.99526,0.09382,-0.00063,-0.02555,0.08809,0.07836,0.63310,0,1
1768333697.859901,-0.02206,0.24477,-0.56245,-0.02163,-0.00274,0.00050,0.59561,0.00095,0.22804,-0.00051,0.70684,0.00056,0.70738,1,3,0.99526,0.09382,-0.00063,-0.02555,0.08809,0.07836,0.63310,0,1
1768333697.861878,-0.03841,0.25028,-0.58545,-0.02179,-0.00294,-0.00004,0.59561,0.00095,0.22804,-0.00051,0.70684,0.00056,0.70738,1,3,0.99526,0.09382,-0.00063,-0.02555,0.08809,0.07836,0.63310,0,1
1768333697.863881,-0.03424,0.25782,-0.59322,-0.02170,-0.00325,-0.00006,0.59561,0.00095,0.22804,-0.00051,0.70684,0.00056,0.70738,1,3,0.99526,0.09382,-0.00063,-0.02555,0.08809,0.07836,0.63310,0,1
1768333697.865889,-0.03412,0.23763,-0.57753,-0.02194,-0.00272,0.00010,0.59561,0.00095,0.22804,-0.00051,0.70684,0.00056,0.70738,1,3,0.99526,0.09382,-0.00063,-0.02555,0.08809,0.07836,0.63310,0,1
1768333697.867936,-0.03076,0.24561,-0.59289,-0.02097,-0.00328,0.00008,0.59561,0.00095,0.22804,-0.00051,0.70684,0.00056,0.70738,1,3,0.99526,0.09382,-0.00063,-0.02555,0.08809,0.07836,0.63310,0,1
1768333697.869875,-0.03964,0.22608,-0.53157,-0.02055,-0.00303,0.00027,0.59561,0.00095,0.22804,-0.00051,0.70684,0.00056,0.70738,1,3,0.99526,0.09382,-0.00063,-0.02555,0.08809,0.07836,0.63310,0,1
1768333697.871859,-0.03592,0.23372,-0.56214,-0.02002,-0.00333,0.00024,0.59561,0.00095,0.22804,-0.00051,0.70684,0.00056,0.70738,1,3,0.99526,0.09382,-0.00063,-0.02555,0.08809,0.07836,0.63310,0,1
1768333697.873859,-0.04164,0.21596,-0.59973,-0.01893,-0.00223,0.00049,0.59561,0.00095,0.22804,-0.00051,0.70684,0.00056,0.70738,1,3,0.99526,0.09382,-0.00063,-0.02555,0.08809,0.07836,0.63310,0,1
1768333697.875875,-0.02850,0.21853,-0.59988,-0.01911,-0.00277,0.00021,0.59561,0.00095,0.22804,-0.00051,0.70684,0.00056,0.70738,1,3,0.99526,0.09382,-0.00063,-0.02555,0.08809,0.07836,0.63310,0,1
1768333697.877875,-0.04116,0.20669,-0.57663,-0.01904,-0.00299,0.00038,0.59561,0.00095,0.22804,-0.00051,0.70684,0.00056,0.70738,1,3,0.99526,0.09382,-0.00063,-0.02555,0.08809,0.07836,0.63310,0,1
1768333697.879875,-0.03286,0.22104,-0.59988,-0.01908,-0.00272,0.00035,0.59561,0.00095,0.22804,-0.00051,0.70684,0.00056,0.70738,1,3,0.99526,0.09382,-0.00063,-0.02555,0.08809,0.07836,0.63310,0,1
1768333697.881877,-0.03834,0.20884,-0.58421,-0.01814,-0.00251,0.00090,0.59561,0.00095,0.22804,-0.00051,0.70684,0.00056,0.70738,1,3,0.99526,0.09382,-0.00063,-0.02555,0.08809,0.07836,0.63310,0,1
1768333697.883910,-0.02923,0.21922,-0.56945,-0.01823,-0.00328,0.00023,0.59561,0.00095,0.22804,-0.00051,0.70684,0.00056,0.70738,1,3,0.99522,0.09393,0.00017,-0.02687,0.08805,0.07834,0.63286,0,1
1768333697.885906,-0.03755,0.20978,-0.59196,-0.01813,-0.00355,0.00009,0.59561,0.00095,0.22804,-0.00051,0.70684,0.00056,0.70738,1,3,0.99522,0.09393,0.00017,-0.02687,0.08805,0.07834,0.63286,0,1
1768333697.887883,-0.02106,0.20970,-0.56924,-0.01769,-0.00375,0.00009,0.59561,0.00095,0.22804,-0.00051,0.70684,0.00056,0.70738,1,3,0.99522,0.09393,0.00017,-0.02687,0.08805,0.07834,0.63286,0,1
1768333697.889898,-0.01224,0.22413,-0.57724,-0.01817,-0.00374,0.00007,0.59561,0.00095,0.22804,-0.00051,0.70684,0.00056,0.70738,1,3,0.99522,0.09393,0.00017,-0.02687,0.08805,0.07834,0.63286,0,1
1768333697.891896,-0.04585,0.20037,-0.56112,-0.01824,-0.00395,0.00040,0.59561,0.00095,0.22804,-0.00051,0.70684,0.00056,0.70738,1,3,0.99522,0.09393,0.00017,-0.02687,0.08805,0.07834,0.63286,0,1
1768333697.893889,-0.05838,0.20746,-0.56892,-0.01859,-0.00329,0.00040,0.59561,0.00095,0.22804,-0.00051,0.70684,0.00056,0.70738,1,3,0.99522,0.09393,0.00017,-0.02687,0.08805,0.07834,0.63286,0,1
1768333697.895885,-0.03762,0.22442,-0.59218,-0.01839,-0.00355,0.00049,0.59561,0.00095,0.22804,-0.00051,0.70684,0.00056,0.70738,1,3,0.99522,0.09393,0.00017,-0.02687,0.08805,0.07834,0.63286,0,1
1768333697.897898,-0.02813,0.21950,-0.59211,-0.01910,-0.00405,0.00022,0.59561,0.00095,0.22804,-0.00051,0.70684,0.00056,0.70738,1,3,0.99522,0.09393,0.00017,-0.02687,0.08805,0.07834,0.63286,0,1
1768333697.899881,-0.02900,0.21353,-0.56937,-0.01874,-0.00251,0.00037,0.59561,0.00095,0.22804,-0.00051,0.70684,0.00056,0.70738,1,3,0.99522,0.09393,0.00017,-0.02687,0.08805,0.07834,0.63286,0,1
1768333697.901896,-0.03926,0.23148,-0.56980,-0.02049,-0.00355,-0.00029,0.59561,0.00095,0.22804,-0.00051,0.70684,0.00056,0.70738,1,3,0.99522,0.09393,0.00017,-0.02687,0.08805,0.07834,0.63286,0,1
1768333697.903911,-0.04464,0.23380,-0.56973,-0.01980,-0.00310,0.00025,0.59561,0.00095,0.22804,-0.00051,0.70684,0.00056,0.70738,1,3,0.99522,0.09393,0.00017,-0.02687,0.08805,0.07834,0.63286,0,1
1768333697.905919,-0.04369,0.23381,-0.56224,-0.02046,-0.00325,-0.00015,0.59561,0.00095,0.22804,-0.00051,0.70684,0.00056,0.70738,1,3,0.99522,0.09393,0.00017,-0.02687,0.08805,0.07834,0.63286,0,1
1768333697.907886,-0.03840,0.23533,-0.58492,-0.02197,-0.00292,0.00036,0.59561,0.00095,0.22804,-0.00051,0.70684,0.00056,0.70738,1,3,0.99522,0.09393,0.00017,-0.02687,0.08805,0.07834,0.63286,0,1
1768333697.909938,-0.06039,0.24315,-0.59267,-0.02122,-0.00253,0.00038,0.59561,0.00095,0.22804,-0.00051,0.70684,0.00056,0.70738,1,3,0.99522,0.09393,0.00017,-0.02687,0.08805,0.07834,0.63286,0,1
1768333697.911916,-0.04152,0.25219,-0.60064,-0.02308,-0.00265,0.00008,0.59561,0.00095,0.22804,-0.00051,0.70684,0.00056,0.70738,1,3,0.99522,0.09393,0.00017,-0.02687,0.08805,0.07834,0.63286,0,1
1768333697.913904,-0.03268,0.26167,-0.58568,-0.02362,-0.00263,0.00022,0.59561,0.00095,0.22804,-0.00051,0.70684,0.00056,0.70738,1,3,0.99522,0.09393,0.00017,-0.02687,0.08805,0.07834,0.63286,0,1
1768333697.915921,-0.02851,0.27411,-0.60865,-0.02368,-0.00307,0.00046,0.59561,0.00095,0.22804,-0.00051,0.70684,0.00056,0.70738,1,3,0.99522,0.09393,0.00017,-0.02687,0.08805,0.07834,0.63286,0,1
1768333697.917919,-0.02384,0.27115,-0.57072,-0.02416,-0.00262,0.00035,0.59561,0.00095,0.22804,-0.00051,0.70684,0.00056,0.70738,1,3,0.99522,0.09393,0.00017,-0.02687,0.08805,0.07834,0.63286,0,1
1768333697.919924,-0.05604,0.27145,-0.59330,-0.02569,-0.00261,0.00037,0.59561,0.00095,0.22804,-0.00051,0.70684,0.00056,0.70738,1,3,0.99522,0.09393,0.00017,-0.02687,0.08805,0.07834,0.63286,0,1
1768333697.921907,-0.04696,0.26610,-0.60851,-0.02619,-0.00246,0.00008,0.59561,0.00095,0.22804,-0.00051,0.70684,0.00056,0.70738,1,3,0.99521,0.09419,-0.00069,-0.02631,0.08809,0.07836,0.63308,0,1
1768333697.923923,-0.03413,0.27832,-0.59353,-0.02647,-0.00288,0.00035,0.59561,0.00095,0.22804,-0.00051,0.70684,0.00056,0.70738,1,3,0.99521,0.09419,-0.00069,-0.02631,0.08809,0.07836,0.63308,0,1
1768333697.925920,-0.03798,0.28096,-0.58606,-0.02666,-0.00297,0.00009,0.59561,0.00095,0.22804,-0.00051,0.70684,0.00056,0.70738,1,3,0.99521,0.09419,-0.00069,-0.02631,0.08809,0.07836,0.63308,0,1
1768333697.927905,-0.02523,0.25824,-0.60837,-0.02672,-0.00272,0.00006,0.59561,0.00095,0.22804,-0.00051,0.70684,0.00056,0.70738,1,3,0.99521,0.09419,-0.00069,-0.02631,0.08809,0.07836,0.63308,0,1
1768333697.929926,-0.02973,0.26537,-0.59343,-0.02663,-0.00216,0.00008,0.59561,0.00095,0.22804,-0.00051,0.70684,0.00056,0.70738,1,3,0.99521,0.09419,-0.00069,-0.02631,0.08809,0.07836,0.63308,0,1
1768333697.931922,-0.02602,0.28305,-0.60933,-0.02576,-0.00236,-0.00062,0.59561,0.00095,0.22804,-0.00051,0.70684,0.00056,0.70738,1,3,0.99521,0.09419,-0.00069,-0.02631,0.08809,0.07836,0.63308,0,1
1768333697.933943,-0.03072,0.26600,-0.57062,-0.02553,-0.00253,0.00009,0.59561,0.00095,0.22804,-0.00051,0.70684,0.00056,0.70738,1,3,0.99521,0.09419,-0.00069,-0.02631,0.08809,0.07836,0.63308,0,1
1768333697.935926,-0.05330,0.25495,-0.59292,-0.02392,-0.00301,0.00024,0.59561,0.00095,0.22804,-0.00051,0.70684,0.00056,0.70738,1,3,0.99521,0.09419,-0.00069,-0.02631,0.08809,0.07836,0.63308,0,1
1768333697.937929,-0.03205,0.25647,-0.57808,-0.02412,-0.00239,-0.00004,0.59561,0.00095,0.22804,-0.00051,0.70684,0.00056,0.70738,1,3,0.99521,0.09419,-0.00069,-0.02631,0.08809,0.07836,0.63308,0,1
1768333697.939950,-0.02176,0.24915,-0.58530,-0.02224,-0.00236,0.00075,0.59561,0.00095,0.22804,-0.00051,0.70684,0.00056,0.70738,1,3,0.99521,0.09419,-0.00069,-0.02631,0.08809,0.07836,0.63308,0,1
1768333697.941926,-0.04174,0.26161,-0.57831,-0.02296,-0.00190,-0.00018,0.59561,0.00095,0.22804,-0.00051,0.70684,0.00056,0.70738,1,3,0.99521,0.09419,-0.00069,-0.02631,0.08809,0.07836,0.63308,0,1
1768333697.943931,-0.03918,0.24520,-0.58535,-0.02120,-0.00254,0.00009,0.59561,0.00095,0.22804,-0.00051,0.70684,0.00056,0.70738,1,3,0.99521,0.09419,-0.00069,-0.02631,0.08809,0.07836,0.63308,0,1
1768333697.945914,-0.02284,0.23481,-0.57770,-0.02066,-0.00210,-0.00005,0.59561,0.00095,0.22804,-0.00051,0.70684,0.00056,0.70738,1,3,0.99521,0.09419,-0.00069,-0.02631,0.08809,0.07836,0.63308,0,1
1768333697.947911,-0.02893,0.23721,-0.58527,-0.01932,-0.00151,0.00048,0.59561,0.00095,0.22804,-0.00051,0.70684,0.00056,0.70738,1,3,0.99521,0.09419,-0.00069,-0.02631,0.08809,0.07836,0.63308,0,1
1768333697.949912,-0.01714,0.20098,-0.58429,-0.01801,-0.00239,0.00048,0.59561,0.00095,0.22804,-0.00051,0.70684,0.00056,0.70738,1,3,0.99521,0.09419,-0.00069,-0.02631,0.08809,0.07836,0.63308,0,1
1768333697.951921,-0.02901,0.21478,-0.59195,-0.01828,-0.00403,0.00035,0.59561,0.00095,0.22804,-0.00051,0.70684,0.00056,0.70738,1,3,0.99521,0.09419,-0.00069,-0.02631,0.08809,0.07836,0.63308,0,1
1768333697.953920,-0.03446,0.19222,-0.56116,-0.01725,-0.00294,0.00038,0.59561,0.00095,0.22804,-0.00051,0.70684,0.00056,0.70738,1,3,0.99527,0.09409,-0.00059,-0.02420,0.08812,0.07839,0.63329,0,1
1768333697.955924,-0.05336,0.17826,-0.59134,-0.01502,-0.00257,-0.00003,0.59561,0.00095,0.22804,-0.00051,0.70684,0.00056,0.70738,1,3,0.99527,0.09409,-0.00059,-0.02420,0.08812,0.07839,0.63329,0,1
1768333697.957939,-0.03605,0.18265,-0.57623,-0.01562,-0.00266,0.00024,0.59561,0.00095,0.22804,-0.00051,0.70684,0.00056,0.70738,1,3,0.99527,0.09409,-0.00059,-0.02420,0.08812,0.07839,0.63329,0,1
1768333697.959933,-0.04104,0.18052,-0.57623,-0.01477,-0.00260,0.00011,0.59561,0.00095,0.22804,-0.00051,0.70684,0.00056,0.70738,1,3,0.99527,0.09409,-0.00059,-0.02420,0.08812,0.07839,0.63329,0,1
1768333697.961935,-0.02893,0.18287,-0.59909,-0.01430,-0.00274,0.00021,0.59561,0.00095,0.22804,-0.00051,0.70684,0.00056,0.70738,1,3,0.99527,0.09409,-0.00059,-0.02420,0.08812,0.07839,0.63329,0,1
1768333697.963973,-0.02841,0.17806,-0.56865,-0.01458,-0.00288,-0.00003,0.59561,0.00095,0.22804,-0.00051,0.70684,0.00056,0.70738,1,3,0.99527,0.09409,-0.00059,-0.02420,0.08812,0.07839,0.63329,0,1
1768333697.965978,-0.03219,0.17587,-0.59135,-0.01482,-0.00321,-0.00018,0.59561,0.00095,0.22804,-0.00051,0.70684,0.00056,0.70738,1,3,0.99527,0.09409,-0.00059,-0.02420,0.08812,0.07839,0.63329,0,1
1768333697.967961,-0.02205,0.16333,-0.57602,-0.01257,-0.00243,-0.00005,0.59561,0.00095,0.22804,-0.00051,0.70684,0.00056,0.70738,1,3,0.99527,0.09409,-0.00059,-0.02420,0.08812,0.07839,0.63329,0,1
1768333697.969947,-0.01738,0.17588,-0.61430,-0.01286,-0.00301,-0.00022,0.59561,0.00095,0.22804,-0.00051,0.70684,0.00056,0.70738,1,3,0.99527,0.09409,-0.00059,-0.02420,0.08812,0.07839,0.63329,0,1
1768333697.971942,-0.04548,0.15433,-0.58294,-0.01421,-0.00353,0.00025,0.59561,0.00095,0.22804,-0.00051,0.70684,0.00056,0.70738,1,3,0.99527,0.09409,-0.00059,-0.02420,0.08812,0.07839,0.63329,0,1
1768333697.973959,-0.02922,0.17850,-0.57624,-0.01370,-0.00312,-0.00004,0.59561,0.00095,0.22804,-0.00051,0.70684,0.00056,0.70738,1,3,0.99527,0.09409,-0.00059,-0.02420,0.08812,0.07839,0.63329,0,1
1768333697.975962,-0.02902,0.18201,-0.55366,-0.01453,-0.00160,0.00024,0.59561,0.00095,0.22804,-0.00051,0.70684,0.00056,0.70738,1,3,0.99527,0.09409,-0.00059,-0.02420,0.08812,0.07839,0.63329,0,1
1768333697.977953,-0.02409,0.17600,-0.59118,-0.01460,-0.00368,0.00022,0.59561,0.00095,0.22804,-0.00051,0.70684,0.00056,0.70738,1,3,0.99527,0.09409,-0.00059,-0.02420,0.08812,0.07839,0.63329,0,1
1768333697.979979,-0.02061,0.17749,-0.56880,-0.01415,-0.00221,-0.00004,0.59561,0.00095,0.22804,-0.00051,0.70684,0.00056,0.70738,1,3,0.99527,0.09409,-0.00059,-0.02420,0.08812,0.07839,0.63329,0,1
1768333697.981961,-0.02778,0.17270,-0.59108,-0.01552,-0.00287,0.00049,0.59561,0.00095,0.22804,-0.00051,0.70684,0.00056,0.70738,1,3,0.99527,0.09409,-0.00059,-0.02420,0.08812,0.07839,0.63329,0,1
1768333697.983956,-0.03189,0.19517,-0.58418,-0.01546,-0.00297,0.00009,0.59561,0.00095,0.22804,-0.00051,0.70684,0.00056,0.70738,1,3,0.99527,0.09409,-0.00059,-0.02420,0.08812,0.07839,0.63329,0,1
1768333697.985959,-0.03957,0.19033,-0.59892,-0.01640,-0.00337,0.00063,0.59561,0.00095,0.22804,-0.00051,0.70684,0.00056,0.70738,1,3,0.99527,0.09409,-0.00059,-0.02420,0.08812,0.07839,0.63329,0,1
1768333697.987956,-0.05648,0.20060,-0.55364,-0.01627,-0.00318,0.00041,0.59561,0.00095,0.22804,-0.00051,0.70684,0.00056,0.70738,1,3,0.99527,0.09409,-0.00059,-0.02420,0.08812,0.07839,0.63329,0,1
1768333697.989948,-0.05218,0.19859,-0.58394,-0.01608,-0.00387,0.00025,0.59561,0.00095,0.22804,-0.00051,0.70684,0.00056,0.70738,1,3,0.99527,0.09409,-0.00059,-0.02420,0.08812,0.07839,0.63329,0,1
1768333697.991949,-0.03245,0.20288,-0.59145,-0.01887,-0.00474,0.00050,0.59561,0.00095,0.22804,-0.00051,0.70684,0.00056,0.70738,1,3,0.99523,0.09398,0.00105,-0.02607,0.08807,0.07834,0.63285,0,1
1768333697.993977,-0.04460,0.21467,-0.56907,-0.01960,-0.00385,0.00039,0.59561,0.00095,0.22804,-0.00051,0.70684,0.00056,0.70738,1,3,0.99523,0.09398,0.00105,-0.02607,0.08807,0.07834,0.63285,0,1
1768333697.995971,-0.03540,0.21382,-0.59176,-0.02070,-0.00357,0.00077,0.59561,0.00095,0.22804,-0.00051,0.70684,0.00056,0.70738,1,3,0.99523,0.09398,0.00105,-0.02607,0.08807,0.07834,0.63285,0,1
1768333697.998013,-0.04434,0.22821,-0.59222,-0.02053,-0.00271,0.00077,0.59561,0.00095,0.22804,-0.00051,0.70684,0.00056,0.70738,1,3,0.99523,0.09398,0.00105,-0.02607,0.08807,0.07834,0.63285,0,1
1768333697.999967,-0.03959,0.23616,-0.58506,-0.02043,-0.00329,-0.00004,0.59561,0.00095,0.22804,-0.00051,0.70684,0.00056,0.70738,1,3,0.99523,0.09398,0.00105,-0.02607,0.08807,0.07834,0.63285,0,1
1768333698.002026,-0.04293,0.23804,-0.55452,-0.02172,-0.00299,0.00053,0.59561,0.00095,0.22804,-0.00051,0.70684,0.00056,0.70738,1,3,0.99523,0.09398,0.00105,-0.02607,0.08807,0.07834,0.63285,0,1
1768333698.003970,-0.04640,0.26090,-0.59307,-0.02210,-0.00386,0.00009,0.59561,0.00095,0.22804,-0.00051,0.70684,0.00056,0.70738,1,3,0.99523,0.09398,0.00105,-0.02607,0.08807,0.07834,0.63285,0,1
1768333698.005963,-0.02371,0.26296,-0.57804,-0.02338,-0.00440,-0.00018,0.59561,0.00095,0.22804,-0.00051,0.70684,0.00056,0.70738,1,3,0.99523,0.09398,0.00105,-0.02607,0.08807,0.07834,0.63285,0,1
1768333698.007990,-0.04179,0.26338,-0.60842,-0.02229,-0.00405,-0.00019,0.59561,0.00095,0.22804,-0.00051,0.70684,0.00056,0.70738,1,3,0.99523,0.09398,0.00105,-0.02607,0.08807,0.07834,0.63285,0,1
1768333698.009974,-0.02379,0.27258,-0.60087,-0.02370,-0.00439,0.00033,0.59561,0.00095,0.22804,-0.00051,0.70684,0.00056,0.70738,1,3,0.99523,0.09398,0.00105,-0.02607,0.08807,0.07834,0.63285,0,1
1768333698.011974,-0.02717,0.26397,-0.55542,-0.02468,-0.00283,-0.00003,0.59561,0.00095,0.22804,-0.00051,0.70684,0.00056,0.70738,1,3,0.99523,0.09398,0.00105,-0.02607,0.08807,0.07834,0.63285,0,1
1768333698.013976,-0.03552,0.27933,-0.61662,-0.02450,-0.00325,-0.00048,0.59561,0.00095,0.22804,-0.00051,0.70684,0.00056,0.70738,1,3,0.99523,0.09398,0.00105,-0.02607,0.08807,0.07834,0.63285,0,1
1768333698.015980,-0.03573,0.25891,-0.60100,-0.02453,-0.00235,-0.00033,0.59561,0.00095,0.22804,-0.00051,0.70684,0.00056,0.70738,1,3,0.99523,0.09398,0.00105,-0.02607,0.08807,0.07834,0.63285,0,1
1768333698.017981,-0.03868,0.26125,-0.58573,-0.02581,-0.00257,-0.00018,0.59561,0.00095,0.22804,-0.00051,0.70684,0.00056,0.70738,1,3,0.99523,0.09398,0.00105,-0.02607,0.08807,0.07834,0.63285,0,1
1768333698.019961,-0.03692,0.26884,-0.56312,-0.02375,-0.00221,0.00024,0.59561,0.00095,0.22804,-0.00051,0.70684,0.00056,0.70738,1,3,0.99523,0.09398,0.00105,-0.02607,0.08807,0.07834,0.63285,0,1
1768333698.021992,-0.03144,0.28223,-0.59361,-0.02446,-0.00406,0.00008,0.59561,0.00095,0.22804,-0.00051,0.70684,0.00056,0.70738,1,3,0.99523,0.09398,0.00105,-0.02607,0.08807,0.07834,0.63285,0,1
1768333698.024012,-0.04036,0.26682,-0.57799,-0.02443,-0.00305,0.00050,0.59561,0.00095,0.22804,-0.00051,0.70684,0.00056,0.70738,1,3,0.99523,0.09398,0.00105,-0.02607,0.08807,0.07834,0.63285,0,1
1768333698.026014,-0.04108,0.26695,-0.59339,-0.02355,-0.00279,0.00008,0.59561,0.00095,0.22804,-0.00051,0.70684,0.00056,0.70738,1,3,0.99523,0.09398,0.00105,-0.02607,0.08807,0.07834,0.63285,0,1
1768333698.027999,-0.04098,0.25234,-0.53982,-0.02351,-0.00291,0.00013,0.59561,0.00095,0.22804,-0.00051,0.70684,0.00056,0.70738,1,3,0.99527,0.09403,-0.00075,-0.02460,0.08812,0.07839,0.63329,0,1
1768333698.029990,-0.04051,0.26272,-0.58528,-0.02404,-0.00405,0.00063,0.59561,0.00095,0.22804,-0.00051,0.70684,0.00056,0.70738,1,3,0.99527,0.09403,-0.00075,-0.02460,0.08812,0.07839,0.63329,0,1
1768333698.032019,-0.01962,0.25540,-0.60827,-0.02326,-0.00431,-0.00021,0.59561,0.00095,0.22804,-0.00051,0.70684,0.00056,0.70738,1,3,0.99527,0.09403,-0.00075,-0.02460,0.08812,0.07839,0.63329,0,1
1768333698.034271,-0.02977,0.25497,-0.59326,-0.02195,-0.00292,-0.00020,0.59561,0.00095,0.22804,-0.00051,0.70684,0.00056,0.70738,1,3,0.99527,0.09403,-0.00075,-0.02460,0.08812,0.07839,0.63329,0,1
1768333698.035986,-0.03787,0.23615,-0.61531,-0.02196,-0.00395,-0.00006,0.59562,0.00095,0.22804,-0.00051,0.70684,0.00056,0.70737,1,3,0.99527,0.09403,-0.00075,-0.02460,0.08812,0.07839,0.63329,0,1
1768333698.038020,-0.03896,0.23088,-0.59247,-0.02115,-0.00317,0.00009,0.59562,0.00095,0.22804,-0.00051,0.70684,0.00056,0.70737,1,3,0.99527,0.09403,-0.00075,-0.02460,0.08812,0.07839,0.63329,0,1
1768333698.039995,-0.03908,0.24111,-0.60780,-0.02103,-0.00368,0.00021,0.59562,0.00095,0.22804,-0.00051,0.70684,0.00056,0.70737,1,3,0.99527,0.09403,-0.00075,-0.02460,0.08812,0.07839,0.63329,0,1
1768333698.042015,-0.04822,0.22652,-0.55428,-0.02033,-0.00331,0.00027,0.59562,0.00095,0.22804,-0.00051,0.70684,0.00056,0.70737,1,3,0.99527,0.09403,-0.00075,-0.02460,0.08812,0.07839,0.63329,0,1
1768333698.043991,-0.04415,0.24387,-0.58540,-0.01990,-0.00325,-0.00044,0.59562,0.00095,0.22804,-0.00051,0.70684,0.00056,0.70737,1,3,0.99527,0.09403,-0.00075,-0.02460,0.08812,0.07839,0.63329,0,1
1768333698.045993,-0.02264,0.22182,-0.59240,-0.01995,-0.00413,-0.00046,0.59562,0.00095,0.22804,-0.00051,0.70684,0.00056,0.70737,1,3,0.99527,0.09403,-0.00075,-0.02460,0.08812,0.07839,0.63329,0,1
1768333698.048010,-0.04472,0.22367,-0.59237,-0.01971,-0.00271,0.00009,0.59562,0.00095,0.22804,-0.00051,0.70684,0.00056,0.70737,1,3,0.99527,0.09403,-0.00075,-0.02460,0.08812,0.07839,0.63329,0,1
1768333698.050010,-0.05026,0.20705,-0.61459,-0.01838,-0.00301,0.00036,0.59562,0.00095,0.22804,-0.00051,0.70684,0.00056,0.70737,1,3,0.99527,0.09403,-0.00075,-0.02460,0.08812,0.07839,0.63329,0,1
1768333698.052015,-0.03323,0.23134,-0.58502,-0.01852,-0.00298,0.00009,0.59562,0.00095,0.22804,-0.00051,0.70684,0.00056,0.70737,1,3,0.99527,0.09403,-0.00075,-0.02460,0.08812,0.07839,0.63329,0,1
1768333698.054019,-0.04371,0.20711,-0.57676,-0.01663,-0.00258,0.00037,0.59562,0.00095,0.22804,-0.00051,0.70684,0.00056,0.70737,1,3,0.99527,0.09403,-0.00075,-0.02460,0.08812,0.07839,0.63329,0,1
1768333698.056025,-0.04710,0.20459,-0.56133,-0.01754,-0.00279,0.00066,0.59562,0.00095,0.22804,-0.00051,0.70684,0.00056,0.70737,1,3,0.99527,0.09403,-0.00075,-0.02460,0.08812,0.07839,0.63329,0,1
1768333698.058015,-0.05607,0.19054,-0.61439,-0.01640,-0.00293,-0.00018,0.59562,0.00095,0.22804,-0.00051,0.70684,0.00056,0.70737,1,3,0.99527,0.09403,-0.00075,-0.02460,0.08812,0.07839,0.63329,0,1
1768333698.060013,-0.04980,0.20220,-0.51599,-0.01844,-0.00277,-0.00024,0.59562,0.00095,0.22804,-0.00051,0.70684,0.00056,0.70737,1,3,0.99527,0.09403,-0.00075,-0.02460,0.08812,0.07839,0.63329,0,1
1768333698.062022,-0.01183,0.21338,-0.56957,-0.01874,-0.00272,-0.00005,0.59562,0.00095,0.22804,-0.00051,0.70684,0.00056,0.70737,1,3,0.99527,0.09403,-0.00075,-0.02460,0.08812,0.07839,0.63329,0,1
1768333698.064020,-0.02953,0.22341,-0.58496,-0.01818,-0.00226,0.00008,0.59562,0.00095,0.22804,-0.00051,0.70684,0.00056,0.70737,1,3,0.99527,0.09403,-0.00075,-0.02460,0.08812,0.07839,0.63329,0,1
1768333698.066006,-0.03769,0.21794,-0.60743,-0.01890,-0.00177,0.00061,0.59562,0.00095,0.22804,-0.00051,0.70684,0.00056,0.70737,1,3,0.99525,0.09403,-0.00069,-0.02532,0.08809,0.07837,0.63313,0,1
1768333698.068032,-0.03632,0.21834,-0.57689,-0.01999,-0.00267,0.00064,0.59562,0.00095,0.22804,-0.00051,0.70684,0.00056,0.70737,1,3,0.99525,0.09403,-0.00069,-0.02532,0.08809,0.07837,0.63313,0,1
1768333698.070090,-0.02384,0.23043,-0.57751,-0.01962,-0.00246,0.00008,0.59562,0.00095,0.22804,-0.00051,0.70684,0.00056,0.70737,1,3,0.99525,0.09403,-0.00069,-0.02532,0.08809,0.07837,0.63313,0,1
1768333698.072027,-0.03603,0.22778,-0.58490,-0.02031,-0.00218,0.00036,0.59562,0.00095,0.22804,-0.00051,0.70684,0.00056,0.70737,1,3,0.99525,0.09403,-0.00069,-0.02532,0.08809,0.07837,0.63313,0,1
1768333698.074023,-0.03516,0.23746,-0.60801,-0.02107,-0.00220,0.00007,0.59562,0.00095,0.22804,-0.00051,0.70684,0.00056,0.70737,1,3,0.99525,0.09403,-0.00069,-0.02532,0.08809,0.07837,0.63313,0,1
1768333698.076018,-0.04759,0.23976,-0.56986,-0.02170,-0.00192,0.00065,0.59562,0.00095,0.22804,-0.00051,0.70684,0.00056,0.70737,1,3,0.99525,0.09403,-0.00069,-0.02532,0.08809,0.07837,0.63313,0,1
1768333698.078032,-0.03027,0.25486,-0.57795,-0.02173,-0.00278,0.00022,0.59562,0.00095,0.22804,-0.00051,0.70684,0.00056,0.70737,1,3,0.99525,0.09403,-0.00069,-0.02532,0.08809,0.07837,0.63313,0,1
1768333698.080049,-0.03377,0.25721,-0.59346,-0.02214,-0.00250,-0.00046,0.59562,0.00095,0.22804,-0.00051,0.70684,0.00056,0.70737,1,3,0.99525,0.09403,-0.00069,-0.02532,0.08809,0.07837,0.63313,0,1
1768333698.082042,-0.03833,0.24918,-0.59321,-0.02224,-0.00167,-0.00005,0.59562,0.00095,0.22804,-0.00051,0.70684,0.00056,0.70737,1,3,0.99525,0.09403,-0.00069,-0.02532,0.08809,0.07837,0.63313,0,1
1768333698.084043,-0.02845,0.27936,-0.60136,-0.02340,-0.00321,-0.00007,0.59562,0.00095,0.22804,-0.00051,0.70684,0.00056,0.70737,1,3,0.99525,0.09403,-0.00069,-0.02532,0.08809,0.07837,0.63313,0,1
1768333698.086044,-0.02433,0.25202,-0.57029,-0.02330,-0.00298,0.00009,0.59562,0.00095,0.22804,-0.00051,0.70684,0.00056,0.70737,1,3,0.99525,0.09403,-0.00069,-0.02532,0.08809,0.07837,0.63313,0,1
1768333698.088039,-0.03690,0.26952,-0.60098,-0.02352,-0.00309,0.00021,0.59562,0.00095,0.22804,-0.00051,0.70684,0.00056,0.70737,1,3,0.99525,0.09403,-0.00069,-0.02532,0.08809,0.07837,0.63313,0,1
1768333698.090039,-0.01039,0.26325,-0.57816,-0.02491,-0.00265,0.00034,0.59562,0.00095,0.22804,-0.00051,0.70684,0.00056,0.70737,1,3,0.99525,0.09403,-0.00069,-0.02532,0.08809,0.07837,0.63313,0,1
1768333698.092042,-0.02770,0.28364,-0.60141,-0.02444,-0.00284,0.00020,0.59562,0.00095,0.22804,-0.00051,0.70684,0.00056,0.70737,1,3,0.99525,0.09403,-0.00069,-0.02532,0.08809,0.07837,0.63313,0,1
1768333698.094033,-0.01419,0.27600,-0.60140,-0.02497,-0.00300,-0.00022,0.59562,0.00095,0.22804,-0.00051,0.70684,0.00056,0.70737,1,3,0.99523,0.09418,-0.00039,-0.02559,0.08808,0.07836,0.63302,0,1
1768333698.096067,-0.02747,0.26800,-0.60097,-0.02507,-0.00206,0.00060,0.59562,0.00095,0.22804,-0.00051,0.70684,0.00056,0.70737,1,3,0.99523,0.09418,-0.00039,-0.02559,0.08808,0.07836,0.63302,0,1
1768333698.098048,-0.01476,0.26082,-0.58575,-0.02472,-0.00247,0.00020,0.59562,0.00095,0.22804,-0.00051,0.70684,0.00056,0.70737,1,3,0.99523,0.09418,-0.00039,-0.02559,0.08808,0.07836,0.63302,0,1
1768333698.100048,-0.02839,0.25400,-0.57794,-0.02371,-0.00242,0.00022,0.59562,0.00095,0.22804,-0.00051,0.70684,0.00056,0.70737,1,3,0.99523,0.09418,-0.00039,-0.02559,0.08808,0.07836,0.63302,0,1
1768333698.102039,-0.02871,0.26361,-0.58561,-0.02381,-0.00229,0.00075,0.59562,0.00095,0.22804,-0.00051,0.70684,0.00056,0.70737,1,3,0.99523,0.09418,-0.00039,-0.02559,0.08808,0.07836,0.63302,0,1
1768333698.104063,-0.02777,0.26367,-0.58589,-0.02425,-0.00232,-0.00006,0.59562,0.00095,0.22804,-0.00051,0.70684,0.00056,0.70737,1,3,0.99523,0.09418,-0.00039,-0.02559,0.08808,0.07836,0.63302,0,1
1768333698.106071,-0.02417,0.26175,-0.62382,-0.02340,-0.00287,-0.00022,0.59562,0.00095,0.22804,-0.00051,0.70684,0.00056,0.70737,1,3,0.99523,0.09418,-0.00039,-0.02559,0.08808,0.07836,0.63302,0,1
1768333698.108047,-0.04228,0.25212,-0.57792,-0.02242,-0.00226,0.00010,0.59562,0.00095,0.22804,-0.00051,0.70684,0.00056,0.70737,1,3,0.99523,0.09418,-0.00039,-0.02559,0.08808,0.07836,0.63302,0,1
1768333698.110059,-0.03663,0.24474,-0.57745,-0.02382,-0.00307,0.00050,0.59562,0.00095,0.22804,-0.00051,0.70684,0.00056,0.70737,1,3,0.99523,0.09418,-0.00039,-0.02559,0.08808,0.07836,0.63302,0,1
1768333698.112067,-0.01697,0.25150,-0.58547,-0.02265,-0.00243,0.00047,0.59562,0.00095,0.22804,-0.00051,0.70684,0.00056,0.70737,1,3,0.99523,0.09418,-0.00039,-0.02559,0.08808,0.07836,0.63302,0,1
1768333698.114052,-0.04209,0.25199,-0.56274,-0.02264,-0.00213,0.00011,0.59562,0.00095,0.22804,-0.00051,0.70684,0.00056,0.70737,1,3,0.99523,0.09418,-0.00039,-0.02559,0.08808,0.07836,0.63302,0,1
1768333698.116066,-0.03444,0.23242,-0.57741,-0.02179,-0.00233,0.00023,0.59562,0.00095,0.22804,-0.00051,0.70684,0.00056,0.70737,1,3,0.99523,0.09418,-0.00039,-0.02559,0.08808,0.07836,0.63302,0,1
1768333698.118065,-0.03070,0.22025,-0.56946,-0.02128,-0.00249,0.00037,0.59562,0.00095,0.22804,-0.00051,0.70684,0.00056,0.70737,1,3,0.99523,0.09418,-0.00039,-0.02559,0.08808,0.07836,0.63302,0,1
1768333698.120063,-0.03046,0.22533,-0.56979,-0.02122,-0.00251,-0.00017,0.59562,0.00095,0.22804,-0.00051,0.70684,0.00056,0.70737,1,3,0.99523,0.09418,-0.00039,-0.02559,0.08808,0.07836,0.63302,0,1
1768333698.122065,-0.03441,0.23317,-0.56970,-0.02156,-0.00322,0.00024,0.59562,0.00095,0.22804,-0.00051,0.70684,0.00056,0.70737,1,3,0.99523,0.09418,-0.00039,-0.02559,0.08808,0.07836,0.63302,0,1
1768333698.124075,-0.03457,0.23282,-0.58514,-0.02135,-0.00259,-0.00018,0.59562,0.00095,0.22804,-0.00051,0.70684,0.00056,0.70737,1,3,0.99525,0.09403,-0.00151,-0.02510,0.08812,0.07839,0.63327,0,1
1768333698.126075,-0.04441,0.21815,-0.56929,-0.02043,-0.00232,0.00065,0.59562,0.00095,0.22804,-0.00051,0.70684,0.00056,0.70737,1,3,0.99525,0.09403,-0.00151,-0.02510,0.08812,0.07839,0.63327,0,1
1768333698.128074,-0.03260,0.22108,-0.59226,-0.01930,-0.00285,0.00035,0.59562,0.00095,0.22804,-0.00051,0.70684,0.00056,0.70737,1,3,0.99525,0.09403,-0.00151,-0.02510,0.08812,0.07839,0.63327,0,1
1768333698.130074,-0.03878,0.21223,-0.56913,-0.02072,-0.00430,-0.00015,0.59561,0.00095,0.22804,-0.00051,0.70684,0.00056,0.70737,1,3,0.99525,0.09403,-0.00151,-0.02510,0.08812,0.07839,0.63327,0,1
1768333698.132088,-0.03700,0.24408,-0.57770,-0.01881,-0.00346,-0.00004,0.59561,0.00095,0.22804,-0.00051,0.70684,0.00056,0.70737,1,3,0.99525,0.09403,-0.00151,-0.02510,0.08812,0.07839,0.63327,0,1
1768333698.134073,-0.04898,0.22226,-0.58479,-0.01907,-0.00356,-0.00043,0.59561,0.00095,0.22804,-0.00051,0.70684,0.00056,0.70737,1,3,0.99525,0.09403,-0.00151,-0.02510,0.08812,0.07839,0.63327,0,1
1768333698.136092,-0.04918,0.23149,-0.56195,-0.01961,-0.00317,0.00053,0.59561,0.00095,0.22804,-0.00051,0.70684,0.00056,0.70737,1,3,0.99525,0.09403,-0.00151,-0.02510,0.08812,0.07839,0.63327,0,1
1768333698.138104,-0.04426,0.21362,-0.56921,-0.02027,-0.00271,0.00039,0.59561,0.00095,0.22804,-0.00051,0.70684,0.00056,0.70737,1,3,0.99525,0.09403,-0.00151,-0.02510,0.08812,0.07839,0.63327,0,1
1768333698.140086,-0.02563,0.20175,-0.55397,-0.01757,-0.00280,0.00011,0.59561,0.00095,0.22804,-0.00051,0.70684,0.00056,0.70737,1,3,0.99525,0.09403,-0.00151,-0.02510,0.08812,0.07839,0.63327,0,1
1768333698.142085,-0.03361,0.22591,-0.56958,-0.01859,-0.00246,0.00064,0.59561,0.00095,0.22804,-0.00051,0.70684,0.00056,0.70737,1,3,0.99525,0.09403,-0.00151,-0.02510,0.08812,0.07839,0.63327,0,1
1768333698.144108,-0.02503,0.21628,-0.59990,-0.01827,-0.00282,0.00007,0.59561,0.00095,0.22804,-0.00051,0.70684,0.00056,0.70737,1,3,0.99525,0.09403,-0.00151,-0.02510,0.08812,0.07839,0.63327,0,1
1768333698.146089,-0.04551,0.21923,-0.53141,-0.01889,-0.00295,0.00028,0.59561,0.00095,0.22804,-0.00051,0.70684,0.00056,0.70737,1,3,0.99525,0.09403,-0.00151,-0.02510,0.08812,0.07839,0.63327,0,1
1768333698.148089,-0.02013,0.20895,-0.53891,-0.01879,-0.00313,0.00012,0.59561,0.00095,0.22804,-0.00051,0.70684,0.00056,0.70737,1,3,0.99525,0.09403,-0.00151,-0.02510,0.08812,0.07839,0.63327,0,1
1768333698.150086,-0.04559,0.21901,-0.54664,-0.01889,-0.00270,0.00027,0.59560,0.00095,0.22804,-0.00051,0.70684,0.00056,0.70737,1,3,0.99525,0.09403,-0.00151,-0.02510,0.08812,0.07839,0.63327,0,1
1768333698.152077,-0.04509,0.22401,-0.57715,-0.01927,-0.00296,0.00011,0.59560,0.00095,0.22804,-0.00051,0.70684,0.00056,0.70737,1,3,0.99525,0.09403,-0.00151,-0.02510,0.08812,0.07839,0.63327,0,1
1768333698.154108,-0.03997,0.22586,-0.53163,-0.02034,-0.00265,0.00027,0.59560,0.00095,0.22804,-0.00051,0.70684,0.00056,0.70737,1,3,0.99525,0.09403,-0.00151,-0.02510,0.08812,0.07839,0.63327,0,1
1768333698.156125,-0.03249,0.23498,-0.52442,-0.01979,-0.00173,0.00040,0.59560,0.00095,0.22804,-0.00051,0.70684,0.00056,0.70737,1,3,0.99525,0.09403,-0.00151,-0.02510,0.08812,0.07839,0.63327,0,1
1768333698.158139,-0.01349,0.25426,-0.56288,-0.02174,-0.00248,0.00021,0.59560,0.00095,0.22804,-0.00051,0.70684,0.00056,0.70737,1,3,0.99527,0.09405,0.00012,-0.02419,0.08810,0.07837,0.63312,0,1
1768333698.160118,-0.02099,0.25431,-0.57039,-0.02261,-0.00264,0.00022,0.59560,0.00095,0.22804,-0.00051,0.70685,0.00056,0.70737,1,3,0.99527,0.09405,0.00012,-0.02419,0.08810,0.07837,0.63312,0,1
1768333698.162102,-0.02326,0.27159,-0.53300,-0.02415,-0.00289,-0.00042,0.59560,0.00095,0.22804,-0.00051,0.70685,0.00056,0.70737,1,3,0.99527,0.09405,0.00012,-0.02419,0.08810,0.07837,0.63312,0,1
1768333698.164148,-0.05273,0.26943,-0.54014,-0.02462,-0.00278,0.00027,0.59559,0.00095,0.22804,-0.00051,0.70684,0.00056,0.70737,1,3,0.99527,0.09405,0.00012,-0.02419,0.08810,0.07837,0.63312,0,1
1768333698.166179,-0.03375,0.29792,-0.55612,-0.02689,-0.00278,0.00024,0.59559,0.00095,0.22804,-0.00051,0.70684,0.00056,0.70737,1,3,0.99527,0.09405,0.00012,-0.02419,0.08810,0.07837,0.63312,0,1
1768333698.168131,-0.03217,0.28265,-0.57848,-0.02839,-0.00278,0.00023,0.59559,0.00095,0.22804,-0.00051,0.70685,0.00056,0.70736,1,3,0.99527,0.09405,0.00012,-0.02419,0.08810,0.07837,0.63312,0,1
1768333698.170105,-0.03099,0.30668,-0.57146,-0.02984,-0.00256,0.00036,0.59558,0.00095,0.22804,-0.00051,0.70685,0.00056,0.70736,1,3,0.99527,0.09405,0.00012,-0.02419,0.08810,0.07837,0.63312,0,1
1768333698.172105,-0.02991,0.33179,-0.61002,-0.03063,-0.00348,0.00005,0.59558,0.00095,0.22804,-0.00051,0.70685,0.00056,0.70736,1,3,0.99527,0.09405,0.00012,-0.02419,0.08810,0.07837,0.63312,0,1
1768333698.174102,-0.06817,0.30485,-0.59403,-0.03053,-0.00249,0.00025,0.59558,0.00095,0.22804,-0.00051,0.70685,0.00056,0.70736,1,3,0.99527,0.09405,0.00012,-0.02419,0.08810,0.07837,0.63312,0,1
1768333698.176106,-0.04668,0.32174,-0.55631,-0.03119,-0.00301,0.00079,0.59556,0.00095,0.22803,-0.00051,0.70686,0.00056,0.70735,1,3,0.99527,0.09405,0.00012,-0.02419,0.08810,0.07837,0.63312,0,1
1768333698.178108,-0.04444,0.32271,-0.58691,-0.03228,-0.00445,-0.00044,0.59556,0.00095,0.22803,-0.00051,0.70686,0.00056,0.70735,1,3,0.99527,0.09405,0.00012,-0.02419,0.08810,0.07837,0.63312,0,1
1768333698.180104,-0.03027,0.34004,-0.54196,-0.03119,-0.00158,0.00064,0.59555,0.00095,0.22803,-0.00051,0.70687,0.00056,0.70734,1,3,0.99527,0.09405,0.00012,-0.02419,0.08810,0.07837,0.63312,0,1
1768333698.182166,-0.05256,0.35148,-0.58758,-0.03324,-0.00361,-0.00004,0.59555,0.00095,0.22803,-0.00051,0.70687,0.00056,0.70734,1,3,0.99527,0.09405,0.00012,-0.02419,0.08810,0.07837,0.63312,0,1
1768333698.184151,-0.03607,0.38119,-0.55039,-0.03288,-0.00409,-0.00004,0.59554,0.00095,0.22802,-0.00051,0.70688,0.00056,0.70734,1,3,0.99527,0.09405,0.00012,-0.02419,0.08810,0.07837,0.63312,0,1
1768333698.186130,-0.04467,0.33757,-0.53396,-0.03231,-0.00459,0.00000,0.59554,0.00095,0.22802,-0.00051,0.70688,0.00056,0.70734,1,3,0.99527,0.09405,0.00012,-0.02419,0.08810,0.07837,0.63312,0,1
1768333698.188135,-0.03905,0.37282,-0.54248,-0.03451,-0.00341,0.00038,0.59553,0.00095,0.22802,-0.00051,0.70688,0.00056,0.70733,1,3,0.99527,0.09405,0.00012,-0.02419,0.08810,0.07837,0.63312,0,1
1768333698.190225,-0.02251,0.37154,-0.59588,-0.03452,-0.00233,0.00032,0.59553,0.00095,0.22802,-0.00051,0.70688,0.00056,0.70733,1,3,0.99527,0.09405,0.00012,-0.02419,0.08810,0.07837,0.63312,0,1
1768333698.192153,-0.00718,0.36857,-0.63410,-0.03652,-0.00265,-0.00066,0.59552,0.00095,0.22801,-0.00051,0.70689,0.00056,0.70732,1,3,0.99527,0.09405,0.00012,-0.02419,0.08810,0.07837,0.63312,0,1
1768333698.194150,-0.01326,0.37900,-0.67958,-0.03858,-0.00410,-0.00055,0.59552,0.00095,0.22801,-0.00051,0.70689,0.00056,0.70732,1,3,0.99527,0.09405,0.00012,-0.02419,0.08810,0.07837,0.63312,0,1
1768333698.196131,-0.03784,0.38441,-0.61849,-0.03961,-0.00444,0.00019,0.59551,0.00095,0.22801,-0.00051,0.70689,0.00056,0.70732,1,3,0.99527,0.09405,0.00012,-0.02419,0.08810,0.07837,0.63312,0,1
1768333698.198132,-0.05431,0.38966,-0.55801,-0.03977,-0.00413,-0.00028,0.59551,0.00095,0.22801,-0.00051,0.70689,0.00056,0.70732,1,3,0.99527,0.09405,0.00012,-0.02419,0.08810,0.07837,0.63312,0,1
1768333698.200141,-0.07248,0.39980,-0.62676,-0.03856,-0.00354,-0.00059,0.59550,0.00095,0.22800,-0.00051,0.70690,0.00056,0.70731,1,3,0.99527,0.09405,0.00012,-0.02419,0.08810,0.07837,0.63312,0,1
1768333698.202176,-0.03543,0.40844,-0.58860,-0.04216,-0.00461,0.00035,0.59550,0.00095,0.22800,-0.00051,0.70690,0.00056,0.70731,1,3,0.99527,0.09405,0.00012,-0.02419,0.08810,0.07837,0.63312,0,1
1768333698.204163,-0.01715,0.40567,-0.68796,-0.03913,-0.00357,-0.00070,0.59549,0.00095,0.22800,-0.00051,0.70691,0.00056,0.70731,1,3,0.99527,0.09405,0.00012,-0.02419,0.08810,0.07837,0.63312,0,1
1768333698.206175,-0.05105,0.40588,-0.66476,-0.03957,-0.00315,0.00016,0.59549,0.00095,0.22800,-0.00051,0.70691,0.00056,0.70731,1,3,0.99527,0.09405,0.00012,-0.02419,0.08810,0.07837,0.63312,0,1
1768333698.208161,-0.05805,0.42154,-0.58894,-0.04069,-0.00436,0.00023,0.59549,0.00095,0.22800,-0.00051,0.70691,0.00056,0.70731,1,3,0.99527,0.09405,0.00012,-0.02419,0.08810,0.07837,0.63312,0,1
1768333698.210149,-0.02731,0.39946,-0.59590,-0.04139,-0.00572,0.00020,0.59549,0.00095,0.22800,-0.00051,0.70691,0.00056,0.70731,1,3,0.99527,0.09405,0.00012,-0.02419,0.08810,0.07837,0.63312,0,1
1768333698.212142,-0.04997,0.42177,-0.60431,-0.04003,-0.00459,-0.00020,0.59548,0.00095,0.22799,-0.00051,0.70691,0.00056,0.70730,1,3,0.99527,0.09405,0.00012,-0.02419,0.08810,0.07837,0.63312,0,1
1768333698.214120,-0.04746,0.40193,-0.63377,-0.04246,-0.00560,0.00033,0.59548,0.00095,0.22799,-0.00051,0.70691,0.00056,0.70730,1,3,0.99527,0.09405,0.00012,-0.02419,0.08810,0.07837,0.63312,0,1
1768333698.216191,-0.07513,0.40226,-0.67979,-0.04006,-0.00414,-0.00050,0.59547,0.00095,0.22799,-0.00051,0.70692,0.00056,0.70729,1,3,0.99527,0.09405,0.00012,-0.02419,0.08810,0.07837,0.63312,0,1
1768333698.218177,-0.05701,0.37780,-0.63356,-0.04079,-0.00510,-0.00060,0.59547,0.00095,0.22799,-0.00051,0.70692,0.00056,0.70729,1,3,0.99527,0.09405,0.00012,-0.02419,0.08810,0.07837,0.63312,0,1
1768333698.220155,-0.08876,0.40295,-0.43660,-0.04267,-0.00501,-0.00069,0.59546,0.00095,0.22799,-0.00051,0.70693,0.00056,0.70729,1,3,0.99527,0.09405,0.00012,-0.02419,0.08810,0.07837,0.63312,0,1
1768333698.222152,-0.04860,0.41217,-0.59620,-0.04124,-0.00548,0.00009,0.59546,0.00095,0.22799,-0.00051,0.70693,0.00056,0.70729,1,3,0.99527,0.09405,0.00012,-0.02419,0.08810,0.07837,0.63312,0,1
1768333698.224212,-0.07843,0.44344,-0.61261,-0.04130,-0.00338,-0.00059,0.59545,0.00095,0.22798,-0.00051,0.70694,0.00056,0.70728,1,3,0.99527,0.09405,0.00012,-0.02419,0.08810,0.07837,0.63312,0,1
1768333698.226161,-0.04417,0.45937,-0.55972,-0.04591,-0.00431,-0.00044,0.59545,0.00095,0.22798,-0.00051,0.70694,0.00056,0.70728,1,3,0.99527,0.09405,0.00012,-0.02419,0.08810,0.07837,0.63312,0,1
1768333698.228165,-0.04730,0.49607,-0.59118,-0.04700,-0.00418,-0.00087,0.59544,0.00095,0.22797,-0.00051,0.70694,0.00056,0.70727,1,3,0.99524,0.09402,-0.00110,-0.02542,0.08811,0.07838,0.63322,0,1
1768333698.230163,-0.04355,0.45223,-0.71906,-0.04272,-0.00392,-0.00017,0.59544,0.00095,0.22797,-0.00051,0.70694,0.00056,0.70727,1,3,0.99524,0.09402,-0.00110,-0.02542,0.08811,0.07838,0.63322,0,1
1768333698.232182,-0.05247,0.44200,-0.65079,-0.04219,-0.00267,-0.00064,0.59542,0.00095,0.22797,-0.00051,0.70695,0.00056,0.70727,1,3,0.99524,0.09402,-0.00110,-0.02542,0.08811,0.07838,0.63322,0,1
1768333698.234176,-0.02195,0.40341,-0.67278,-0.03851,-0.00339,-0.00082,0.59542,0.00095,0.22797,-0.00051,0.70695,0.00056,0.70727,1,3,0.99524,0.09402,-0.00110,-0.02542,0.08811,0.07838,0.63322,0,1
1768333698.236168,-0.03791,0.38607,-0.58839,-0.03631,-0.00228,0.00074,0.59541,0.00095,0.22797,-0.00051,0.70695,0.00056,0.70726,1,3,0.99524,0.09402,-0.00110,-0.02542,0.08811,0.07838,0.63322,0,1
1768333698.238163,-0.03505,0.35938,-0.54989,-0.03467,-0.00217,0.00051,0.59541,0.00095,0.22797,-0.00051,0.70695,0.00056,0.70726,1,3,0.99524,0.09402,-0.00110,-0.02542,0.08811,0.07838,0.63322,0,1
1768333698.240198,-0.01832,0.34948,-0.53473,-0.03413,-0.00225,-0.00004,0.59541,0.00095,0.22797,-0.00051,0.70695,0.00056,0.70726,1,3,0.99524,0.09402,-0.00110,-0.02542,0.08811,0.07838,0.63322,0,1
1768333698.243345,-0.01568,0.33690,-0.54194,-0.03297,-0.00175,0.00049,0.59539,0.00095,0.22795,-0.00051,0.70697,0.00056,0.70724,1,3,0.99524,0.09402,-0.00110,-0.02542,0.08811,0.07838,0.63322,0,1
1768333698.244201,-0.05307,0.34884,-0.60321,-0.03371,-0.00030,-0.00006,0.59539,0.00095,0.22795,-0.00051,0.70697,0.00056,0.70724,1,3,0.99524,0.09402,-0.00110,-0.02542,0.08811,0.07838,0.63322,0,1
1768333698.246181,-0.00810,0.38297,-0.63461,-0.03591,-0.00189,-0.00067,0.59537,0.00095,0.22795,-0.00051,0.70698,0.00056,0.70723,1,3,0.99524,0.09402,-0.00110,-0.02542,0.08811,0.07838,0.63322,0,1
1768333698.248200,0.00337,0.40278,-0.68032,-0.03873,-0.00356,-0.00044,0.59537,0.00095,0.22795,-0.00051,0.70698,0.00056,0.70723,1,3,0.99524,0.09402,-0.00110,-0.02542,0.08811,0.07838,0.63322,0,1
1768333698.250192,-0.03259,0.39597,-0.67985,-0.04056,-0.00388,-0.00040,0.59536,0.00095,0.22794,-0.00051,0.70699,0.00056,0.70723,1,3,0.99524,0.09402,-0.00110,-0.02542,0.08811,0.07838,0.63322,0,1
1768333698.252177,-0.01847,0.38548,-0.62664,-0.03829,-0.00265,-0.00011,0.59536,0.00095,0.22794,-0.00051,0.70699,0.00056,0.70723,1,3,0.99524,0.09402,-0.00110,-0.02542,0.08811,0.07838,0.63322,0,1
1768333698.254185,-0.02783,0.38093,-0.63423,-0.03725,-0.00241,-0.00038,0.59536,0.00095,0.22794,-0.00051,0.70699,0.00056,0.70723,1,3,0.99524,0.09402,-0.00110,-0.02542,0.08811,0.07838,0.63322,0,1
1768333698.256175,-0.03878,0.41560,-0.59699,-0.03552,-0.00179,0.00032,0.59535,0.00095,0.22794,-0.00051,0.70699,0.00056,0.70722,1,3,0.99524,0.09402,-0.00110,-0.02542,0.08811,0.07838,0.63322,0,1
1768333698.258776,-0.01661,0.34442,-0.61038,-0.03572,-0.00289,0.00004,0.59533,0.00095,0.22793,-0.00051,0.70700,0.00056,0.70721,1,3,0.99524,0.09402,-0.00110,-0.02542,0.08811,0.07838,0.63322,0,1
1768333698.260200,-0.02630,0.34882,-0.56499,-0.03501,-0.00164,0.00035,0.59533,0.00095,0.22793,-0.00051,0.70700,0.00056,0.70721,1,3,0.99524,0.09402,-0.00110,-0.02542,0.08811,0.07838,0.63322,0,1
1768333698.262174,-0.01493,0.35180,-0.60299,-0.03367,-0.00228,0.00044,0.59532,0.00095,0.22792,-0.00051,0.70701,0.00056,0.70720,1,3,0.99524,0.09402,-0.00110,-0.02542,0.08811,0.07838,0.63322,0,1
1768333698.264195,-0.05188,0.34933,-0.58008,-0.03479,-0.00145,0.00037,0.59532,0.00095,0.22792,-0.00051,0.70701,0.00056,0.70720,1,3,0.99524,0.09402,-0.00110,-0.02542,0.08811,0.07838,0.63322,0,1
1768333698.266181,-0.02613,0.37348,-0.58850,-0.03515,-0.00166,0.00006,0.59531,0.00095,0.22792,-0.00051,0.70702,0.00056,0.70720,1,3,0.99524,0.09402,-0.00110,-0.02542,0.08811,0.07838,0.63322,0,1
1768333698.268197,-0.01167,0.37564,-0.61139,-0.03666,-0.00222,-0.00024,0.59531,0.00095,0.22792,-0.00051,0.70702,0.00056,0.70720,1,3,0.99524,0.09402,-0.00110,-0.02542,0.08811,0.07838,0.63322,0,1
1768333698.270211,-0.01739,0.39889,-0.60413,-0.03528,-0.00305,0.00017,0.59530,0.00095,0.22791,-0.00051,0.70703,0.00056,0.70719,1,3,0.99524,0.09402,-0.00110,-0.02542,0.08811,0.07838,0.63322,0,1
1768333698.272175,-0.01643,0.35792,-0.61872,-0.03622,-0.00126,-0.00037,0.59530,0.00095,0.22791,-0.00051,0.70703,0.00056,0.70719,1,3,0.99524,0.09402,-0.00110,-0.02542,0.08811,0.07838,0.63322,0,1
1768333698.274199,-0.00831,0.38243,-0.61193,-0.03592,-0.00113,-0.00066,0.59528,0.00095,0.22791,-0.00051,0.70703,0.00056,0.70718,1,3,0.99524,0.09402,-0.00110,-0.02542,0.08811,0.07838,0.63322,0,1
1768333698.276208,-0.01152,0.34995,-0.61857,-0.03697,-0.00093,-0.00038,0.59528,0.00095,0.22791,-0.00051,0.70703,0.00056,0.70718,1,3,0.99524,0.09402,-0.00110,-0.02542,0.08811,0.07838,0.63322,0,1
1768333698.278205,-0.03089,0.35570,-0.58806,-0.03493,-0.00082,0.00033,0.59527,0.00095,0.22790,-0.00051,0.70704,0.00056,0.70718,1,3,0.99524,0.09402,-0.00110,-0.02542,0.08811,0.07838,0.63322,0,1
1768333698.280192,-0.01782,0.37288,-0.61122,-0.03538,-0.00137,0.00043,0.59527,0.00095,0.22790,-0.00051,0.70704,0.00056,0.70718,1,3,0.99524,0.09402,-0.00110,-0.02542,0.08811,0.07838,0.63322,0,1
1768333698.282193,-0.03927,0.37093,-0.56557,-0.03497,-0.00112,0.00036,0.59527,0.00095,0.22790,-0.00051,0.70704,0.00056,0.70718,1,3,0.99524,0.09402,-0.00110,-0.02542,0.08811,0.07838,0.63322,0,1
1768333698.284183,-0.00494,0.38176,-0.60394,-0.03461,-0.00320,-0.00038,0.59525,0.00095,0.22790,-0.00051,0.70704,0.00056,0.70717,1,3,0.99524,0.09402,-0.00110,-0.02542,0.08811,0.07838,0.63322,0,1
1768333698.286202,-0.00460,0.34226,-0.59521,-0.03487,-0.00329,-0.00009,0.59525,0.00095,0.22790,-0.00051,0.70704,0.00056,0.70717,1,3,0.99524,0.09402,-0.00110,-0.02542,0.08811,0.07838,0.63322,0,1
1768333698.288179,-0.03896,0.38109,-0.58866,-0.03506,-0.00151,0.00007,0.59524,0.00095,0.22789,-0.00051,0.70705,0.00056,0.70716,1,3,0.99524,0.09402,-0.00110,-0.02542,0.08811,0.07838,0.63322,0,1
1768333698.290211,-0.00347,0.34076,-0.64110,-0.03621,-0.00178,-0.00053,0.59524,0.00095,0.22789,-0.00051,0.70705,0.00056,0.70716,1,3,0.99524,0.09402,-0.00110,-0.02542,0.08811,0.07838,0.63322,0,1
1768333698.292179,-0.04712,0.37690,-0.61092,-0.03533,-0.00254,0.00060,0.59523,0.00095,0.22789,-0.00051,0.70706,0.00056,0.70716,1,3,0.99524,0.09402,-0.00110,-0.02542,0.08811,0.07838,0.63322,0,1
1768333698.294192,-0.01199,0.38244,-0.63428,-0.03548,-0.00413,-0.00079,0.59523,0.00095,0.22789,-0.00051,0.70706,0.00056,0.70716,1,3,0.99520,0.09402,0.00175,-0.02710,0.08805,0.07834,0.63282,0,1
1768333698.296185,-0.03392,0.37881,-0.61081,-0.03618,-0.00269,0.00113,0.59521,0.00095,0.22788,-0.00051,0.70706,0.00056,0.70715,1,3,0.99520,0.09402,0.00175,-0.02710,0.08805,0.07834,0.63282,0,1
1768333698.298190,-0.02161,0.35136,-0.59514,-0.03564,-0.00232,0.00086,0.59521,0.00095,0.22788,-0.00051,0.70706,0.00056,0.70715,1,3,0.99520,0.09402,0.00175,-0.02710,0.08805,0.07834,0.63282,0,1
1768333698.300203,-0.05662,0.35219,-0.59543,-0.03410,-0.00153,0.00009,0.59520,0.00095,0.22788,-0.00051,0.70707,0.00056,0.70714,1,3,0.99520,0.09402,0.00175,-0.02710,0.08805,0.07834,0.63282,0,1
1768333698.302245,-0.00659,0.37187,-0.61871,-0.03342,-0.00290,0.00028,0.59520,0.00095,0.22788,-0.00051,0.70707,0.00056,0.70714,1,3,0.99520,0.09402,0.00175,-0.02710,0.08805,0.07834,0.63282,0,1
1768333698.304234,-0.04043,0.35243,-0.61788,-0.03366,-0.00247,0.00086,0.59520,0.00095,0.22788,-0.00051,0.70707,0.00056,0.70714,1,3,0.99520,0.09402,0.00175,-0.02710,0.08805,0.07834,0.63282,0,1
1768333698.306227,-0.02368,0.37235,-0.56547,-0.03320,-0.00283,0.00034,0.59517,0.00095,0.22787,-0.00051,0.70708,0.00056,0.70714,1,3,0.99520,0.09402,0.00175,-0.02710,0.08805,0.07834,0.63282,0,1
1768333698.308209,-0.03851,0.33767,-0.57234,-0.03472,-0.00250,-0.00031,0.59517,0.00095,0.22787,-0.00051,0.70708,0.00056,0.70714,1,3,0.99520,0.09402,0.00175,-0.02710,0.08805,0.07834,0.63282,0,1
1768333698.310243,-0.02661,0.37540,-0.56528,-0.03425,-0.00393,0.00049,0.59515,0.00095,0.22787,-0.00051,0.70708,0.00056,0.70713,1,3,0.99520,0.09402,0.00175,-0.02710,0.08805,0.07834,0.63282,0,1
1768333698.312283,-0.03560,0.37047,-0.61087,-0.03366,-0.00344,0.00019,0.59515,0.00095,0.22787,-0.00051,0.70708,0.00056,0.70713,1,3,0.99520,0.09402,0.00175,-0.02710,0.08805,0.07834,0.63282,0,1
1768333698.314230,-0.03425,0.37948,-0.62646,-0.03508,-0.00283,-0.00010,0.59514,0.00095,0.22786,-0.00051,0.70709,0.00056,0.70712,1,3,0.99520,0.09402,0.00175,-0.02710,0.08805,0.07834,0.63282,0,1
1768333698.316243,-0.01272,0.37054,-0.64947,-0.03563,-0.00157,-0.00054,0.59514,0.00095,0.22786,-0.00051,0.70709,0.00056,0.70712,1,3,0.99520,0.09402,0.00175,-0.02710,0.08805,0.07834,0.63282,0,1
1768333698.318272,-0.01929,0.37111,-0.62644,-0.03715,-0.00263,-0.00051,0.59513,0.00095,0.22786,-0.00051,0.70709,0.00056,0.70712,1,3,0.99520,0.09402,0.00175,-0.02710,0.08805,0.07834,0.63282,0,1
1768333698.320347,-0.03422,0.40112,-0.62678,-0.03919,-0.00361,-0.00009,0.59513,0.00095,0.22786,-0.00051,0.70709,0.00056,0.70712,1,3,0.99520,0.09402,0.00175,-0.02710,0.08805,0.07834,0.63282,0,1
1768333698.322211,-0.03399,0.38687,-0.58833,-0.03914,-0.00424,-0.00006,0.59511,0.00095,0.22786,-0.00051,0.70709,0.00056,0.70712,1,3,0.99520,0.09402,0.00175,-0.02710,0.08805,0.07834,0.63282,0,1
1768333698.324221,-0.05812,0.38061,-0.61095,-0.03616,-0.00394,-0.00006,0.59511,0.00095,0.22786,-0.00051,0.70709,0.00056,0.70712,1,3,0.99520,0.09402,0.00175,-0.02710,0.08805,0.07834,0.63282,0,1
1768333698.326253,-0.03311,0.40413,-0.61193,-0.03609,-0.00313,-0.00036,0.59510,0.00095,0.22785,-0.00051,0.70710,0.00056,0.70711,1,3,0.99520,0.09402,0.00175,-0.02710,0.08805,0.07834,0.63282,0,1
1768333698.328262,-0.03659,0.38215,-0.55794,-0.03680,-0.00357,0.00010,0.59510,0.00095,0.22785,-0.00051,0.70710,0.00056,0.70711,1,3,0.99520,0.09402,0.00175,-0.02710,0.08805,0.07834,0.63282,0,1
1768333698.330290,0.02063,0.35950,-0.64123,-0.03816,-0.00514,-0.00082,0.59508,0.00095,0.22785,-0.00051,0.70711,0.00056,0.70711,1,3,0.99520,0.09402,0.00175,-0.02710,0.08805,0.07834,0.63282,0,1
1768333698.332222,-0.00667,0.38220,-0.65740,-0.03745,-0.00153,-0.00069,0.59508,0.00095,0.22785,-0.00051,0.70711,0.00056,0.70711,1,3,0.99520,0.09402,0.00175,-0.02710,0.08805,0.07834,0.63282,0,1
1768333698.334234,-0.01471,0.38642,-0.63470,-0.03827,-0.00067,-0.00040,0.59507,0.00095,0.22785,-0.00051,0.70711,0.00056,0.70711,1,3,0.99520,0.09402,0.00175,-0.02710,0.08805,0.07834,0.63282,0,1
1768333698.336231,-0.02218,0.38228,-0.64208,-0.03876,-0.00159,-0.00066,0.59507,0.00095,0.22785,-0.00051,0.70711,0.00056,0.70711,1,3,0.99520,0.09402,0.00175,-0.02710,0.08805,0.07834,0.63282,0,1
1768333698.338232,0.01935,0.39285,-0.61966,-0.03754,-0.00325,-0.00095,0.59507,0.00095,0.22785,-0.00051,0.70711,0.00056,0.70711,1,3,0.99520,0.09402,0.00175,-0.02710,0.08805,0.07834,0.63282,0,1
1768333698.340245,-0.05947,0.33687,-0.53431,-0.03888,-0.00213,-0.00065,0.59505,0.00095,0.22785,-0.00051,0.70711,0.00056,0.70710,1,3,0.99520,0.09402,0.00175,-0.02710,0.08805,0.07834,0.63282,0,1
1768333698.342224,-0.03706,0.37960,-0.64950,-0.03727,-0.00051,0.00002,0.59505,0.00095,0.22785,-0.00051,0.70711,0.00056,0.70710,1,3,0.99520,0.09402,0.00175,-0.02710,0.08805,0.07834,0.63282,0,1
1768333698.344232,-0.05616,0.37131,-0.64921,-0.03475,-0.00104,-0.00010,0.59504,0.00095,0.22784,-0.00051,0.70711,0.00056,0.70710,1,3,0.99520,0.09402,0.00175,-0.02710,0.08805,0.07834,0.63282,0,1
1768333698.346228,0.00096,0.37446,-0.60362,-0.03601,-0.00402,-0.00038,0.59504,0.00095,0.22784,-0.00051,0.70711,0.00056,0.70710,1,3,0.99520,0.09402,0.00175,-0.02710,0.08805,0.07834,0.63282,0,1
1768333698.348238,-0.01604,0.34022,-0.57948,-0.03621,-0.00416,0.00061,0.59502,0.00095,0.22784,-0.00051,0.70711,0.00056,0.70710,1,3,0.99520,0.09402,0.00175,-0.02710,0.08805,0.07834,0.63282,0,1
1768333698.350222,-0.03609,0.35423,-0.58020,-0.03386,-0.00164,0.00062,0.59502,0.00095,0.22784,-0.00051,0.70711,0.00056,0.70710,1,3,0.99520,0.09402,0.00175,-0.02710,0.08805,0.07834,0.63282,0,1
1768333698.352220,-0.03285,0.35635,-0.60329,-0.03296,-0.00093,0.00032,0.59501,0.00095,0.22784,-0.00051,0.70711,0.00056,0.70710,1,3,0.99520,0.09402,0.00175,-0.02710,0.08805,0.07834,0.63282,0,1
1768333698.354222,-0.01160,0.34907,-0.62570,-0.03304,-0.00193,0.00069,0.59501,0.00095,0.22784,-0.00051,0.70711,0.00056,0.70710,1,3,0.99520,0.09402,0.00175,-0.02710,0.08805,0.07834,0.63282,0,1
1768333698.356265,-0.01558,0.33351,-0.63281,-0.03236,-0.00365,0.00016,0.59499,0.00095,0.22784,-0.00051,0.70711,0.00056,0.70710,1,3,0.99520,0.09402,0.00175,-0.02710,0.08805,0.07834,0.63282,0,1
1768333698.358240,-0.05194,0.29492,-0.54854,-0.02955,-0.00231,-0.00027,0.59499,0.00095,0.22784,-0.00051,0.70711,0.00056,0.70710,1,3,0.99520,0.09402,0.00175,-0.02710,0.08805,0.07834,0.63282,0,1
1768333698.360257,-0.02481,0.28221,-0.57864,-0.02752,-0.00211,0.00021,0.59498,0.00095,0.22785,-0.00051,0.70711,0.00056,0.70711,1,3,0.99520,0.09402,0.00175,-0.02710,0.08805,0.07834,0.63282,0,1
1768333698.362262,-0.02037,0.26759,-0.59373,-0.02376,-0.00114,0.00019,0.59498,0.00095,0.22785,-0.00051,0.70711,0.00056,0.70711,1,3,0.99523,0.09380,0.00026,-0.02667,0.08795,0.07835,0.63285,0,1
1768333698.364315,0.01467,0.26593,-0.66981,-0.02050,-0.00219,-0.00004,0.59496,0.00095,0.22785,-0.00051,0.70710,0.00056,0.70711,1,3,0.99523,0.09380,0.00026,-0.02667,0.08795,0.07835,0.63285,0,1
1768333698.366262,-0.02677,0.22842,-0.66899,-0.01790,0.00063,0.00040,0.59496,0.00095,0.22785,-0.00051,0.70710,0.00056,0.70711,1,3,0.99523,0.09380,0.00026,-0.02667,0.08795,0.07835,0.63285,0,1
1768333698.368250,-0.00953,0.17945,-0.61464,-0.01762,-0.00005,0.00018,0.59495,0.00095,0.22786,-0.00051,0.70709,0.00056,0.70712,1,3,0.99523,0.09380,0.00026,-0.02667,0.08795,0.07835,0.63285,0,1
1768333698.370265,-0.00745,0.18793,-0.50833,-0.01555,-0.00072,0.00066,0.59495,0.00095,0.22786,-0.00051,0.70709,0.00056,0.70712,1,3,0.99523,0.09380,0.00026,-0.02667,0.08795,0.07835,0.63285,0,1
1768333698.372267,-0.01562,0.16909,-0.49277,-0.01512,-0.00125,0.00001,0.59495,0.00095,0.22786,-0.00051,0.70709,0.00056,0.70712,1,3,0.99523,0.09380,0.00026,-0.02667,0.08795,0.07835,0.63285,0,1
1768333698.374265,-0.01255,0.17504,-0.50087,-0.01461,0.00074,-0.00001,0.59493,0.00095,0.22786,-0.00051,0.70708,0.00056,0.70713,1,3,0.99523,0.09380,0.00026,-0.02667,0.08795,0.07835,0.63285,0,1
1768333698.376256,-0.01152,0.15336,-0.66718,-0.01182,0.00051,0.00067,0.59491,0.00095,0.22787,-0.00051,0.70708,0.00056,0.70714,1,3,0.99523,0.09380,0.00026,-0.02667,0.08795,0.07835,0.63285,0,1
1768333698.378243,-0.01709,0.14729,-0.65169,-0.01014,-0.00043,0.00069,0.59490,0.00095,0.22787,-0.00051,0.70707,0.00056,0.70714,1,3,0.99523,0.09380,0.00026,-0.02667,0.08795,0.07835,0.63285,0,1
1768333698.380246,0.00111,0.12134,-0.50672,-0.00696,-0.00115,0.00093,0.59490,0.00095,0.22787,-0.00051,0.70707,0.00056,0.70714,1,3,0.99523,0.09380,0.00026,-0.02667,0.08795,0.07835,0.63285,0,1
1768333698.382283,-0.00397,0.09062,-0.52896,-0.00515,-0.00184,-0.00002,0.59488,0.00095,0.22787,-0.00051,0.70707,0.00056,0.70714,1,3,0.99523,0.09380,0.00026,-0.02667,0.08795,0.07835,0.63285,0,1
1768333698.384286,-0.02720,0.06791,-0.52843,-0.00368,-0.00001,0.00041,0.59488,0.00095,0.22787,-0.00051,0.70707,0.00056,0.70714,1,3,0.99523,0.09380,0.00026,-0.02667,0.08795,0.07835,0.63285,0,1
1768333698.386302,-0.01510,0.07379,-0.63505,-0.00382,0.00125,0.00071,0.59487,0.00095,0.22787,-0.00051,0.70707,0.00056,0.70714,1,3,0.99523,0.09380,0.00026,-0.02667,0.08795,0.07835,0.63285,0,1
1768333698.388267,-0.02726,0.04174,-0.72530,0.00059,-0.00010,0.00039,0.59487,0.00095,0.22787,-0.00051,0.70707,0.00056,0.70714,1,3,0.99523,0.09380,0.00026,-0.02667,0.08795,0.07835,0.63285,0,1
1768333698.390290,-0.01015,0.01302,-0.69441,0.00134,-0.00118,-0.00040,0.59485,0.00095,0.22787,-0.00051,0.70706,0.00056,0.70715,1,3,0.99523,0.09380,0.00026,-0.02667,0.08795,0.07835,0.63285,0,1
1768333698.392268,-0.03202,0.01897,-0.52635,-0.00230,-0.00332,0.00124,0.59485,0.00095,0.22787,-0.00051,0.70706,0.00056,0.70715,1,3,0.99523,0.09380,0.00026,-0.02667,0.08795,0.07835,0.63285,0,1
1768333698.394297,-0.01923,-0.02570,-0.43465,0.00175,-0.00155,0.00090,0.59485,0.00095,0.22787,-0.00051,0.70706,0.00056,0.70715,1,3,0.99523,0.09380,0.00026,-0.02667,0.08795,0.07835,0.63285,0,1
1768333698.396268,-0.02627,-0.01752,-0.48049,0.00447,-0.00147,0.00086,0.59483,0.00095,0.22788,-0.00051,0.70706,0.00056,0.70716,1,3,0.99523,0.09380,0.00026,-0.02667,0.08795,0.07835,0.63285,0,1
1768333698.398274,-0.00890,-0.05065,-0.61708,0.00800,0.00063,0.00020,0.59483,0.00095,0.22788,-0.00051,0.70706,0.00056,0.70716,1,3,0.99523,0.09380,0.00026,-0.02667,0.08795,0.07835,0.63285,0,1
1768333698.400270,0.00580,-0.02618,-0.73177,0.00982,0.00082,0.00021,0.59482,0.00095,0.22788,-0.00051,0.70706,0.00056,0.70716,1,3,0.99523,0.09380,0.00026,-0.02667,0.08795,0.07835,0.63285,0,1
1768333698.402277,-0.00930,-0.06716,-0.65455,0.01217,0.00091,0.00084,0.59482,0.00095,0.22788,-0.00051,0.70706,0.00056,0.70716,1,3,0.99523,0.09380,0.00026,-0.02667,0.08795,0.07835,0.63285,0,1
1768333698.404265,0.02099,-0.07344,-0.53284,0.01231,-0.00111,0.00051,0.59480,0.00095,0.22789,-0.00051,0.70705,0.00056,0.70716,1,3,0.99523,0.09380,0.00026,-0.02667,0.08795,0.07835,0.63285,0,1
1768333698.406286,-0.02202,-0.07707,-0.45653,0.01314,-0.00110,0.00074,0.59480,0.00095,0.22789,-0.00051,0.70705,0.00056,0.70716,1,3,0.99523,0.09380,0.00026,-0.02667,0.08795,0.07835,0.63285,0,1
1768333698.408260,-0.01102,-0.07770,-0.44168,0.00636,0.00041,0.00008,0.59479,0.00095,0.22789,-0.00051,0.70704,0.00056,0.70717,1,3,0.99523,0.09380,0.00026,-0.02667,0.08795,0.07835,0.63285,0,1
1768333698.410260,0.00114,-0.04625,-0.64743,0.00630,0.00026,0.00043,0.59479,0.00095,0.22789,-0.00051,0.70704,0.00056,0.70717,1,3,0.99523,0.09380,0.00026,-0.02667,0.08795,0.07835,0.63285,0,1
1768333698.412276,0.01553,-0.03980,-0.76909,0.00922,-0.00131,0.00019,0.59477,0.00095,0.22789,-0.00051,0.70704,0.00056,0.70717,1,3,0.99523,0.09380,0.00026,-0.02667,0.08795,0.07835,0.63285,0,1
1768333698.414305,-0.00834,-0.01449,-0.65551,0.00778,-0.00181,0.00043,0.59477,0.00095,0.22789,-0.00051,0.70704,0.00056,0.70717,1,3,0.99528,0.09305,0.00236,-0.02742,0.08775,0.07833,0.63236,0,1
1768333698.416352,0.01002,-0.04520,-0.50296,0.00632,-0.00113,0.00054,0.59475,0.00095,0.22790,-0.00051,0.70703,0.00056,0.70718,1,3,0.99528,0.09305,0.00236,-0.02742,0.08775,0.07833,0.63236,0,1
1768333698.418313,-0.02743,-0.05630,-0.43415,0.00618,-0.00144,0.00037,0.59475,0.00095,0.22790,-0.00051,0.70703,0.00056,0.70718,1,3,0.99528,0.09305,0.00236,-0.02742,0.08775,0.07833,0.63236,0,1
1768333698.420296,0.00020,-0.05549,-0.52535,0.00707,-0.00023,0.00121,0.59474,0.00095,0.22790,-0.00051,0.70703,0.00056,0.70719,1,3,0.99528,0.09305,0.00236,-0.02742,0.08775,0.07833,0.63236,0,1
1768333698.422303,-0.01720,-0.04575,-0.64763,0.00784,0.00085,0.00004,0.59474,0.00095,0.22790,-0.00051,0.70703,0.00056,0.70719,1,3,0.99528,0.09305,0.00236,-0.02742,0.08775,0.07833,0.63236,0,1
1768333698.424295,0.00873,-0.01267,-0.62563,0.00649,0.00128,0.00070,0.59472,0.00095,0.22791,-0.00051,0.70702,0.00056,0.70719,1,3,0.99528,0.09305,0.00236,-0.02742,0.08775,0.07833,0.63236,0,1
1768333698.426293,-0.01250,-0.00401,-0.53466,0.00703,0.00076,0.00039,0.59472,0.00095,0.22791,-0.00051,0.70702,0.00056,0.70719,1,3,0.99528,0.09305,0.00236,-0.02742,0.08775,0.07833,0.63236,0,1
1768333698.428298,0.02018,0.00238,-0.47405,0.00406,0.00010,0.00041,0.59472,0.00095,0.22791,-0.00051,0.70702,0.00056,0.70719,1,3,0.99528,0.09305,0.00236,-0.02742,0.08775,0.07833,0.63236,0,1
1768333698.430318,0.00913,-0.03402,-0.51067,0.00274,-0.00099,0.00081,0.59472,0.00095,0.22791,-0.00051,0.70702,0.00056,0.70719,1,3,0.99528,0.09305,0.00236,-0.02742,0.08775,0.07833,0.63236,0,1
1768333698.432292,-0.00243,-0.02999,-0.61754,0.00519,0.00130,0.00059,0.59472,0.00095,0.22791,-0.00051,0.70702,0.00056,0.70719,1,3,0.99528,0.09305,0.00236,-0.02742,0.08775,0.07833,0.63236,0,1
1768333698.434294,-0.02025,-0.01463,-0.63306,0.00603,0.00138,0.00059,0.59472,0.00095,0.22791,-0.00051,0.70702,0.00056,0.70719,1,3,0.99528,0.09305,0.00236,-0.02742,0.08775,0.07833,0.63236,0,1
1768333698.436296,-0.00289,-0.01941,-0.56431,0.00554,0.00042,0.00117,0.59472,0.00095,0.22791,-0.00051,0.70702,0.00056,0.70719,1,3,0.99528,0.09305,0.00236,-0.02742,0.08775,0.07833,0.63236,0,1
1768333698.438344,-0.01384,-0.04031,-0.44226,0.00485,-0.00072,0.00048,0.59472,0.00095,0.22791,-0.00051,0.70702,0.00056,0.70719,1,3,0.99528,0.09305,0.00236,-0.02742,0.08775,0.07833,0.63236,0,1
1768333698.440310,-0.02056,-0.04030,-0.45695,0.00288,-0.00152,0.00129,0.59472,0.00095,0.22791,-0.00051,0.70702,0.00056,0.70719,1,3,0.99528,0.09305,0.00236,-0.02742,0.08775,0.07833,0.63236,0,1
1768333698.442312,-0.02074,-0.05796,-0.55587,0.00703,0.00053,0.00066,0.59472,0.00095,0.22791,-0.00051,0.70702,0.00056,0.70719,1,3,0.99528,0.09305,0.00236,-0.02742,0.08775,0.07833,0.63236,0,1
1768333698.444320,-0.01125,-0.02958,-0.59453,0.00541,0.00103,0.00102,0.59472,0.00095,0.22791,-0.00051,0.70702,0.00056,0.70719,1,3,0.99528,0.09305,0.00236,-0.02742,0.08775,0.07833,0.63236,0,1
1768333698.446314,0.02268,-0.00925,-0.61799,0.00588,-0.00054,0.00043,0.59472,0.00095,0.22791,-0.00051,0.70702,0.00056,0.70719,1,3,0.99528,0.09305,0.00236,-0.02742,0.08775,0.07833,0.63236,0,1
1768333698.448332,-0.01453,-0.02098,-0.50369,0.00530,-0.00010,0.00029,0.59472,0.00095,0.22791,-0.00051,0.70702,0.00056,0.70719,1,3,0.99528,0.09305,0.00236,-0.02742,0.08775,0.07833,0.63236,0,1
1768333698.450311,-0.02890,-0.01788,-0.59502,0.00708,0.00008,-0.00004,0.59472,0.00095,0.22791,-0.00051,0.70702,0.00056,0.70719,1,3,0.99528,0.09305,0.00236,-0.02742,0.08775,0.07833,0.63236,0,1
1768333698.452341,-0.02376,-0.05013,-0.60164,0.00625,-0.00021,0.00023,0.59472,0.00095,0.22791,-0.00051,0.70702,0.00056,0.70719,1,3,0.99528,0.09305,0.00236,-0.02742,0.08775,0.07833,0.63236,0,1
1768333698.454324,-0.00868,-0.01319,-0.61707,0.00343,-0.00205,0.00141,0.59472,0.00095,0.22791,-0.00051,0.70702,0.00056,0.70719,1,3,0.99528,0.09305,0.00236,-0.02742,0.08775,0.07833,0.63236,0,1
1768333698.456310,-0.01549,-0.02032,-0.60238,0.00640,-0.00071,0.00021,0.59459,0.00095,0.22794,-0.00051,0.70697,0.00056,0.70724,1,3,0.99528,0.09305,0.00236,-0.02742,0.08775,0.07833,0.63236,0,1
1768333698.458335,-0.01176,-0.01482,-0.59477,0.00559,0.00103,0.00142,0.59459,0.00095,0.22794,-0.00051,0.70697,0.00056,0.70724,1,3,0.99528,0.09305,0.00236,-0.02742,0.08775,0.07833,0.63236,0,1
1768333698.460311,-0.00322,-0.03942,-0.55641,0.00595,0.00107,0.00091,0.59458,0.00095,0.22794,-0.00051,0.70697,0.00056,0.70724,1,3,0.99528,0.09305,0.00236,-0.02742,0.08775,0.07833,0.63236,0,1
1768333698.462369,0.01013,-0.03634,-0.60202,0.00577,-0.00024,0.00060,0.59458,0.00095,0.22794,-0.00051,0.70697,0.00056,0.70724,1,3,0.99535,0.09254,0.00225,-0.02653,0.08760,0.07834,0.63238,0,1
1768333698.464336,-0.01321,-0.03151,-0.58667,0.00364,-0.00021,0.00090,0.59456,0.00095,0.22794,-0.00051,0.70697,0.00056,0.70724,1,3,0.99535,0.09254,0.00225,-0.02653,0.08760,0.07834,0.63238,0,1
1768333698.466351,-0.02958,-0.04267,-0.57897,0.00744,0.00024,0.00065,0.59456,0.00095,0.22794,-0.00051,0.70697,0.00056,0.70724,1,3,0.99535,0.09254,0.00225,-0.02653,0.08760,0.07834,0.63238,0,1
1768333698.468379,-0.02686,0.01147,-0.55009,0.00503,-0.00035,-0.00001,0.59456,0.00095,0.22794,-0.00051,0.70697,0.00056,0.70724,1,3,0.99535,0.09254,0.00225,-0.02653,0.08760,0.07834,0.63238,0,1
1768333698.470349,0.00245,-0.02620,-0.59451,0.00502,-0.00066,0.00074,0.59454,0.00095,0.22795,-0.00051,0.70696,0.00056,0.70725,1,3,0.99535,0.09254,0.00225,-0.02653,0.08760,0.07834,0.63238,0,1
1768333698.472345,-0.01890,-0.04134,-0.60934,0.00636,-0.00205,-0.00018,0.59453,0.00095,0.22795,-0.00051,0.70696,0.00056,0.70725,1,3,0.99535,0.09254,0.00225,-0.02653,0.08760,0.07834,0.63238,0,1
1768333698.474345,-0.00357,-0.01215,-0.53417,0.00737,-0.00163,0.00025,0.59453,0.00095,0.22795,-0.00051,0.70696,0.00056,0.70725,1,3,0.99535,0.09254,0.00225,-0.02653,0.08760,0.07834,0.63238,0,1
1768333698.476364,-0.01886,-0.00858,-0.46572,0.00501,-0.00030,0.00099,0.59451,0.00095,0.22795,-0.00051,0.70695,0.00056,0.70726,1,3,0.99535,0.09254,0.00225,-0.02653,0.08760,0.07834,0.63238,0,1
1768333698.478365,-0.01485,-0.01766,-0.53416,0.00468,0.00157,0.00093,0.59449,0.00095,0.22796,-0.00051,0.70695,0.00056,0.70726,1,3,0.99535,0.09254,0.00225,-0.02653,0.08760,0.07834,0.63238,0,1
1768333698.480331,0.02006,-0.00974,-0.73977,0.00806,0.00077,0.00033,0.59449,0.00095,0.22796,-0.00051,0.70695,0.00056,0.70726,1,3,0.99535,0.09254,0.00225,-0.02653,0.08760,0.07834,0.63238,0,1
1768333698.482351,-0.01237,-0.02437,-0.72385,0.00657,0.00092,0.00078,0.59448,0.00095,0.22796,-0.00051,0.70694,0.00056,0.70727,1,3,0.99535,0.09254,0.00225,-0.02653,0.08760,0.07834,0.63238,0,1
1768333698.484325,-0.02107,-0.02762,-0.59486,0.00784,-0.00001,-0.00018,0.59448,0.00095,0.22796,-0.00051,0.70694,0.00056,0.70727,1,3,0.99535,0.09254,0.00225,-0.02653,0.08760,0.07834,0.63238,0,1
1768333698.486332,-0.00658,-0.02675,-0.41255,0.00545,0.00095,0.00049,0.59446,0.00095,0.22796,-0.00051,0.70694,0.00056,0.70727,1,3,0.99535,0.09254,0.00225,-0.02653,0.08760,0.07834,0.63238,0,1
1768333698.488337,-0.02785,-0.02825,-0.45795,0.00587,0.00045,0.00034,0.59446,0.00095,0.22796,-0.00051,0.70694,0.00056,0.70727,1,3,0.99535,0.09254,0.00225,-0.02653,0.08760,0.07834,0.63238,0,1
1768333698.490350,-0.01068,0.00539,-0.61814,0.00496,0.00024,0.00086,0.59444,0.00095,0.22797,-0.00051,0.70693,0.00056,0.70728,1,3,0.99535,0.09254,0.00225,-0.02653,0.08760,0.07834,0.63238,0,1
1768333698.492350,0.00973,0.01643,-0.80104,0.00531,0.00113,0.00055,0.59444,0.00095,0.22797,-0.00051,0.70693,0.00056,0.70728,1,3,0.99535,0.09254,0.00225,-0.02653,0.08760,0.07834,0.63238,0,1
1768333698.494363,0.00364,-0.01446,-0.76987,0.00756,0.00072,0.00046,0.59444,0.00095,0.22797,-0.00051,0.70693,0.00056,0.70728,1,3,0.99535,0.09254,0.00225,-0.02653,0.08760,0.07834,0.63238,0,1
1768333698.496330,-0.00906,-0.05528,-0.52591,0.00838,0.00062,-0.00000,0.59444,0.00095,0.22797,-0.00051,0.70693,0.00056,0.70728,1,3,0.99535,0.09254,0.00225,-0.02653,0.08760,0.07834,0.63238,0,1
1768333698.498360,-0.00079,-0.01866,-0.39770,0.00467,-0.00015,-0.00031,0.59442,0.00095,0.22797,-0.00051,0.70693,0.00056,0.70728,1,3,0.99535,0.09254,0.00225,-0.02653,0.08760,0.07834,0.63238,0,1
1768333698.500370,0.00218,-0.03110,-0.41986,0.00540,-0.00016,0.00061,0.59442,0.00095,0.22797,-0.00051,0.70693,0.00056,0.70728,1,3,0.99535,0.09254,0.00225,-0.02653,0.08760,0.07834,0.63238,0,1
1768333698.502353,0.00229,0.01373,-0.69429,0.00528,-0.00132,0.00039,0.59441,0.00095,0.22797,-0.00051,0.70693,0.00056,0.70729,1,3,0.99535,0.09254,0.00225,-0.02653,0.08760,0.07834,0.63238,0,1
1768333698.504359,0.03015,0.01326,-0.85420,0.00571,0.00141,0.00076,0.59439,0.00095,0.22797,-0.00051,0.70693,0.00056,0.70728,1,3,0.99535,0.09254,0.00225,-0.02653,0.08760,0.07834,0.63238,0,1
1768333698.506347,0.00379,-0.03386,-0.75424,0.00776,0.00048,0.00021,0.59439,0.00095,0.22797,-0.00051,0.70693,0.00056,0.70728,1,3,0.99535,0.09254,0.00225,-0.02653,0.08760,0.07834,0.63238,0,1
1768333698.508348,-0.01799,-0.03228,-0.46512,0.00494,-0.00144,0.00047,0.59439,0.00095,0.22797,-0.00051,0.70693,0.00056,0.70728,1,3,0.99540,0.09231,0.00209,-0.02561,0.08753,0.07836,0.63243,0,1
1768333698.510357,-0.00547,-0.05483,-0.38888,0.00533,-0.00095,0.00011,0.59437,0.00095,0.22797,-0.00051,0.70693,0.00056,0.70729,1,3,0.99540,0.09231,0.00209,-0.02561,0.08753,0.07836,0.63243,0,1
1768333698.512353,0.02768,-0.07597,-0.54015,0.00529,-0.00067,0.00091,0.59437,0.00095,0.22797,-0.00051,0.70693,0.00056,0.70729,1,3,0.99540,0.09231,0.00209,-0.02561,0.08753,0.07836,0.63243,0,1
1768333698.514380,-0.00177,-0.04444,-0.62465,0.00480,0.00067,0.00059,0.59434,0.00095,0.22798,-0.00051,0.70692,0.00056,0.70729,1,3,0.99540,0.09231,0.00209,-0.02561,0.08753,0.07836,0.63243,0,1
1768333698.516372,-0.01206,-0.00116,-0.66423,0.00597,0.00292,0.00014,0.59434,0.00095,0.22798,-0.00051,0.70692,0.00056,0.70729,1,3,0.99540,0.09231,0.00209,-0.02561,0.08753,0.07836,0.63243,0,1
1768333698.518360,-0.00767,0.00757,-0.58049,0.00608,0.00108,0.00061,0.59433,0.00095,0.22798,-0.00051,0.70692,0.00056,0.70730,1,3,0.99540,0.09231,0.00209,-0.02561,0.08753,0.07836,0.63243,0,1
1768333698.520365,-0.00954,-0.02386,-0.52630,0.00439,-0.00015,0.00054,0.59433,0.00095,0.22798,-0.00051,0.70692,0.00056,0.70730,1,3,0.99540,0.09231,0.00209,-0.02561,0.08753,0.07836,0.63243,0,1
1768333698.522561,0.01097,-0.04169,-0.54868,0.00483,0.00001,0.00077,0.59431,0.00095,0.22798,-0.00051,0.70692,0.00056,0.70730,1,3,0.99540,0.09231,0.00209,-0.02561,0.08753,0.07836,0.63243,0,1
1768333698.524348,-0.02146,-0.03309,-0.60220,0.00777,0.00051,0.00035,0.59431,0.00095,0.22798,-0.00051,0.70692,0.00056,0.70730,1,3,0.99540,0.09231,0.00209,-0.02561,0.08753,0.07836,0.63243,0,1
1768333698.526408,-0.01116,-0.01864,-0.60250,0.00598,-0.00000,0.00034,0.59430,0.00095,0.22798,-0.00051,0.70691,0.00056,0.70730,1,3,0.99540,0.09231,0.00209,-0.02561,0.08753,0.07836,0.63243,0,1
1768333698.528368,0.00457,-0.02797,-0.61011,0.00762,-0.00045,-0.00022,0.59430,0.00095,0.22798,-0.00051,0.70691,0.00056,0.70730,1,3,0.99540,0.09231,0.00209,-0.02561,0.08753,0.07836,0.63243,0,1
1768333698.530400,-0.01913,-0.04195,-0.63224,0.00635,-0.00129,-0.00020,0.59428,0.00095,0.22798,-0.00051,0.70691,0.00056,0.70730,1,3,0.99540,0.09231,0.00209,-0.02561,0.08753,0.07836,0.63243,0,1
1768333698.532378,0.00013,-0.01789,-0.61030,0.00643,0.00190,0.00085,0.59428,0.00095,0.22798,-0.00051,0.70691,0.00056,0.70730,1,3,0.99540,0.09231,0.00209,-0.02561,0.08753,0.07836,0.63243,0,1
1768333698.534407,-0.01339,-0.01143,-0.54922,0.00389,-0.00048,0.00079,0.59428,0.00095,0.22798,-0.00051,0.70691,0.00056,0.70730,1,3,0.99540,0.09231,0.00209,-0.02561,0.08753,0.07836,0.63243,0,1
1768333698.536434,0.01168,-0.01705,-0.54142,0.00382,-0.00052,0.00131,0.59426,0.00095,0.22799,-0.00051,0.70691,0.00056,0.70731,1,3,0.99540,0.09231,0.00209,-0.02561,0.08753,0.07836,0.63243,0,1
1768333698.538380,-0.01225,-0.04248,-0.56374,0.00722,-0.00060,0.00065,0.59426,0.00095,0.22799,-0.00051,0.70691,0.00056,0.70731,1,3,0.99540,0.09231,0.00209,-0.02561,0.08753,0.07836,0.63243,0,1
1768333698.540367,-0.02254,-0.01107,-0.49624,0.00476,-0.00013,0.00044,0.59426,0.00095,0.22799,-0.00051,0.70691,0.00056,0.70731,1,3,0.99540,0.09231,0.00209,-0.02561,0.08753,0.07836,0.63243,0,1
1768333698.542385,-0.01640,-0.01352,-0.57185,0.00299,-0.00121,0.00065,0.59424,0.00095,0.22798,-0.00051,0.70691,0.00056,0.70730,1,3,0.99540,0.09231,0.00209,-0.02561,0.08753,0.07836,0.63243,0,1
1768333698.544375,-0.00488,-0.03134,-0.63223,0.00386,-0.00069,0.00086,0.59424,0.00095,0.22798,-0.00051,0.70691,0.00056,0.70730,1,3,0.99540,0.09231,0.00209,-0.02561,0.08753,0.07836,0.63243,0,1
1768333698.546413,-0.00342,-0.02935,-0.59473,0.00629,0.00093,0.00061,0.59423,0.00095,0.22799,-0.00051,0.70690,0.00056,0.70731,1,3,0.99540,0.09231,0.00209,-0.02561,0.08753,0.07836,0.63243,0,1
1768333698.548361,0.00509,-0.03850,-0.53386,0.00684,0.00019,0.00011,0.59423,0.00095,0.22799,-0.00051,0.70690,0.00056,0.70731,1,3,0.99540,0.09231,0.00209,-0.02561,0.08753,0.07836,0.63243,0,1
1768333698.550409,-0.00239,0.00494,-0.48931,0.00518,0.00101,0.00055,0.59421,0.00095,0.22799,-0.00051,0.70690,0.00056,0.70731,1,3,0.99540,0.09231,0.00209,-0.02561,0.08753,0.07836,0.63243,0,1
1768333698.552382,0.01480,-0.02942,-0.57947,0.00520,0.00008,0.00061,0.59421,0.00095,0.22799,-0.00051,0.70690,0.00056,0.70731,1,3,0.99540,0.09231,0.00209,-0.02561,0.08753,0.07836,0.63243,0,1
1768333698.554379,0.00151,-0.01676,-0.62539,0.00579,0.00023,0.00044,0.59419,0.00095,0.22799,-0.00051,0.70690,0.00056,0.70732,1,3,0.99546,0.09243,0.00236,-0.02242,0.08734,0.07839,0.63251,0,1
1768333698.556436,-0.01559,-0.03121,-0.60218,0.00605,0.00044,0.00048,0.59419,0.00095,0.22799,-0.00051,0.70690,0.00056,0.70732,1,3,0.99546,0.09243,0.00236,-0.02242,0.08734,0.07839,0.63251,0,1
1768333698.558393,-0.00303,-0.00980,-0.54955,0.00565,0.00091,0.00091,0.59418,0.00095,0.22799,-0.00051,0.70690,0.00056,0.70732,1,3,0.99546,0.09243,0.00236,-0.02242,0.08734,0.07839,0.63251,0,1
1768333698.560403,-0.00267,-0.03854,-0.54122,0.00596,0.00004,0.00052,0.59418,0.00095,0.22799,-0.00051,0.70690,0.00056,0.70732,1,3,0.99546,0.09243,0.00236,-0.02242,0.08734,0.07839,0.63251,0,1
1768333698.562405,-0.01894,-0.04916,-0.58647,0.00496,0.00101,0.00077,0.59416,0.00095,0.22799,-0.00051,0.70690,0.00056,0.70732,1,3,0.99546,0.09243,0.00236,-0.02242,0.08734,0.07839,0.63251,0,1
1768333698.564423,-0.00887,-0.02915,-0.62466,0.00345,-0.00039,0.00100,0.59416,0.00095,0.22799,-0.00051,0.70690,0.00056,0.70732,1,3,0.99546,0.09243,0.00236,-0.02242,0.08734,0.07839,0.63251,0,1
1768333698.566421,-0.02036,-0.03534,-0.57898,0.00316,-0.00140,0.00025,0.59414,0.00095,0.22800,-0.00051,0.70689,0.00056,0.70732,1,3,0.99546,0.09243,0.00236,-0.02242,0.08734,0.07839,0.63251,0,1
1768333698.568451,0.01019,-0.03672,-0.53391,0.00577,0.00051,0.00024,0.59412,0.00095,0.22800,-0.00051,0.70689,0.00056,0.70732,1,3,0.99546,0.09243,0.00236,-0.02242,0.08734,0.07839,0.63251,0,1
1768333698.570423,0.00112,-0.05247,-0.45689,0.00295,-0.00216,0.00060,0.59412,0.00095,0.22800,-0.00051,0.70689,0.00056,0.70732,1,3,0.99546,0.09243,0.00236,-0.02242,0.08734,0.07839,0.63251,0,1
1768333698.572448,-0.01215,-0.04270,-0.55653,0.00744,0.00002,-0.00016,0.59410,0.00095,0.22800,-0.00051,0.70689,0.00056,0.70733,1,3,0.99546,0.09243,0.00236,-0.02242,0.08734,0.07839,0.63251,0,1
1768333698.574437,-0.01184,0.01063,-0.63373,0.00634,0.00049,0.00031,0.59410,0.00095,0.22800,-0.00051,0.70689,0.00056,0.70733,1,3,0.99546,0.09243,0.00236,-0.02242,0.08734,0.07839,0.63251,0,1
1768333698.576430,-0.02166,-0.01377,-0.71675,0.00779,0.00089,0.00012,0.59408,0.00095,0.22800,-0.00051,0.70689,0.00056,0.70733,1,3,0.99546,0.09243,0.00236,-0.02242,0.08734,0.07839,0.63251,0,1
1768333698.578447,-0.02028,-0.01334,-0.66342,0.00670,-0.00002,0.00016,0.59408,0.00095,0.22800,-0.00051,0.70689,0.00056,0.70733,1,3,0.99546,0.09243,0.00236,-0.02242,0.08734,0.07839,0.63251,0,1
1768333698.580437,-0.00167,-0.04837,-0.44223,0.00519,-0.00010,0.00047,0.59407,0.00095,0.22800,-0.00051,0.70688,0.00056,0.70733,1,3,0.99546,0.09243,0.00236,-0.02242,0.08734,0.07839,0.63251,0,1
1768333698.582400,-0.01017,-0.02348,-0.50369,0.00527,-0.00015,0.00015,0.59407,0.00095,0.22800,-0.00051,0.70688,0.00056,0.70733,1,3,0.99546,0.09243,0.00236,-0.02242,0.08734,0.07839,0.63251,0,1
1768333698.584424,-0.01236,-0.03108,-0.53357,0.00321,-0.00074,0.00054,0.59405,0.00095,0.22801,-0.00051,0.70688,0.00056,0.70733,1,3,0.99546,0.09243,0.00236,-0.02242,0.08734,0.07839,0.63251,0,1
1768333698.586442,-0.02360,-0.03628,-0.61698,0.00533,0.00043,0.00102,0.59405,0.00095,0.22801,-0.00051,0.70688,0.00056,0.70733,1,3,0.99546,0.09243,0.00236,-0.02242,0.08734,0.07839,0.63251,0,1
1768333698.588409,-0.00899,-0.03620,-0.70069,0.00752,0.00051,0.00093,0.59403,0.00095,0.22801,-0.00051,0.70688,0.00056,0.70733,1,3,0.99546,0.09243,0.00236,-0.02242,0.08734,0.07839,0.63251,0,1
1768333698.590414,-0.01253,-0.00912,-0.62563,0.00697,0.00077,0.00045,0.59403,0.00095,0.22801,-0.00051,0.70688,0.00056,0.70733,1,3,0.99546,0.09243,0.00236,-0.02242,0.08734,0.07839,0.63251,0,1
1768333698.592445,-0.00364,-0.04841,-0.56389,0.00693,0.00044,0.00037,0.59401,0.00095,0.22801,-0.00051,0.70688,0.00056,0.70734,1,3,0.99546,0.09243,0.00236,-0.02242,0.08734,0.07839,0.63251,0,1
1768333698.594475,-0.02050,-0.05732,-0.51019,0.00704,-0.00024,0.00070,0.59401,0.00095,0.22801,-0.00051,0.70688,0.00056,0.70734,1,3,0.99546,0.09243,0.00236,-0.02242,0.08734,0.07839,0.63251,0,1
1768333698.596479,-0.01844,-0.02860,-0.52611,0.00477,-0.00003,0.00068,0.59401,0.00095,0.22801,-0.00051,0.70688,0.00056,0.70734,1,3,0.99546,0.09243,0.00236,-0.02242,0.08734,0.07839,0.63251,0,1
1768333698.598511,0.00099,-0.00685,-0.61820,0.00634,0.00048,0.00018,0.59399,0.00095,0.22801,-0.00051,0.70687,0.00056,0.70734,1,3,0.99546,0.09243,0.00236,-0.02242,0.08734,0.07839,0.63251,0,1
1768333698.600478,-0.01532,-0.00694,-0.64853,0.00568,0.00080,0.00017,0.59399,0.00095,0.22801,-0.00051,0.70687,0.00056,0.70734,1,3,0.99546,0.09243,0.00236,-0.02242,0.08734,0.07839,0.63251,0,1
1768333698.602435,0.01503,0.00032,-0.62575,0.00490,-0.00033,0.00056,0.59397,0.00095,0.22801,-0.00051,0.70687,0.00056,0.70734,1,3,0.99546,0.09243,0.00236,-0.02242,0.08734,0.07839,0.63251,0,1
1768333698.604518,-0.01685,-0.03890,-0.51809,0.00312,-0.00017,0.00096,0.59397,0.00095,0.22801,-0.00051,0.70687,0.00056,0.70734,1,3,0.99545,0.09170,0.00427,-0.02557,0.08716,0.07831,0.63187,0,1
1768333698.606449,0.00014,-0.03749,-0.47268,0.00401,-0.00191,0.00018,0.59395,0.00095,0.22801,-0.00051,0.70687,0.00056,0.70734,1,3,0.99545,0.09170,0.00427,-0.02557,0.08716,0.07831,0.63187,0,1
1768333698.608439,0.01422,-0.04451,-0.54881,0.00567,0.00073,0.00063,0.59395,0.00095,0.22801,-0.00051,0.70687,0.00056,0.70734,1,3,0.99545,0.09170,0.00427,-0.02557,0.08716,0.07831,0.63187,0,1
1768333698.610442,0.00174,0.00746,-0.57303,0.00543,0.00083,0.00021,0.59394,0.00095,0.22802,-0.00051,0.70687,0.00056,0.70735,1,3,0.99545,0.09170,0.00427,-0.02557,0.08716,0.07831,0.63187,0,1
1768333698.612451,0.00937,0.00199,-0.58041,0.00580,0.00126,0.00073,0.59392,0.00095,0.22802,-0.00051,0.70687,0.00056,0.70735,1,3,0.99545,0.09170,0.00427,-0.02557,0.08716,0.07831,0.63187,0,1
1768333698.614444,-0.00436,0.00489,-0.61097,0.00692,0.00155,0.00045,0.59392,0.00095,0.22802,-0.00051,0.70687,0.00056,0.70735,1,3,0.99545,0.09170,0.00427,-0.02557,0.08716,0.07831,0.63187,0,1
1768333698.616450,0.01778,0.01727,-0.60351,0.00598,0.00039,0.00070,0.59390,0.00095,0.22802,-0.00051,0.70686,0.00056,0.70735,1,3,0.99545,0.09170,0.00427,-0.02557,0.08716,0.07831,0.63187,0,1
1768333698.618442,0.00597,-0.03026,-0.58722,0.00519,0.00145,0.00060,0.59390,0.00095,0.22802,-0.00051,0.70686,0.00056,0.70735,1,3,0.99545,0.09170,0.00427,-0.02557,0.08716,0.07831,0.63187,0,1
1768333698.620437,-0.00345,-0.00529,-0.58780,0.00593,0.00155,0.00074,0.59388,0.00095,0.22802,-0.00051,0.70686,0.00056,0.70735,1,3,0.99545,0.09170,0.00427,-0.02557,0.08716,0.07831,0.63187,0,1
1768333698.622430,0.00643,-0.03461,-0.60987,0.00513,0.00069,0.00032,0.59388,0.00095,0.22802,-0.00051,0.70686,0.00056,0.70735,1,3,0.99545,0.09170,0.00427,-0.02557,0.08716,0.07831,0.63187,0,1
1768333698.624444,-0.00319,-0.01892,-0.57945,0.00598,-0.00009,0.00116,0.59386,0.00095,0.22802,-0.00051,0.70686,0.00056,0.70735,1,3,0.99545,0.09170,0.00427,-0.02557,0.08716,0.07831,0.63187,0,1
1768333698.626430,-0.01207,-0.04032,-0.56345,0.00310,-0.00174,0.00079,0.59386,0.00095,0.22802,-0.00051,0.70686,0.00056,0.70735,1,3,0.99545,0.09170,0.00427,-0.02557,0.08716,0.07831,0.63187,0,1
1768333698.628435,-0.00291,-0.01441,-0.59505,0.00582,0.00053,0.00060,0.59384,0.00095,0.22803,-0.00051,0.70686,0.00056,0.70736,1,3,0.99545,0.09170,0.00427,-0.02557,0.08716,0.07831,0.63187,0,1
1768333698.630460,0.01056,-0.02731,-0.57175,0.00479,0.00039,0.00115,0.59384,0.00095,0.22803,-0.00051,0.70686,0.00056,0.70736,1,3,0.99545,0.09170,0.00427,-0.02557,0.08716,0.07831,0.63187,0,1
1768333698.632435,0.00684,-0.02927,-0.60978,0.00476,-0.00008,0.00059,0.59384,0.00095,0.22803,-0.00051,0.70686,0.00056,0.70736,1,3,0.99545,0.09170,0.00427,-0.02557,0.08716,0.07831,0.63187,0,1
1768333698.634455,-0.00840,-0.03574,-0.64018,0.00752,0.00023,0.00018,0.59382,0.00095,0.22802,-0.00051,0.70686,0.00056,0.70736,1,3,0.99545,0.09170,0.00427,-0.02557,0.08716,0.07831,0.63187,0,1
1768333698.636449,0.00094,-0.04055,-0.59418,0.00659,-0.00063,0.00075,0.59382,0.00095,0.22802,-0.00051,0.70686,0.00056,0.70736,1,3,0.99545,0.09170,0.00427,-0.02557,0.08716,0.07831,0.63187,0,1
1768333698.638463,0.00151,-0.04586,-0.53344,0.00609,-0.00013,0.00053,0.59380,0.00095,0.22802,-0.00051,0.70686,0.00056,0.70735,1,3,0.99545,0.09170,0.00427,-0.02557,0.08716,0.07831,0.63187,0,1
1768333698.640459,-0.00312,-0.02857,-0.57940,0.00630,-0.00009,0.00062,0.59380,0.00095,0.22802,-0.00051,0.70686,0.00056,0.70735,1,3,0.99545,0.09170,0.00427,-0.02557,0.08716,0.07831,0.63187,0,1
1768333698.642465,-0.00894,-0.04862,-0.55554,0.00344,-0.00075,0.00160,0.59378,0.00095,0.22803,-0.00051,0.70686,0.00056,0.70736,1,3,0.99545,0.09150,0.00440,-0.02617,0.08705,0.07840,0.63231,0,1
1768333698.644472,-0.00329,-0.00915,-0.62559,0.00632,0.00028,0.00044,0.59378,0.00095,0.22803,-0.00051,0.70686,0.00056,0.70736,1,3,0.99545,0.09150,0.00440,-0.02617,0.08705,0.07840,0.63231,0,1
1768333698.646455,-0.01566,-0.02649,-0.60981,0.00589,0.00057,0.00074,0.59376,0.00095,0.22803,-0.00051,0.70686,0.00056,0.70736,1,3,0.99545,0.09150,0.00440,-0.02617,0.08705,0.07840,0.63231,0,1
1768333698.648460,-0.00197,-0.01875,-0.52653,0.00533,-0.00024,0.00039,0.59376,0.00095,0.22803,-0.00051,0.70686,0.00056,0.70736,1,3,0.99545,0.09150,0.00440,-0.02617,0.08705,0.07840,0.63231,0,1
1768333698.650465,0.00249,-0.02164,-0.54937,0.00507,0.00008,0.00024,0.59374,0.00095,0.22803,-0.00051,0.70685,0.00056,0.70736,1,3,0.99545,0.09150,0.00440,-0.02617,0.08705,0.07840,0.63231,0,1
1768333698.652453,0.00123,-0.00259,-0.58792,0.00574,0.00111,0.00047,0.59374,0.00095,0.22803,-0.00051,0.70685,0.00056,0.70736,1,3,0.99545,0.09150,0.00440,-0.02617,0.08705,0.07840,0.63231,0,1
1768333698.654482,-0.00325,-0.02466,-0.64032,0.00591,0.00093,0.00084,0.59372,0.00095,0.22803,-0.00051,0.70685,0.00056,0.70736,1,3,0.99545,0.09150,0.00440,-0.02617,0.08705,0.07840,0.63231,0,1
1768333698.656469,-0.00392,-0.00894,-0.63301,0.00676,0.00004,0.00084,0.59372,0.00095,0.22803,-0.00051,0.70685,0.00056,0.70736,1,3,0.99545,0.09150,0.00440,-0.02617,0.08705,0.07840,0.63231,0,1
1768333698.658455,0.01416,-0.04894,-0.58670,0.00605,0.00022,0.00034,0.59370,0.00095,0.22804,-0.00051,0.70685,0.00056,0.70737,1,3,0.99545,0.09150,0.00440,-0.02617,0.08705,0.07840,0.63231,0,1
1768333698.660506,-0.00832,-0.03132,-0.57174,0.00692,0.00062,0.00090,0.59368,0.00095,0.22804,-0.00051,0.70685,0.00056,0.70737,1,3,0.99545,0.09150,0.00440,-0.02617,0.08705,0.07840,0.63231,0,1
1768333698.662502,-0.00222,-0.01815,-0.59480,0.00577,-0.00100,0.00034,0.59368,0.00095,0.22804,-0.00051,0.70685,0.00056,0.70737,1,3,0.99545,0.09150,0.00440,-0.02617,0.08705,0.07840,0.63231,0,1
1768333698.664468,-0.01962,-0.03848,-0.62455,0.00574,0.00013,0.00088,0.59366,0.00095,0.22804,-0.00051,0.70684,0.00056,0.70737,1,3,0.99545,0.09150,0.00440,-0.02617,0.08705,0.07840,0.63231,0,1
1768333698.666458,0.00912,-0.04061,-0.61736,0.00725,-0.00036,-0.00009,0.59366,0.00095,0.22804,-0.00051,0.70684,0.00056,0.70737,1,3,0.99545,0.09150,0.00440,-0.02617,0.08705,0.07840,0.63231,0,1
1768333698.668483,0.00969,-0.02683,-0.49617,0.00610,0.00063,0.00040,0.59364,0.00095,0.22804,-0.00051,0.70684,0.00056,0.70737,1,3,0.99545,0.09150,0.00440,-0.02617,0.08705,0.07840,0.63231,0,1
1768333698.670483,0.01083,0.00773,-0.47423,0.00499,0.00021,0.00028,0.59364,0.00095,0.22804,-0.00051,0.70684,0.00056,0.70737,1,3,0.99545,0.09150,0.00440,-0.02617,0.08705,0.07840,0.63231,0,1
1768333698.672498,0.01070,-0.02316,-0.57223,0.00462,0.00152,0.00061,0.59362,0.00095,0.22804,-0.00051,0.70684,0.00056,0.70738,1,3,0.99545,0.09150,0.00440,-0.02617,0.08705,0.07840,0.63231,0,1
1768333698.674479,0.00855,-0.00699,-0.71666,0.00678,0.00015,0.00090,0.59362,0.00095,0.22804,-0.00051,0.70684,0.00056,0.70738,1,3,0.99545,0.09150,0.00440,-0.02617,0.08705,0.07840,0.63231,0,1
1768333698.676488,0.01401,0.01433,-0.72486,0.00529,0.00058,0.00088,0.59362,0.00095,0.22804,-0.00051,0.70684,0.00056,0.70738,1,3,0.99545,0.09150,0.00440,-0.02617,0.08705,0.07840,0.63231,0,1
1768333698.678475,-0.03329,0.00587,-0.61005,0.00235,-0.00075,0.00130,0.59360,0.00095,0.22805,-0.00051,0.70683,0.00056,0.70738,1,3,0.99545,0.09150,0.00440,-0.02617,0.08705,0.07840,0.63231,0,1
1768333698.680471,-0.00095,-0.02856,-0.54904,0.00455,-0.00063,0.00025,0.59360,0.00095,0.22805,-0.00051,0.70683,0.00056,0.70738,1,3,0.99545,0.09150,0.00440,-0.02617,0.08705,0.07840,0.63231,0,1
1768333698.682491,-0.00134,-0.02272,-0.51096,0.00506,-0.00164,0.00055,0.59358,0.00095,0.22805,-0.00051,0.70683,0.00056,0.70738,1,3,0.99549,0.09118,0.00412,-0.02572,0.08697,0.07843,0.63242,0,1
1768333698.684486,-0.01697,-0.03885,-0.60193,0.00836,-0.00144,-0.00005,0.59358,0.00095,0.22805,-0.00051,0.70683,0.00056,0.70738,1,3,0.99549,0.09118,0.00412,-0.02572,0.08697,0.07843,0.63242,0,1
1768333698.686496,-0.00374,-0.03762,-0.65489,0.00706,-0.00108,0.00084,0.59356,0.00095,0.22805,-0.00051,0.70683,0.00056,0.70738,1,3,0.99549,0.09118,0.00412,-0.02572,0.08697,0.07843,0.63242,0,1
1768333698.688481,0.00542,-0.04276,-0.65487,0.00656,-0.00119,0.00056,0.59356,0.00095,0.22805,-0.00051,0.70683,0.00056,0.70738,1,3,0.99549,0.09118,0.00412,-0.02572,0.08697,0.07843,0.63242,0,1
1768333698.690482,0.00133,-0.04507,-0.60927,0.00654,-0.00114,0.00047,0.59354,0.00095,0.22804,-0.00051,0.70684,0.00056,0.70738,1,3,0.99549,0.09118,0.00412,-0.02572,0.08697,0.07843,0.63242,0,1
1768333698.692497,0.00931,-0.05013,-0.53321,0.00691,-0.00098,0.00065,0.59352,0.00095,0.22805,-0.00051,0.70683,0.00056,0.70738,1,3,0.99549,0.09118,0.00412,-0.02572,0.08697,0.07843,0.63242,0,1
1768333698.694513,-0.01554,-0.02044,-0.54925,0.00640,-0.00046,0.00025,0.59352,0.00095,0.22805,-0.00051,0.70683,0.00056,0.70738,1,3,0.99549,0.09118,0.00412,-0.02572,0.08697,0.07843,0.63242,0,1
1768333698.696512,-0.01554,-0.01554,-0.56444,0.00624,-0.00059,0.00051,0.59350,0.00095,0.22804,-0.00051,0.70684,0.00056,0.70738,1,3,0.99549,0.09118,0.00412,-0.02572,0.08697,0.07843,0.63242,0,1
1768333698.698493,0.01972,-0.01057,-0.61011,0.00521,-0.00216,0.00031,0.59350,0.00095,0.22804,-0.00051,0.70684,0.00056,0.70738,1,3,0.99549,0.09118,0.00412,-0.02572,0.08697,0.07843,0.63242,0,1
1768333698.700571,-0.00750,-0.02613,-0.62498,0.00633,-0.00003,0.00072,0.59348,0.00095,0.22805,-0.00051,0.70683,0.00056,0.70738,1,3,0.99549,0.09118,0.00412,-0.02572,0.08697,0.07843,0.63242,0,1
1768333698.702564,-0.01117,-0.00810,-0.53424,0.00611,-0.00077,0.00053,0.59348,0.00095,0.22805,-0.00051,0.70683,0.00056,0.70738,1,3,0.99549,0.09118,0.00412,-0.02572,0.08697,0.07843,0.63242,0,1
1768333698.704618,0.00418,-0.04271,-0.51067,0.00766,-0.00055,0.00067,0.59346,0.00095,0.22804,-0.00051,0.70683,0.00056,0.70738,1,3,0.99549,0.09118,0.00412,-0.02572,0.08697,0.07843,0.63242,0,1
1768333698.706557,0.01841,-0.01830,-0.50415,0.00533,0.00179,0.00052,0.59346,0.00095,0.22804,-0.00051,0.70683,0.00056,0.70738,1,3,0.99549,0.09118,0.00412,-0.02572,0.08697,0.07843,0.63242,0,1
1768333698.708576,0.01386,-0.01508,-0.62555,0.00581,0.00084,0.00056,0.59344,0.00095,0.22805,-0.00051,0.70683,0.00056,0.70738,1,3,0.99549,0.09118,0.00412,-0.02572,0.08697,0.07843,0.63242,0,1
1768333698.710596,-0.00793,0.00185,-0.69436,0.00601,0.00186,0.00066,0.59344,0.00095,0.22805,-0.00051,0.70683,0.00056,0.70738,1,3,0.99549,0.09118,0.00412,-0.02572,0.08697,0.07843,0.63242,0,1
1768333698.712594,0.01892,-0.01269,-0.61810,0.00518,0.00065,0.00030,0.59344,0.00095,0.22805,-0.00051,0.70683,0.00056,0.70738,1,3,0.99549,0.09118,0.00412,-0.02572,0.08697,0.07843,0.63242,0,1
1768333698.714564,-0.00440,-0.02632,-0.51846,0.00349,-0.00071,0.00081,0.59342,0.00095,0.22805,-0.00051,0.70683,0.00056,0.70738,1,3,0.99549,0.09118,0.00412,-0.02572,0.08697,0.07843,0.63242,0,1
1768333698.716577,-0.01687,-0.03927,-0.47271,0.00792,-0.00094,0.00045,0.59342,0.00095,0.22805,-0.00051,0.70683,0.00056,0.70738,1,3,0.99549,0.09118,0.00412,-0.02572,0.08697,0.07843,0.63242,0,1
1768333698.718557,0.00116,-0.03056,-0.46541,0.00650,-0.00053,0.00058,0.59339,0.00095,0.22805,-0.00051,0.70683,0.00056,0.70738,1,3,0.99549,0.09118,0.00412,-0.02572,0.08697,0.07843,0.63242,0,1
1768333698.720562,-0.00240,0.00054,-0.59536,0.00534,0.00013,0.00060,0.59339,0.00095,0.22805,-0.00051,0.70683,0.00056,0.70738,1,3,0.99549,0.09118,0.00412,-0.02572,0.08697,0.07843,0.63242,0,1
1768333698.722578,0.02852,-0.00995,-0.75481,0.00784,0.00055,0.00071,0.59337,0.00095,0.22805,-0.00051,0.70683,0.00056,0.70738,1,3,0.99553,0.09105,0.00395,-0.02493,0.08684,0.07843,0.63233,0,1
1768333698.724589,-0.01152,-0.00410,-0.68648,0.00616,0.00025,0.00027,0.59337,0.00095,0.22805,-0.00051,0.70683,0.00056,0.70738,1,3,0.99553,0.09105,0.00395,-0.02493,0.08684,0.07843,0.63233,0,1
1768333698.726649,0.00343,-0.02283,-0.61017,0.00855,-0.00043,0.00005,0.59335,0.00095,0.22805,-0.00051,0.70683,0.00056,0.70738,1,3,0.99553,0.09105,0.00395,-0.02493,0.08684,0.07843,0.63233,0,1
1768333698.728629,-0.00276,-0.04302,-0.48040,0.00634,-0.00022,0.00030,0.59335,0.00095,0.22805,-0.00051,0.70683,0.00056,0.70738,1,3,0.99553,0.09105,0.00395,-0.02493,0.08684,0.07843,0.63233,0,1
1768333698.730572,0.00260,-0.02191,-0.53439,0.00507,0.00058,-0.00016,0.59333,0.00095,0.22805,-0.00051,0.70683,0.00056,0.70738,1,3,0.99553,0.09105,0.00395,-0.02493,0.08684,0.07843,0.63233,0,1
1768333698.732564,-0.01579,-0.05600,-0.66981,0.00618,0.00048,0.00071,0.59330,0.00095,0.22805,-0.00051,0.70683,0.00056,0.70738,1,3,0.99553,0.09105,0.00395,-0.02493,0.08684,0.07843,0.63233,0,1
1768333698.734554,0.01141,-0.05980,-0.63896,0.00505,-0.00226,0.00085,0.59330,0.00095,0.22805,-0.00051,0.70683,0.00056,0.70738,1,3,0.99553,0.09105,0.00395,-0.02493,0.08684,0.07843,0.63233,0,1
1768333698.736613,-0.02882,-0.05113,-0.57109,0.00755,-0.00142,0.00013,0.59328,0.00095,0.22805,-0.00051,0.70683,0.00056,0.70738,1,3,0.99553,0.09105,0.00395,-0.02493,0.08684,0.07843,0.63233,0,1
1768333698.738603,-0.02084,-0.05741,-0.50300,0.00770,0.00038,-0.00010,0.59328,0.00095,0.22805,-0.00051,0.70683,0.00056,0.70738,1,3,0.99553,0.09105,0.00395,-0.02493,0.08684,0.07843,0.63233,0,1
1768333698.740572,-0.00480,-0.05386,-0.53350,0.00774,0.00147,0.00053,0.59326,0.00095,0.22805,-0.00051,0.70683,0.00056,0.70738,1,3,0.99553,0.09105,0.00395,-0.02493,0.08684,0.07843,0.63233,0,1
1768333698.742520,0.02309,-0.02880,-0.64756,0.00543,-0.00115,0.00095,0.59326,0.00095,0.22805,-0.00051,0.70683,0.00056,0.70738,1,3,0.99553,0.09105,0.00395,-0.02493,0.08684,0.07843,0.63233,0,1
1768333698.744536,-0.00319,-0.00851,-0.69328,0.00589,-0.00122,0.00161,0.59324,0.00095,0.22805,-0.00051,0.70683,0.00056,0.70738,1,3,0.99553,0.09105,0.00395,-0.02493,0.08684,0.07843,0.63233,0,1
1768333698.746514,-0.00445,-0.00967,-0.58760,0.00697,0.00119,0.00088,0.59324,0.00095,0.22805,-0.00051,0.70683,0.00056,0.70738,1,3,0.99553,0.09105,0.00395,-0.02493,0.08684,0.07843,0.63233,0,1
1768333698.748514,-0.01727,-0.02038,-0.52677,0.00815,0.00031,-0.00014,0.59322,0.00095,0.22805,-0.00051,0.70683,0.00056,0.70739,1,3,0.99553,0.09105,0.00395,-0.02493,0.08684,0.07843,0.63233,0,1
1768333698.750539,-0.02983,-0.04268,-0.56380,0.00766,0.00037,0.00066,0.59322,0.00095,0.22805,-0.00051,0.70683,0.00056,0.70739,1,3,0.99553,0.09105,0.00395,-0.02493,0.08684,0.07843,0.63233,0,1
1768333698.752528,0.00367,-0.04284,-0.69299,0.00809,-0.00053,0.00053,0.59322,0.00095,0.22805,-0.00051,0.70683,0.00056,0.70739,1,3,0.99553,0.09105,0.00395,-0.02493,0.08684,0.07843,0.63233,0,1
1768333698.754530,-0.01755,-0.03986,-0.70826,0.00834,-0.00041,0.00027,0.59319,0.00095,0.22805,-0.00051,0.70682,0.00056,0.70739,1,3,0.99553,0.09105,0.00395,-0.02493,0.08684,0.07843,0.63233,0,1
1768333698.756527,-0.00859,-0.03490,-0.54894,0.00797,-0.00053,0.00025,0.59319,0.00095,0.22805,-0.00051,0.70682,0.00056,0.70739,1,3,0.99553,0.09105,0.00395,-0.02493,0.08684,0.07843,0.63233,0,1
1768333698.758530,0.00388,-0.02199,-0.44264,0.00332,-0.00018,0.00113,0.59317,0.00095,0.22805,-0.00051,0.70682,0.00056,0.70739,1,3,0.99553,0.09105,0.00395,-0.02493,0.08684,0.07843,0.63233,0,1
1768333698.760666,0.00174,-0.02804,-0.54169,0.00500,0.00188,0.00078,0.59317,0.00095,0.22805,-0.00051,0.70682,0.00056,0.70739,1,3,0.99560,0.09081,0.00277,-0.02280,0.08682,0.07851,0.63289,0,1
1768333698.762610,0.00726,-0.04174,-0.69343,0.00832,0.00132,0.00025,0.59317,0.00095,0.22805,-0.00051,0.70682,0.00056,0.70739,1,3,0.99560,0.09081,0.00277,-0.02280,0.08682,0.07851,0.63289,0,1
1768333698.764608,-0.00064,-0.04075,-0.64767,0.00812,0.00027,0.00030,0.59315,0.00095,0.22805,-0.00051,0.70682,0.00056,0.70739,1,3,0.99560,0.09081,0.00277,-0.02280,0.08682,0.07851,0.63289,0,1
1768333698.766603,-0.00506,-0.00424,-0.51959,0.00791,0.00118,0.00039,0.59315,0.00095,0.22805,-0.00051,0.70682,0.00056,0.70739,1,3,0.99560,0.09081,0.00277,-0.02280,0.08682,0.07851,0.63289,0,1
1768333698.768564,-0.01505,-0.01817,-0.48870,0.00468,0.00233,0.00097,0.59313,0.00095,0.22805,-0.00051,0.70682,0.00056,0.70739,1,3,0.99560,0.09081,0.00277,-0.02280,0.08682,0.07851,0.63289,0,1
1768333698.770544,-0.01557,-0.02316,-0.66358,0.00549,0.00260,0.00016,0.59313,0.00095,0.22805,-0.00051,0.70682,0.00056,0.70739,1,3,0.99560,0.09081,0.00277,-0.02280,0.08682,0.07851,0.63289,0,1
1768333698.772551,0.00181,-0.01684,-0.74652,0.00513,-0.00039,0.00116,0.59308,0.00095,0.22805,-0.00051,0.70682,0.00056,0.70739,1,3,0.99560,0.09081,0.00277,-0.02280,0.08682,0.07851,0.63289,0,1
1768333698.774549,0.00265,-0.04059,-0.64721,0.00506,-0.00128,0.00071,0.59308,0.00095,0.22805,-0.00051,0.70682,0.00056,0.70739,1,3,0.99560,0.09081,0.00277,-0.02280,0.08682,0.07851,0.63289,0,1
1768333698.776545,-0.00463,-0.01378,-0.47339,0.00736,0.00042,0.00110,0.59306,0.00095,0.22805,-0.00051,0.70682,0.00056,0.70739,1,3,0.99560,0.09081,0.00277,-0.02280,0.08682,0.07851,0.63289,0,1
1768333698.778549,-0.01561,-0.05715,-0.38865,0.00311,-0.00159,-0.00000,0.59306,0.00095,0.22805,-0.00051,0.70682,0.00056,0.70739,1,3,0.99560,0.09081,0.00277,-0.02280,0.08682,0.07851,0.63289,0,1
1768333698.780574,0.01718,-0.03064,-0.53386,0.00737,-0.00072,0.00050,0.59304,0.00095,0.22805,-0.00051,0.70682,0.00056,0.70739,1,3,0.99560,0.09081,0.00277,-0.02280,0.08682,0.07851,0.63289,0,1
1768333698.782561,0.03268,-0.02585,-0.76201,0.00874,-0.00089,0.00017,0.59304,0.00095,0.22805,-0.00051,0.70682,0.00056,0.70739,1,3,0.99560,0.09081,0.00277,-0.02280,0.08682,0.07851,0.63289,0,1
1768333698.784582,-0.00094,-0.03105,-0.76181,0.00823,0.00028,0.00034,0.59301,0.00095,0.22805,-0.00051,0.70682,0.00056,0.70739,1,3,0.99560,0.09081,0.00277,-0.02280,0.08682,0.07851,0.63289,0,1
1768333698.786575,-0.00893,-0.06136,-0.62444,0.00765,0.00153,0.00046,0.59301,0.00095,0.22805,-0.00051,0.70682,0.00056,0.70739,1,3,0.99560,0.09081,0.00277,-0.02280,0.08682,0.07851,0.63289,0,1
1768333698.788571,-0.02573,-0.04707,-0.41912,0.00433,-0.00134,0.00052,0.59301,0.00095,0.22805,-0.00051,0.70682,0.00056,0.70739,1,3,0.99560,0.09081,0.00277,-0.02280,0.08682,0.07851,0.63289,0,1
1768333698.790557,0.00187,-0.04341,-0.47264,0.00699,-0.00270,-0.00023,0.59301,0.00095,0.22805,-0.00051,0.70682,0.00056,0.70739,1,3,0.99560,0.09081,0.00277,-0.02280,0.08682,0.07851,0.63289,0,1
1768333698.792557,0.00164,-0.03072,-0.57913,0.00584,-0.00090,0.00089,0.59299,0.00095,0.22805,-0.00051,0.70682,0.00056,0.70739,1,3,0.99560,0.09081,0.00277,-0.02280,0.08682,0.07851,0.63289,0,1
1768333698.794564,-0.01290,0.00530,-0.74741,0.00693,0.00091,0.00075,0.59299,0.00095,0.22805,-0.00051,0.70682,0.00056,0.70739,1,3,0.99560,0.09081,0.00277,-0.02280,0.08682,0.07851,0.63289,0,1
1768333698.796565,0.00292,-0.02864,-0.72389,0.00848,0.00036,0.00050,0.59297,0.00095,0.22805,-0.00051,0.70682,0.00056,0.70739,1,3,0.99560,0.09081,0.00277,-0.02280,0.08682,0.07851,0.63289,0,1
1768333698.798558,-0.01726,-0.04022,-0.51103,0.00812,0.00046,0.00002,0.59297,0.00095,0.22805,-0.00051,0.70682,0.00056,0.70739,1,3,0.99560,0.09081,0.00277,-0.02280,0.08682,0.07851,0.63289,0,1
1768333698.800591,0.00595,0.00592,-0.39064,0.00585,0.00001,0.00021,0.59295,0.00095,0.22805,-0.00051,0.70682,0.00056,0.70739,1,3,0.99567,0.09003,-0.00060,-0.02292,0.08672,0.07854,0.63308,0,1
1768333698.802562,-0.00652,-0.03223,-0.55692,0.00538,0.00147,0.00010,0.59295,0.00095,0.22805,-0.00051,0.70682,0.00056,0.70739,1,3,0.99567,0.09003,-0.00060,-0.02292,0.08672,0.07854,0.63308,0,1
1768333698.804572,-0.00957,-0.02212,-0.74696,0.00790,0.00165,0.00049,0.59292,0.00095,0.22805,-0.00051,0.70682,0.00056,0.70739,1,3,0.99567,0.09003,-0.00060,-0.02292,0.08672,0.07854,0.63308,0,1
1768333698.806574,-0.01880,-0.03830,-0.70040,0.00509,-0.00051,0.00082,0.59292,0.00095,0.22805,-0.00051,0.70682,0.00056,0.70739,1,3,0.99567,0.09003,-0.00060,-0.02292,0.08672,0.07854,0.63308,0,1
1768333698.808568,-0.00716,-0.01081,-0.56486,0.00651,-0.00032,-0.00004,0.59290,0.00095,0.22805,-0.00051,0.70682,0.00056,0.70739,1,3,0.99567,0.09003,-0.00060,-0.02292,0.08672,0.07854,0.63308,0,1
1768333698.810613,-0.01544,-0.04852,-0.44212,0.00715,-0.00185,-0.00005,0.59290,0.00095,0.22805,-0.00051,0.70682,0.00056,0.70739,1,3,0.99567,0.09003,-0.00060,-0.02292,0.08672,0.07854,0.63308,0,1
1768333698.812600,-0.01953,-0.00404,-0.46602,0.00550,0.00046,0.00086,0.59288,0.00095,0.22806,-0.00051,0.70682,0.00056,0.70740,1,3,0.99567,0.09003,-0.00060,-0.02292,0.08672,0.07854,0.63308,0,1
1768333698.814609,0.02486,-0.02229,-0.74716,0.00769,0.00084,0.00005,0.59285,0.00095,0.22805,-0.00051,0.70682,0.00056,0.70739,1,3,0.99567,0.09003,-0.00060,-0.02292,0.08672,0.07854,0.63308,0,1
1768333698.816608,0.03396,-0.00853,-0.82342,0.00654,0.00124,0.00038,0.59285,0.00095,0.22805,-0.00051,0.70682,0.00056,0.70739,1,3,0.99567,0.09003,-0.00060,-0.02292,0.08672,0.07854,0.63308,0,1
1768333698.818612,0.03183,-0.03564,-0.69359,0.00490,0.00102,0.00023,0.59283,0.00095,0.22805,-0.00051,0.70682,0.00056,0.70739,1,3,0.99567,0.09003,-0.00060,-0.02292,0.08672,0.07854,0.63308,0,1
1768333698.820627,-0.00917,-0.04212,-0.48822,0.00745,0.00227,0.00083,0.59283,0.00095,0.22805,-0.00051,0.70682,0.00056,0.70739,1,3,0.99567,0.09003,-0.00060,-0.02292,0.08672,0.07854,0.63308,0,1
1768333698.822581,-0.00511,-0.05753,-0.43478,0.00879,0.00057,-0.00007,0.59281,0.00095,0.22805,-0.00051,0.70682,0.00056,0.70739,1,3,0.99567,0.09003,-0.00060,-0.02292,0.08672,0.07854,0.63308,0,1
1768333698.824612,-0.00330,-0.01339,-0.52675,0.00670,-0.00024,0.00026,0.59278,0.00095,0.22805,-0.00051,0.70682,0.00056,0.70739,1,3,0.99567,0.09003,-0.00060,-0.02292,0.08672,0.07854,0.63308,0,1
1768333698.826582,-0.01632,-0.03995,-0.70041,0.00703,-0.00092,0.00068,0.59278,0.00095,0.22805,-0.00051,0.70682,0.00056,0.70739,1,3,0.99567,0.09003,-0.00060,-0.02292,0.08672,0.07854,0.63308,0,1
1768333698.828602,-0.00271,-0.04176,-0.79226,0.00963,0.00196,0.00018,0.59278,0.00095,0.22805,-0.00051,0.70682,0.00056,0.70739,1,3,0.99567,0.09003,-0.00060,-0.02292,0.08672,0.07854,0.63308,0,1
1768333698.830746,-0.01814,-0.04573,-0.63233,0.00849,0.00100,0.00046,0.59276,0.00095,0.22805,-0.00051,0.70683,0.00056,0.70739,1,3,0.99567,0.09003,-0.00060,-0.02292,0.08672,0.07854,0.63308,0,1
1768333698.832608,0.00827,-0.05223,-0.42641,0.00405,-0.00237,0.00102,0.59276,0.00095,0.22805,-0.00051,0.70683,0.00056,0.70739,1,3,0.99567,0.09003,-0.00060,-0.02292,0.08672,0.07854,0.63308,0,1
1768333698.834613,-0.01552,-0.03384,-0.45011,0.00711,-0.00173,-0.00006,0.59276,0.00095,0.22805,-0.00051,0.70683,0.00056,0.70739,1,3,0.99567,0.09003,-0.00060,-0.02292,0.08672,0.07854,0.63308,0,1
1768333698.836591,-0.00426,-0.04750,-0.63973,0.00782,-0.00057,0.00031,0.59274,0.00095,0.22805,-0.00051,0.70682,0.00056,0.70739,1,3,0.99567,0.09003,-0.00060,-0.02292,0.08672,0.07854,0.63308,0,1
1768333698.838590,-0.00957,-0.04562,-0.73862,0.00849,0.00039,0.00037,0.59274,0.00095,0.22805,-0.00051,0.70682,0.00056,0.70739,1,3,0.99567,0.09003,-0.00060,-0.02292,0.08672,0.07854,0.63308,0,1
1768333698.840621,-0.01229,-0.00918,-0.68637,0.00675,0.00065,0.00040,0.59271,0.00095,0.22805,-0.00051,0.70683,0.00056,0.70739,1,3,0.99567,0.09003,-0.00060,-0.02292,0.08672,0.07854,0.63308,0,1
1768333698.842618,-0.02375,-0.03520,-0.57162,0.00622,-0.00035,0.00025,0.59271,0.00095,0.22805,-0.00051,0.70683,0.00056,0.70739,1,3,0.99567,0.09003,-0.00060,-0.02292,0.08672,0.07854,0.63308,0,1
1768333698.844607,-0.02002,-0.04610,-0.56347,0.00718,-0.00203,0.00039,0.59269,0.00095,0.22805,-0.00051,0.70682,0.00056,0.70739,1,3,0.99567,0.09003,-0.00060,-0.02292,0.08672,0.07854,0.63308,0,1
1768333698.846606,-0.00420,-0.06164,-0.58591,0.00787,-0.00144,0.00076,0.59269,0.00095,0.22805,-0.00051,0.70682,0.00056,0.70739,1,3,0.99567,0.09003,-0.00060,-0.02292,0.08672,0.07854,0.63308,0,1
1768333698.848624,0.00451,-0.02400,-0.54156,0.00679,0.00033,0.00091,0.59267,0.00095,0.22805,-0.00051,0.70683,0.00056,0.70739,1,3,0.99576,0.08929,-0.00124,-0.02222,0.08657,0.07854,0.63296,0,1
1768333698.850635,-0.00270,-0.02876,-0.62496,0.00586,-0.00009,0.00059,0.59267,0.00095,0.22805,-0.00051,0.70683,0.00056,0.70739,1,3,0.99576,0.08929,-0.00124,-0.02222,0.08657,0.07854,0.63296,0,1
1768333698.852604,0.00139,-0.01146,-0.64831,0.00607,-0.00016,0.00029,0.59264,0.00095,0.22805,-0.00051,0.70683,0.00056,0.70739,1,3,0.99576,0.08929,-0.00124,-0.02222,0.08657,0.07854,0.63296,0,1
1768333698.854609,-0.02165,-0.03924,-0.64019,0.00748,0.00192,0.00045,0.59264,0.00095,0.22805,-0.00051,0.70683,0.00056,0.70739,1,3,0.99576,0.08929,-0.00124,-0.02222,0.08657,0.07854,0.63296,0,1
1768333698.856617,0.01399,-0.01218,-0.68655,0.00956,0.00148,0.00064,0.59262,0.00095,0.22805,-0.00051,0.70683,0.00056,0.70739,1,3,0.99576,0.08929,-0.00124,-0.02222,0.08657,0.07854,0.63296,0,1
1768333698.858606,0.01051,-0.00184,-0.55737,0.00531,-0.00028,0.00049,0.59260,0.00095,0.22805,-0.00051,0.70683,0.00056,0.70739,1,3,0.99576,0.08929,-0.00124,-0.02222,0.08657,0.07854,0.63296,0,1
1768333698.860609,-0.00850,-0.04593,-0.53356,0.00740,0.00075,0.00053,0.59260,0.00095,0.22805,-0.00051,0.70683,0.00056,0.70739,1,3,0.99576,0.08929,-0.00124,-0.02222,0.08657,0.07854,0.63296,0,1
1768333698.862602,-0.00674,-0.05149,-0.57890,0.00558,0.00074,0.00063,0.59257,0.00095,0.22805,-0.00051,0.70683,0.00056,0.70738,1,3,0.99576,0.08929,-0.00124,-0.02222,0.08657,0.07854,0.63296,0,1
1768333698.864630,-0.01700,-0.04104,-0.63988,0.00724,0.00073,0.00072,0.59257,0.00095,0.22805,-0.00051,0.70683,0.00056,0.70738,1,3,0.99576,0.08929,-0.00124,-0.02222,0.08657,0.07854,0.63296,0,1
1768333698.866646,-0.02045,-0.03864,-0.57926,0.00661,0.00089,0.00050,0.59255,0.00095,0.22805,-0.00051,0.70683,0.00056,0.70739,1,3,0.99576,0.08929,-0.00124,-0.02222,0.08657,0.07854,0.63296,0,1
1768333698.868604,0.01220,-0.02932,-0.57929,0.00717,0.00050,0.00141,0.59255,0.00095,0.22805,-0.00051,0.70683,0.00056,0.70739,1,3,0.99576,0.08929,-0.00124,-0.02222,0.08657,0.07854,0.63296,0,1
1768333698.870643,-0.01185,-0.03342,-0.59458,0.00668,0.00027,0.00035,0.59253,0.00095,0.22805,-0.00051,0.70683,0.00056,0.70738,1,3,0.99576,0.08929,-0.00124,-0.02222,0.08657,0.07854,0.63296,0,1
1768333698.872626,0.00897,-0.02628,-0.64783,0.00677,-0.00023,0.00069,0.59253,0.00095,0.22805,-0.00051,0.70683,0.00056,0.70738,1,3,0.99576,0.08929,-0.00124,-0.02222,0.08657,0.07854,0.63296,0,1
1768333698.874643,-0.01324,-0.05236,-0.63975,0.00841,-0.00008,0.00005,0.59250,0.00095,0.22805,-0.00051,0.70683,0.00056,0.70738,1,3,0.99576,0.08929,-0.00124,-0.02222,0.08657,0.07854,0.63296,0,1
1768333698.876635,-0.00697,-0.01601,-0.56452,0.00601,-0.00031,0.00050,0.59250,0.00095,0.22805,-0.00051,0.70683,0.00056,0.70738,1,3,0.99576,0.08929,-0.00124,-0.02222,0.08657,0.07854,0.63296,0,1
1768333698.878652,-0.02257,-0.04209,-0.60178,0.00897,-0.00022,0.00062,0.59250,0.00095,0.22805,-0.00051,0.70683,0.00056,0.70738,1,3,0.99576,0.08929,-0.00124,-0.02222,0.08657,0.07854,0.63296,0,1
1768333698.880620,-0.01187,-0.00868,-0.62551,0.00654,0.00000,0.00045,0.59248,0.00095,0.22805,-0.00051,0.70683,0.00056,0.70739,1,3,0.99576,0.08929,-0.00124,-0.02222,0.08657,0.07854,0.63296,0,1
1768333698.882617,-0.00474,-0.03195,-0.64003,0.00844,-0.00133,0.00031,0.59248,0.00095,0.22805,-0.00051,0.70683,0.00056,0.70739,1,3,0.99576,0.08929,-0.00124,-0.02222,0.08657,0.07854,0.63296,0,1
1768333698.884620,-0.00791,-0.02158,-0.64044,0.00660,0.00060,0.00057,0.59245,0.00095,0.22805,-0.00051,0.70682,0.00056,0.70739,1,3,0.99576,0.08929,-0.00124,-0.02222,0.08657,0.07854,0.63296,0,1
1768333698.886678,-0.00604,-0.00700,-0.58737,0.00460,0.00006,0.00102,0.59245,0.00095,0.22805,-0.00051,0.70682,0.00056,0.70739,1,3,0.99576,0.08929,-0.00124,-0.02222,0.08657,0.07854,0.63296,0,1
1768333698.888636,-0.00756,-0.04109,-0.58684,0.00658,0.00048,0.00035,0.59243,0.00095,0.22805,-0.00051,0.70683,0.00056,0.70739,1,3,0.99572,0.08936,0.00301,-0.02330,0.08629,0.07852,0.63259,0,1
1768333698.890625,0.00156,-0.02578,-0.56450,0.00633,-0.00041,-0.00004,0.59243,0.00095,0.22805,-0.00051,0.70683,0.00056,0.70739,1,3,0.99572,0.08936,0.00301,-0.02330,0.08629,0.07852,0.63259,0,1
1768333698.892621,-0.00465,-0.04648,-0.57144,0.00870,-0.00134,-0.00004,0.59240,0.00095,0.22805,-0.00051,0.70683,0.00056,0.70739,1,3,0.99572,0.08936,0.00301,-0.02330,0.08629,0.07852,0.63259,0,1
1768333698.894640,-0.00368,-0.02307,-0.55676,0.00702,-0.00047,0.00050,0.59238,0.00095,0.22805,-0.00051,0.70683,0.00056,0.70738,1,3,0.99572,0.08936,0.00301,-0.02330,0.08629,0.07852,0.63259,0,1
1768333698.896633,-0.00778,-0.00706,-0.60270,0.00612,0.00072,0.00100,0.59238,0.00095,0.22805,-0.00051,0.70683,0.00056,0.70738,1,3,0.99572,0.08936,0.00301,-0.02330,0.08629,0.07852,0.63259,0,1
1768333698.898654,-0.00631,-0.01626,-0.67082,0.00535,-0.00044,0.00042,0.59235,0.00095,0.22805,-0.00051,0.70683,0.00056,0.70739,1,3,0.99572,0.08936,0.00301,-0.02330,0.08629,0.07852,0.63259,0,1
1768333698.900762,0.01768,-0.01144,-0.66356,0.00673,-0.00048,0.00026,0.59235,0.00095,0.22805,-0.00051,0.70683,0.00056,0.70739,1,3,0.99572,0.08936,0.00301,-0.02330,0.08629,0.07852,0.63259,0,1
1768333698.902651,0.00077,-0.03101,-0.62499,0.00671,-0.00013,0.00045,0.59233,0.00095,0.22805,-0.00051,0.70683,0.00056,0.70739,1,3,0.99572,0.08936,0.00301,-0.02330,0.08629,0.07852,0.63259,0,1
1768333698.904757,-0.02855,-0.03257,-0.57163,0.00669,-0.00029,0.00039,0.59233,0.00095,0.22805,-0.00051,0.70683,0.00056,0.70739,1,3,0.99572,0.08936,0.00301,-0.02330,0.08629,0.07852,0.63259,0,1
1768333698.906751,-0.00437,-0.01444,-0.57220,0.00691,0.00094,0.00102,0.59230,0.00095,0.22805,-0.00051,0.70683,0.00056,0.70739,1,3,0.99572,0.08936,0.00301,-0.02330,0.08629,0.07852,0.63259,0,1
1768333698.908659,0.00472,-0.03268,-0.64007,0.00734,-0.00107,0.00030,0.59230,0.00095,0.22805,-0.00051,0.70683,0.00056,0.70739,1,3,0.99572,0.08936,0.00301,-0.02330,0.08629,0.07852,0.63259,0,1
1768333698.910677,0.00431,-0.03809,-0.65518,0.00749,-0.00042,0.00042,0.59228,0.00095,0.22805,-0.00051,0.70683,0.00056,0.70739,1,3,0.99572,0.08936,0.00301,-0.02330,0.08629,0.07852,0.63259,0,1
1768333698.912652,-0.00005,-0.07509,-0.62424,0.00814,0.00028,-0.00035,0.59228,0.00095,0.22805,-0.00051,0.70683,0.00056,0.70739,1,3,0.99572,0.08936,0.00301,-0.02330,0.08629,0.07852,0.63259,0,1
1768333698.914665,-0.01227,-0.03328,-0.54125,0.00690,0.00015,0.00080,0.59228,0.00095,0.22805,-0.00051,0.70683,0.00056,0.70739,1,3,0.99572,0.08936,0.00301,-0.02330,0.08629,0.07852,0.63259,0,1
1768333698.916661,0.01342,-0.02422,-0.51879,0.00636,0.00022,0.00092,0.59225,0.00095,0.22805,-0.00051,0.70683,0.00056,0.70738,1,3,0.99572,0.08936,0.00301,-0.02330,0.08629,0.07852,0.63259,0,1
1768333698.918649,-0.00921,-0.04395,-0.62443,0.00873,-0.00152,0.00046,0.59225,0.00095,0.22805,-0.00051,0.70683,0.00056,0.70738,1,3,0.99572,0.08936,0.00301,-0.02330,0.08629,0.07852,0.63259,0,1
1768333698.920670,0.00925,-0.02555,-0.67807,0.00677,-0.00125,0.00067,0.59223,0.00095,0.22805,-0.00051,0.70683,0.00056,0.70738,1,3,0.99572,0.08936,0.00301,-0.02330,0.08629,0.07852,0.63259,0,1
1768333698.922652,-0.00350,-0.03956,-0.63239,0.00617,0.00120,0.00085,0.59223,0.00095,0.22805,-0.00051,0.70683,0.00056,0.70738,1,3,0.99572,0.08936,0.00301,-0.02330,0.08629,0.07852,0.63259,0,1
1768333698.924637,-0.02180,-0.01425,-0.56460,0.00735,0.00140,0.00105,0.59220,0.00095,0.22805,-0.00051,0.70683,0.00056,0.70739,1,3,0.99572,0.08936,0.00301,-0.02330,0.08629,0.07852,0.63259,0,1
1768333698.926675,-0.00415,-0.01308,-0.62549,0.00758,-0.00047,0.00018,0.59220,0.00095,0.22805,-0.00051,0.70683,0.00056,0.70739,1,3,0.99576,0.08874,0.00093,-0.02433,0.08615,0.07854,0.63254,0,1
1768333698.928691,-0.00164,-0.04202,-0.69297,0.00592,-0.00200,-0.00026,0.59218,0.00095,0.22805,-0.00051,0.70683,0.00056,0.70739,1,3,0.99576,0.08874,0.00093,-0.02433,0.08615,0.07854,0.63254,0,1
1768333698.930719,0.00147,-0.02492,-0.63235,0.00634,-0.00192,0.00072,0.59218,0.00095,0.22805,-0.00051,0.70683,0.00056,0.70739,1,3,0.99576,0.08874,0.00093,-0.02433,0.08615,0.07854,0.63254,0,1
1768333698.932699,-0.00844,-0.02468,-0.54888,0.00766,-0.00130,0.00079,0.59215,0.00095,0.22805,-0.00051,0.70683,0.00056,0.70739,1,3,0.99576,0.08874,0.00093,-0.02433,0.08615,0.07854,0.63254,0,1
1768333698.934738,-0.01068,-0.00969,-0.49660,0.01002,-0.00028,0.00001,0.59215,0.00095,0.22805,-0.00051,0.70683,0.00056,0.70739,1,3,0.99576,0.08874,0.00093,-0.02433,0.08615,0.07854,0.63254,0,1
1768333698.936665,0.01429,-0.02816,-0.54894,0.00609,-0.00119,0.00063,0.59213,0.00095,0.22805,-0.00051,0.70683,0.00056,0.70739,1,3,0.99576,0.08874,0.00093,-0.02433,0.08615,0.07854,0.63254,0,1
1768333698.938708,0.00468,-0.01861,-0.65557,0.00686,-0.00044,0.00069,0.59210,0.00095,0.22805,-0.00051,0.70683,0.00056,0.70738,1,3,0.99576,0.08874,0.00093,-0.02433,0.08615,0.07854,0.63254,0,1
1768333698.940704,0.02706,-0.03968,-0.73141,0.00923,0.00135,0.00073,0.59210,0.00095,0.22805,-0.00051,0.70683,0.00056,0.70738,1,3,0.99576,0.08874,0.00093,-0.02433,0.08615,0.07854,0.63254,0,1
1768333698.942688,-0.02152,-0.03390,-0.65549,0.00754,0.00141,0.00031,0.59207,0.00095,0.22805,-0.00051,0.70683,0.00056,0.70739,1,3,0.99576,0.08874,0.00093,-0.02433,0.08615,0.07854,0.63254,0,1
1768333698.944669,-0.02216,-0.04786,-0.59428,0.00847,0.00079,0.00036,0.59207,0.00095,0.22805,-0.00051,0.70683,0.00056,0.70739,1,3,0.99576,0.08874,0.00093,-0.02433,0.08615,0.07854,0.63254,0,1
1768333698.946668,-0.02557,-0.03987,-0.53338,0.00769,-0.00019,0.00082,0.59205,0.00095,0.22805,-0.00051,0.70683,0.00056,0.70738,1,3,0.99576,0.08874,0.00093,-0.02433,0.08615,0.07854,0.63254,0,1
1768333698.948673,0.01328,-0.03249,-0.55651,0.00735,-0.00143,0.00036,0.59205,0.00095,0.22805,-0.00051,0.70683,0.00056,0.70738,1,3,0.99576,0.08874,0.00093,-0.02433,0.08615,0.07854,0.63254,0,1
1768333698.950692,-0.00848,-0.05455,-0.66227,0.00795,-0.00089,0.00030,0.59202,0.00095,0.22805,-0.00051,0.70683,0.00056,0.70738,1,3,0.99576,0.08874,0.00093,-0.02433,0.08615,0.07854,0.63254,0,1
1768333698.952691,0.01281,-0.05364,-0.65493,0.00731,0.00025,0.00042,0.59202,0.00095,0.22805,-0.00051,0.70683,0.00056,0.70738,1,3,0.99576,0.08874,0.00093,-0.02433,0.08615,0.07854,0.63254,0,1
1768333698.954685,0.00537,-0.04651,-0.63261,0.01002,0.00186,0.00043,0.59202,0.00095,0.22805,-0.00051,0.70683,0.00056,0.70738,1,3,0.99576,0.08874,0.00093,-0.02433,0.08615,0.07854,0.63254,0,1
1768333698.956689,0.02965,-0.02994,-0.59492,0.00694,0.00091,0.00057,0.59200,0.00095,0.22805,-0.00051,0.70682,0.00056,0.70739,1,3,0.99576,0.08874,0.00093,-0.02433,0.08615,0.07854,0.63254,0,1
1768333698.958678,-0.01690,-0.05855,-0.61654,0.00834,-0.00155,0.00008,0.59200,0.00095,0.22805,-0.00051,0.70682,0.00056,0.70739,1,3,0.99576,0.08874,0.00093,-0.02433,0.08615,0.07854,0.63254,0,1
1768333698.960684,0.01406,-0.02186,-0.63246,0.00682,-0.00284,0.00044,0.59197,0.00095,0.22805,-0.00051,0.70683,0.00056,0.70739,1,3,0.99576,0.08874,0.00093,-0.02433,0.08615,0.07854,0.63254,0,1
1768333698.962678,0.00395,-0.06122,-0.60884,0.00853,-0.00193,0.00034,0.59197,0.00095,0.22805,-0.00051,0.70683,0.00056,0.70739,1,3,0.99576,0.08874,0.00093,-0.02433,0.08615,0.07854,0.63254,0,1
1768333698.964682,-0.02950,-0.03608,-0.52592,0.00817,-0.00143,0.00016,0.59194,0.00095,0.22805,-0.00051,0.70683,0.00056,0.70739,1,3,0.99576,0.08825,0.00258,-0.02591,0.08598,0.07853,0.63228,0,1
1768333698.966686,-0.03996,-0.03860,-0.50296,0.00617,-0.00168,0.00006,0.59194,0.00095,0.22805,-0.00051,0.70683,0.00056,0.70739,1,3,0.99576,0.08825,0.00258,-0.02591,0.08598,0.07853,0.63228,0,1
1768333698.968686,0.01757,-0.04954,-0.65464,0.00736,-0.00209,0.00055,0.59192,0.00095,0.22805,-0.00051,0.70683,0.00056,0.70739,1,3,0.99576,0.08825,0.00258,-0.02591,0.08598,0.07853,0.63228,0,1
1768333698.970709,-0.02641,-0.04277,-0.66987,0.00459,-0.00093,0.00058,0.59192,0.00095,0.22805,-0.00051,0.70683,0.00056,0.70739,1,3,0.99576,0.08825,0.00258,-0.02591,0.08598,0.07853,0.63228,0,1
1768333698.972685,-0.00108,-0.04561,-0.64750,0.00850,0.00028,0.00043,0.59189,0.00095,0.22805,-0.00051,0.70682,0.00056,0.70739,1,3,0.99576,0.08825,0.00258,-0.02591,0.08598,0.07853,0.63228,0,1
1768333698.974713,-0.00006,-0.00085,-0.48884,0.00729,-0.00053,0.00095,0.59186,0.00095,0.22805,-0.00051,0.70682,0.00056,0.70739,1,3,0.99576,0.08825,0.00258,-0.02591,0.08598,0.07853,0.63228,0,1
1768333698.976725,-0.01754,-0.00054,-0.52733,0.00839,0.00030,-0.00028,0.59186,0.00095,0.22805,-0.00051,0.70682,0.00056,0.70739,1,3,0.99576,0.08825,0.00258,-0.02591,0.08598,0.07853,0.63228,0,1
1768333698.978703,-0.01234,0.00552,-0.64102,0.00649,0.00064,0.00084,0.59184,0.00095,0.22806,-0.00051,0.70682,0.00056,0.70739,1,3,0.99576,0.08825,0.00258,-0.02591,0.08598,0.07853,0.63228,0,1
1768333698.980700,-0.01598,-0.04097,-0.67776,0.00637,0.00021,0.00070,0.59184,0.00095,0.22806,-0.00051,0.70682,0.00056,0.70739,1,3,0.99576,0.08825,0.00258,-0.02591,0.08598,0.07853,0.63228,0,1
1768333698.982711,-0.01089,-0.04265,-0.63237,0.00634,-0.00063,-0.00021,0.59181,0.00095,0.22805,-0.00051,0.70682,0.00056,0.70739,1,3,0.99576,0.08825,0.00258,-0.02591,0.08598,0.07853,0.63228,0,1
1768333698.984696,-0.00915,-0.03014,-0.48067,0.00825,-0.00015,0.00057,0.59181,0.00095,0.22805,-0.00051,0.70682,0.00056,0.70739,1,3,0.99576,0.08825,0.00258,-0.02591,0.08598,0.07853,0.63228,0,1
1768333698.986713,-0.01938,-0.04825,-0.46504,0.00584,0.00049,0.00046,0.59179,0.00095,0.22805,-0.00051,0.70682,0.00056,0.70739,1,3,0.99576,0.08825,0.00258,-0.02591,0.08598,0.07853,0.63228,0,1
1768333698.988719,-0.02561,-0.04983,-0.61692,0.00801,0.00007,0.00021,0.59179,0.00095,0.22805,-0.00051,0.70682,0.00056,0.70739,1,3,0.99576,0.08825,0.00258,-0.02591,0.08598,0.07853,0.63228,0,1
1768333698.990730,0.00222,-0.02786,-0.79994,0.00958,-0.00027,0.00003,0.59179,0.00095,0.22805,-0.00051,0.70682,0.00056,0.70739,1,3,0.99576,0.08825,0.00258,-0.02591,0.08598,0.07853,0.63228,0,1
1768333698.992709,0.02425,-0.04979,-0.76891,0.00910,-0.00141,0.00005,0.59176,0.00095,0.22805,-0.00051,0.70682,0.00056,0.70739,1,3,0.99576,0.08825,0.00258,-0.02591,0.08598,0.07853,0.63228,0,1
1768333698.994731,-0.02627,-0.04653,-0.54836,0.00521,-0.00184,0.00001,0.59176,0.00095,0.22805,-0.00051,0.70682,0.00056,0.70739,1,3,0.99576,0.08825,0.00258,-0.02591,0.08598,0.07853,0.63228,0,1
1768333698.996709,-0.01660,-0.03928,-0.45732,0.00748,-0.00119,0.00087,0.59173,0.00095,0.22805,-0.00051,0.70682,0.00056,0.70739,1,3,0.99576,0.08825,0.00258,-0.02591,0.08598,0.07853,0.63228,0,1
1768333698.998708,0.00048,-0.06702,-0.46430,0.00387,-0.00202,0.00019,0.59173,0.00095,0.22805,-0.00051,0.70682,0.00056,0.70739,1,3,0.99576,0.08825,0.00258,-0.02591,0.08598,0.07853,0.63228,0,1
1768333699.000710,0.01126,-0.03223,-0.76130,0.00888,-0.00176,0.00101,0.59170,0.00095,0.22805,-0.00051,0.70682,0.00056,0.70739,1,3,0.99576,0.08825,0.00258,-0.02591,0.08598,0.07853,0.63228,0,1
1768333699.002714,0.00639,-0.05451,-0.75338,0.00970,-0.00106,0.00062,0.59170,0.00095,0.22805,-0.00051,0.70682,0.00056,0.70739,1,3,0.99576,0.08825,0.00258,-0.02591,0.08598,0.07853,0.63228,0,1
1768333699.004742,-0.04027,-0.01709,-0.59492,0.00971,0.00022,0.00037,0.59168,0.00095,0.22805,-0.00051,0.70683,0.00056,0.70739,1,3,0.99578,0.08789,0.00540,-0.02589,0.08583,0.07853,0.63219,0,1
1768333699.006703,-0.01176,-0.04166,-0.50319,0.00745,-0.00126,-0.00011,0.59168,0.00095,0.22805,-0.00051,0.70683,0.00056,0.70739,1,3,0.99578,0.08789,0.00540,-0.02589,0.08583,0.07853,0.63219,0,1
1768333699.008701,-0.00322,-0.03795,-0.50338,0.00684,-0.00022,0.00015,0.59168,0.00095,0.22805,-0.00051,0.70683,0.00056,0.70739,1,3,0.99578,0.08789,0.00540,-0.02589,0.08583,0.07853,0.63219,0,1
1768333699.010721,0.01974,-0.05037,-0.61646,0.00495,-0.00199,0.00099,0.59165,0.00095,0.22805,-0.00051,0.70683,0.00056,0.70739,1,3,0.99578,0.08789,0.00540,-0.02589,0.08583,0.07853,0.63219,0,1
1768333699.012715,-0.02822,-0.04409,-0.70812,0.01048,-0.00027,0.00041,0.59162,0.00095,0.22805,-0.00051,0.70683,0.00056,0.70739,1,3,0.99578,0.08789,0.00540,-0.02589,0.08583,0.07853,0.63219,0,1
1768333699.014715,-0.02574,-0.01967,-0.63296,0.00837,-0.00047,-0.00021,0.59160,0.00095,0.22805,-0.00051,0.70682,0.00056,0.70739,1,3,0.99578,0.08789,0.00540,-0.02589,0.08583,0.07853,0.63219,0,1
1768333699.016742,-0.02636,-0.06126,-0.55503,0.00481,-0.00244,0.00122,0.59160,0.00095,0.22805,-0.00051,0.70682,0.00056,0.70739,1,3,0.99578,0.08789,0.00540,-0.02589,0.08583,0.07853,0.63219,0,1
1768333699.018761,-0.00889,-0.06555,-0.54749,0.00498,-0.00354,0.00054,0.59157,0.00095,0.22805,-0.00051,0.70682,0.00056,0.70739,1,3,0.99578,0.08789,0.00540,-0.02589,0.08583,0.07853,0.63219,0,1
1768333699.020731,0.00387,-0.04295,-0.65502,0.00787,-0.00041,0.00056,0.59157,0.00095,0.22805,-0.00051,0.70682,0.00056,0.70739,1,3,0.99578,0.08789,0.00540,-0.02589,0.08583,0.07853,0.63219,0,1
1768333699.022740,-0.02603,-0.04903,-0.65480,0.00867,-0.00081,0.00019,0.59154,0.00095,0.22805,-0.00051,0.70682,0.00056,0.70739,1,3,0.99578,0.08789,0.00540,-0.02589,0.08583,0.07853,0.63219,0,1
1768333699.024764,0.00025,-0.00632,-0.64837,0.00701,-0.00014,0.00056,0.59154,0.00095,0.22805,-0.00051,0.70682,0.00056,0.70739,1,3,0.99578,0.08789,0.00540,-0.02589,0.08583,0.07853,0.63219,0,1
1768333699.026746,-0.02599,-0.04335,-0.63949,0.00874,-0.00183,0.00047,0.59151,0.00095,0.22805,-0.00051,0.70682,0.00056,0.70739,1,3,0.99578,0.08789,0.00540,-0.02589,0.08583,0.07853,0.63219,0,1
1768333699.028733,-0.01194,-0.02256,-0.64001,0.00681,-0.00125,0.00085,0.59151,0.00095,0.22805,-0.00051,0.70682,0.00056,0.70739,1,3,0.99578,0.08789,0.00540,-0.02589,0.08583,0.07853,0.63219,0,1
1768333699.030732,-0.00349,-0.04744,-0.66245,0.00716,-0.00095,0.00030,0.59151,0.00095,0.22805,-0.00051,0.70682,0.00056,0.70739,1,3,0.99578,0.08789,0.00540,-0.02589,0.08583,0.07853,0.63219,0,1
1768333699.032737,-0.01882,-0.05190,-0.56315,0.00558,-0.00165,0.00093,0.59149,0.00095,0.22805,-0.00051,0.70682,0.00056,0.70739,1,3,0.99578,0.08789,0.00540,-0.02589,0.08583,0.07853,0.63219,0,1
1768333699.034741,-0.00493,-0.07463,-0.52498,0.00487,-0.00131,0.00015,0.59149,0.00095,0.22805,-0.00051,0.70682,0.00056,0.70739,1,3,0.99578,0.08789,0.00540,-0.02589,0.08583,0.07853,0.63219,0,1
1768333699.036760,-0.01933,-0.06918,-0.57073,0.00996,0.00001,0.00079,0.59146,0.00095,0.22806,-0.00051,0.70682,0.00056,0.70739,1,3,0.99578,0.08789,0.00540,-0.02589,0.08583,0.07853,0.63219,0,1
1768333699.038768,-0.00506,-0.04831,-0.62473,0.00824,0.00071,0.00032,0.59146,0.00095,0.22806,-0.00051,0.70682,0.00056,0.70739,1,3,0.99578,0.08789,0.00540,-0.02589,0.08583,0.07853,0.63219,0,1
1768333699.040725,0.00414,-0.03357,-0.70860,0.00755,0.00009,0.00024,0.59146,0.00095,0.22806,-0.00051,0.70682,0.00056,0.70739,1,3,0.99578,0.08789,0.00540,-0.02589,0.08583,0.07853,0.63219,0,1
1768333699.042742,0.01621,-0.04129,-0.67797,0.00789,0.00021,0.00066,0.59143,0.00095,0.22805,-0.00051,0.70682,0.00056,0.70739,1,3,0.99584,0.08692,0.00429,-0.02692,0.08552,0.07854,0.63200,0,1
1768333699.044806,-0.01311,-0.02286,-0.57975,0.00812,0.00002,0.00009,0.59140,0.00095,0.22806,-0.00051,0.70682,0.00056,0.70740,1,3,0.99584,0.08692,0.00429,-0.02692,0.08552,0.07854,0.63200,0,1
1768333699.046765,-0.00498,-0.03679,-0.56409,0.00882,-0.00108,0.00010,0.59140,0.00095,0.22806,-0.00051,0.70682,0.00056,0.70740,1,3,0.99584,0.08692,0.00429,-0.02692,0.08552,0.07854,0.63200,0,1
1768333699.048828,-0.03543,-0.04387,-0.61686,0.00939,-0.00057,0.00049,0.59140,0.00095,0.22806,-0.00051,0.70682,0.00056,0.70740,1,3,0.99584,0.08692,0.00429,-0.02692,0.08552,0.07854,0.63200,0,1
1768333699.050759,-0.02123,-0.02951,-0.63207,0.00410,-0.00240,0.00048,0.59138,0.00095,0.22806,-0.00051,0.70682,0.00056,0.70740,1,3,0.99584,0.08692,0.00429,-0.02692,0.08552,0.07854,0.63200,0,1
1768333699.052728,0.01507,-0.03896,-0.69324,0.01011,-0.00182,-0.00016,0.59135,0.00095,0.22806,-0.00051,0.70681,0.00056,0.70740,1,3,0.99584,0.08692,0.00429,-0.02692,0.08552,0.07854,0.63200,0,1
1768333699.054756,-0.02553,-0.05332,-0.60132,0.00840,-0.00170,0.00037,0.59132,0.00095,0.22806,-0.00051,0.70681,0.00056,0.70740,1,3,0.99584,0.08692,0.00429,-0.02692,0.08552,0.07854,0.63200,0,1
1768333699.056820,-0.00993,-0.05569,-0.53275,0.00597,-0.00304,0.00028,0.59132,0.00095,0.22806,-0.00051,0.70681,0.00056,0.70740,1,3,0.99584,0.08692,0.00429,-0.02692,0.08552,0.07854,0.63200,0,1
1768333699.058807,0.00130,-0.03950,-0.57138,0.00682,-0.00179,0.00036,0.59129,0.00095,0.22806,-0.00051,0.70681,0.00056,0.70740,1,3,0.99584,0.08692,0.00429,-0.02692,0.08552,0.07854,0.63200,0,1
1768333699.060754,0.00901,-0.04034,-0.63233,0.00725,-0.00086,0.00030,0.59129,0.00095,0.22806,-0.00051,0.70681,0.00056,0.70740,1,3,0.99584,0.08692,0.00429,-0.02692,0.08552,0.07854,0.63200,0,1
1768333699.062755,-0.00611,-0.04659,-0.73845,0.00979,-0.00117,0.00023,0.59127,0.00095,0.22806,-0.00051,0.70681,0.00056,0.70741,1,3,0.99584,0.08692,0.00429,-0.02692,0.08552,0.07854,0.63200,0,1
1768333699.064823,-0.02563,-0.01023,-0.66340,0.00783,-0.00034,0.00030,0.59127,0.00095,0.22806,-0.00051,0.70681,0.00056,0.70741,1,3,0.99584,0.08692,0.00429,-0.02692,0.08552,0.07854,0.63200,0,1
1768333699.066775,-0.01314,-0.03246,-0.61695,0.00778,-0.00084,0.00114,0.59124,0.00095,0.22806,-0.00051,0.70681,0.00056,0.70741,1,3,0.99584,0.08692,0.00429,-0.02692,0.08552,0.07854,0.63200,0,1
1768333699.068749,-0.00407,-0.06123,-0.60880,0.00809,-0.00183,0.00034,0.59124,0.00095,0.22806,-0.00051,0.70681,0.00056,0.70741,1,3,0.99584,0.08692,0.00429,-0.02692,0.08552,0.07854,0.63200,0,1
1768333699.070791,0.00158,-0.06101,-0.63936,0.01071,-0.00139,0.00031,0.59124,0.00095,0.22806,-0.00051,0.70681,0.00056,0.70741,1,3,0.99584,0.08692,0.00429,-0.02692,0.08552,0.07854,0.63200,0,1
1768333699.072777,-0.00342,-0.05285,-0.58639,0.00688,-0.00032,0.00049,0.59124,0.00095,0.22806,-0.00051,0.70681,0.00056,0.70741,1,3,0.99584,0.08692,0.00429,-0.02692,0.08552,0.07854,0.63200,0,1
1768333699.074768,-0.01275,-0.01839,-0.62518,0.00730,0.00003,0.00073,0.59121,0.00095,0.22807,-0.00051,0.70680,0.00056,0.70741,1,3,0.99584,0.08692,0.00429,-0.02692,0.08552,0.07854,0.63200,0,1
1768333699.076747,-0.02176,-0.00787,-0.61771,0.00786,-0.00038,0.00087,0.59121,0.00095,0.22807,-0.00051,0.70680,0.00056,0.70741,1,3,0.99584,0.08692,0.00429,-0.02692,0.08552,0.07854,0.63200,0,1
1768333699.078773,-0.00088,-0.04371,-0.65497,0.00917,-0.00188,0.00003,0.59118,0.00095,0.22806,-0.00051,0.70681,0.00056,0.70741,1,3,0.99584,0.08692,0.00429,-0.02692,0.08552,0.07854,0.63200,0,1
1768333699.080794,-0.03101,-0.04129,-0.63962,0.00920,-0.00101,0.00061,0.59118,0.00095,0.22806,-0.00051,0.70681,0.00056,0.70741,1,3,0.99584,0.08692,0.00429,-0.02692,0.08552,0.07854,0.63200,0,1
1768333699.082751,0.00227,-0.04248,-0.65543,0.00984,-0.00002,-0.00025,0.59115,0.00095,0.22806,-0.00051,0.70681,0.00056,0.70740,1,3,0.99592,0.08617,0.00402,-0.02644,0.08540,0.07858,0.63215,0,1
1768333699.084760,-0.03363,-0.04004,-0.64728,0.00725,-0.00008,0.00074,0.59115,0.00095,0.22806,-0.00051,0.70681,0.00056,0.70740,1,3,0.99592,0.08617,0.00402,-0.02644,0.08540,0.07858,0.63215,0,1
1768333699.086783,-0.01705,-0.05041,-0.60853,0.00472,-0.00396,0.00050,0.59112,0.00095,0.22807,-0.00051,0.70680,0.00056,0.70741,1,3,0.99592,0.08617,0.00402,-0.02644,0.08540,0.07858,0.63215,0,1
1768333699.088795,-0.03341,-0.04297,-0.59397,0.00809,-0.00213,0.00011,0.59112,0.00095,0.22807,-0.00051,0.70680,0.00056,0.70741,1,3,0.99592,0.08617,0.00402,-0.02644,0.08540,0.07858,0.63215,0,1
1768333699.090782,-0.00536,-0.03652,-0.59445,0.00926,-0.00133,0.00008,0.59112,0.00095,0.22807,-0.00051,0.70680,0.00056,0.70741,1,3,0.99592,0.08617,0.00402,-0.02644,0.08540,0.07858,0.63215,0,1
1768333699.092773,-0.04607,-0.03259,-0.57926,0.00712,0.00043,0.00039,0.59107,0.00095,0.22806,-0.00051,0.70681,0.00056,0.70741,1,3,0.99592,0.08617,0.00402,-0.02644,0.08540,0.07858,0.63215,0,1
1768333699.094830,0.03978,-0.04062,-0.68562,0.00987,-0.00071,0.00063,0.59107,0.00095,0.22806,-0.00051,0.70681,0.00056,0.70741,1,3,0.99592,0.08617,0.00402,-0.02644,0.08540,0.07858,0.63215,0,1
1768333699.096784,-0.01348,-0.04761,-0.64703,0.00803,-0.00031,0.00112,0.59104,0.00095,0.22806,-0.00051,0.70681,0.00056,0.70740,1,3,0.99592,0.08617,0.00402,-0.02644,0.08540,0.07858,0.63215,0,1
1768333699.098785,-0.01087,-0.04163,-0.64668,0.00592,-0.00263,0.00140,0.59104,0.00095,0.22806,-0.00051,0.70681,0.00056,0.70740,1,3,0.99592,0.08617,0.00402,-0.02644,0.08540,0.07858,0.63215,0,1
1768333699.100772,-0.01308,-0.04211,-0.61690,0.00810,-0.00084,0.00061,0.59101,0.00095,0.22806,-0.00051,0.70681,0.00056,0.70740,1,3,0.99592,0.08617,0.00402,-0.02644,0.08540,0.07858,0.63215,0,1
1768333699.102797,-0.03305,-0.03853,-0.66218,0.00727,-0.00212,0.00073,0.59101,0.00095,0.22806,-0.00051,0.70681,0.00056,0.70740,1,3,0.99592,0.08617,0.00402,-0.02644,0.08540,0.07858,0.63215,0,1
1768333699.104768,-0.02123,-0.02820,-0.60908,0.00455,-0.00393,0.00050,0.59098,0.00095,0.22806,-0.00051,0.70681,0.00056,0.70740,1,3,0.99592,0.08617,0.00402,-0.02644,0.08540,0.07858,0.63215,0,1
1768333699.106781,0.00431,-0.06028,-0.62386,0.00854,-0.00320,0.00033,0.59098,0.00095,0.22806,-0.00051,0.70681,0.00056,0.70740,1,3,0.99592,0.08617,0.00402,-0.02644,0.08540,0.07858,0.63215,0,1
1768333699.108776,-0.02695,-0.04311,-0.60192,0.01005,-0.00133,-0.00031,0.59095,0.00095,0.22806,-0.00051,0.70681,0.00056,0.70740,1,3,0.99592,0.08617,0.00402,-0.02644,0.08540,0.07858,0.63215,0,1
1768333699.110782,-0.01423,-0.05508,-0.54045,0.00510,-0.00095,0.00081,0.59095,0.00095,0.22806,-0.00051,0.70681,0.00056,0.70740,1,3,0.99592,0.08617,0.00402,-0.02644,0.08540,0.07858,0.63215,0,1
1768333699.112772,-0.01229,-0.03265,-0.65525,0.00734,-0.00061,0.00030,0.59092,0.00095,0.22806,-0.00051,0.70681,0.00056,0.70740,1,3,0.99592,0.08617,0.00402,-0.02644,0.08540,0.07858,0.63215,0,1
1768333699.114780,0.00154,-0.05616,-0.73069,0.01077,-0.00139,0.00010,0.59092,0.00095,0.22806,-0.00051,0.70681,0.00056,0.70740,1,3,0.99592,0.08617,0.00402,-0.02644,0.08540,0.07858,0.63215,0,1
1768333699.116767,0.01692,-0.03016,-0.63994,0.00759,-0.00159,0.00083,0.59092,0.00095,0.22806,-0.00051,0.70681,0.00056,0.70740,1,3,0.99592,0.08617,0.00402,-0.02644,0.08540,0.07858,0.63215,0,1
1768333699.118784,-0.02420,-0.05359,-0.56347,0.00730,-0.00160,-0.00001,0.59089,0.00095,0.22806,-0.00051,0.70682,0.00056,0.70740,1,3,0.99592,0.08617,0.00402,-0.02644,0.08540,0.07858,0.63215,0,1
1768333699.120817,-0.02055,-0.02703,-0.52602,0.00719,-0.00115,0.00068,0.59089,0.00095,0.22806,-0.00051,0.70682,0.00056,0.70740,1,3,0.99592,0.08617,0.00402,-0.02644,0.08540,0.07858,0.63215,0,1
1768333699.122798,-0.00759,-0.02988,-0.60979,0.00716,-0.00105,0.00007,0.59086,0.00094,0.22805,-0.00051,0.70682,0.00056,0.70740,1,3,0.99592,0.08617,0.00402,-0.02644,0.08540,0.07858,0.63215,0,1
1768333699.124791,0.00460,0.00105,-0.66374,0.00688,-0.00033,0.00054,0.59086,0.00094,0.22805,-0.00051,0.70682,0.00056,0.70740,1,3,0.99598,0.08579,0.00276,-0.02572,0.08529,0.07864,0.63239,0,1
1768333699.126804,-0.00757,-0.01701,-0.70141,0.00622,0.00085,0.00039,0.59083,0.00094,0.22805,-0.00051,0.70682,0.00056,0.70740,1,3,0.99598,0.08579,0.00276,-0.02572,0.08529,0.07864,0.63239,0,1
1768333699.128814,-0.01923,-0.05520,-0.66271,0.00991,0.00114,-0.00010,0.59083,0.00094,0.22805,-0.00051,0.70682,0.00056,0.70740,1,3,0.99598,0.08579,0.00276,-0.02572,0.08529,0.07864,0.63239,0,1
1768333699.130812,0.00442,-0.05754,-0.54084,0.00770,-0.00042,0.00025,0.59080,0.00094,0.22806,-0.00051,0.70682,0.00056,0.70740,1,3,0.99598,0.08579,0.00276,-0.02572,0.08529,0.07864,0.63239,0,1
1768333699.132806,-0.01281,-0.03554,-0.51086,0.00884,-0.00227,-0.00025,0.59077,0.00094,0.22805,-0.00051,0.70682,0.00056,0.70739,1,3,0.99598,0.08579,0.00276,-0.02572,0.08529,0.07864,0.63239,0,1
1768333699.134801,-0.00041,-0.03513,-0.60216,0.00819,-0.00050,0.00020,0.59077,0.00094,0.22805,-0.00051,0.70682,0.00056,0.70739,1,3,0.99598,0.08579,0.00276,-0.02572,0.08529,0.07864,0.63239,0,1
1768333699.136803,-0.02565,-0.01038,-0.72400,0.00761,-0.00045,0.00066,0.59074,0.00094,0.22806,-0.00051,0.70682,0.00056,0.70740,1,3,0.99598,0.08579,0.00276,-0.02572,0.08529,0.07864,0.63239,0,1
1768333699.138819,-0.00459,-0.03862,-0.77661,0.00749,0.00021,0.00074,0.59074,0.00094,0.22806,-0.00051,0.70682,0.00056,0.70740,1,3,0.99598,0.08579,0.00276,-0.02572,0.08529,0.07864,0.63239,0,1
1768333699.140794,0.00144,-0.05157,-0.65464,0.01039,-0.00113,0.00083,0.59071,0.00094,0.22805,-0.00051,0.70682,0.00056,0.70739,1,3,0.99598,0.08579,0.00276,-0.02572,0.08529,0.07864,0.63239,0,1
1768333699.142803,0.00552,-0.06093,-0.54033,0.00722,-0.00271,0.00039,0.59071,0.00094,0.22805,-0.00051,0.70682,0.00056,0.70739,1,3,0.99598,0.08579,0.00276,-0.02572,0.08529,0.07864,0.63239,0,1
1768333699.144811,-0.02134,-0.06057,-0.54796,0.00853,-0.00188,0.00041,0.59068,0.00094,0.22805,-0.00051,0.70682,0.00056,0.70739,1,3,0.99598,0.08579,0.00276,-0.02572,0.08529,0.07864,0.63239,0,1
1768333699.146804,-0.01298,-0.06232,-0.65456,0.00807,-0.00019,0.00031,0.59068,0.00094,0.22805,-0.00051,0.70682,0.00056,0.70739,1,3,0.99598,0.08579,0.00276,-0.02572,0.08529,0.07864,0.63239,0,1
1768333699.148830,-0.00609,-0.05142,-0.67768,0.00995,-0.00105,0.00001,0.59066,0.00094,0.22805,-0.00051,0.70682,0.00056,0.70739,1,3,0.99598,0.08579,0.00276,-0.02572,0.08529,0.07864,0.63239,0,1
1768333699.150820,0.01076,-0.03699,-0.68573,0.00991,-0.00114,-0.00001,0.59066,0.00094,0.22805,-0.00051,0.70682,0.00056,0.70739,1,3,0.99598,0.08579,0.00276,-0.02572,0.08529,0.07864,0.63239,0,1
1768333699.152815,-0.00184,-0.04710,-0.60875,0.00542,-0.00223,0.00115,0.59066,0.00094,0.22805,-0.00051,0.70682,0.00056,0.70739,1,3,0.99598,0.08579,0.00276,-0.02572,0.08529,0.07864,0.63239,0,1
1768333699.154833,-0.01704,-0.04413,-0.63199,0.00808,-0.00130,0.00047,0.59063,0.00094,0.22805,-0.00051,0.70682,0.00056,0.70739,1,3,0.99598,0.08579,0.00276,-0.02572,0.08529,0.07864,0.63239,0,1
1768333699.156824,-0.03033,-0.06559,-0.60857,0.00891,-0.00151,0.00050,0.59063,0.00094,0.22805,-0.00051,0.70682,0.00056,0.70739,1,3,0.99598,0.08579,0.00276,-0.02572,0.08529,0.07864,0.63239,0,1
1768333699.158844,-0.02951,-0.04121,-0.58633,0.00789,-0.00154,0.00065,0.59059,0.00094,0.22805,-0.00051,0.70682,0.00056,0.70739,1,3,0.99598,0.08579,0.00276,-0.02572,0.08529,0.07864,0.63239,0,1
1768333699.160827,-0.02481,-0.03282,-0.60170,0.00799,-0.00287,0.00023,0.59059,0.00094,0.22805,-0.00051,0.70682,0.00056,0.70739,1,3,0.99598,0.08579,0.00276,-0.02572,0.08529,0.07864,0.63239,0,1
1768333699.162818,-0.00500,-0.02706,-0.64006,0.00850,-0.00133,0.00058,0.59057,0.00094,0.22805,-0.00051,0.70682,0.00056,0.70739,1,3,0.99598,0.08579,0.00276,-0.02572,0.08529,0.07864,0.63239,0,1
1768333699.164847,-0.01222,-0.06225,-0.67727,0.00742,-0.00058,0.00030,0.59057,0.00094,0.22805,-0.00051,0.70682,0.00056,0.70739,1,3,0.99601,0.08566,0.00327,-0.02463,0.08514,0.07866,0.63244,0,1
1768333699.166829,-0.02796,-0.08629,-0.67650,0.00669,-0.00114,0.00019,0.59053,0.00094,0.22805,-0.00051,0.70682,0.00056,0.70739,1,3,0.99601,0.08566,0.00327,-0.02463,0.08514,0.07866,0.63244,0,1
1768333699.168845,0.00246,-0.05779,-0.71533,0.00900,-0.00012,0.00092,0.59053,0.00094,0.22805,-0.00051,0.70682,0.00056,0.70739,1,3,0.99601,0.08566,0.00327,-0.02463,0.08514,0.07866,0.63244,0,1
1768333699.170835,-0.02018,-0.04525,-0.59373,0.00763,-0.00304,0.00037,0.59051,0.00094,0.22805,-0.00051,0.70682,0.00056,0.70739,1,3,0.99601,0.08566,0.00327,-0.02463,0.08514,0.07866,0.63244,0,1
1768333699.172841,-0.00529,-0.05196,-0.48678,0.00580,-0.00499,0.00086,0.59048,0.00094,0.22806,-0.00051,0.70682,0.00056,0.70739,1,3,0.99601,0.08566,0.00327,-0.02463,0.08514,0.07866,0.63244,0,1
1768333699.174839,-0.02660,-0.05278,-0.55593,0.00972,-0.00170,-0.00000,0.59048,0.00094,0.22806,-0.00051,0.70682,0.00056,0.70739,1,3,0.99601,0.08566,0.00327,-0.02463,0.08514,0.07866,0.63244,0,1
1768333699.176833,-0.00848,-0.01974,-0.62519,0.00793,-0.00118,0.00019,0.59045,0.00094,0.22806,-0.00051,0.70682,0.00056,0.70739,1,3,0.99601,0.08566,0.00327,-0.02463,0.08514,0.07866,0.63244,0,1
1768333699.178860,-0.01878,-0.04978,-0.73855,0.00953,0.00012,0.00011,0.59045,0.00094,0.22806,-0.00051,0.70682,0.00056,0.70739,1,3,0.99601,0.08566,0.00327,-0.02463,0.08514,0.07866,0.63244,0,1
1768333699.180849,0.02347,-0.02091,-0.72391,0.00902,-0.00065,0.00088,0.59042,0.00094,0.22806,-0.00051,0.70682,0.00056,0.70739,1,3,0.99601,0.08566,0.00327,-0.02463,0.08514,0.07866,0.63244,0,1
1768333699.182852,-0.01734,-0.04618,-0.60125,0.00477,-0.00295,0.00037,0.59042,0.00094,0.22806,-0.00051,0.70682,0.00056,0.70739,1,3,0.99601,0.08566,0.00327,-0.02463,0.08514,0.07866,0.63244,0,1
1768333699.184870,-0.00984,-0.03431,-0.53375,0.00929,-0.00077,0.00026,0.59039,0.00094,0.22806,-0.00051,0.70682,0.00056,0.70739,1,3,0.99601,0.08566,0.00327,-0.02463,0.08514,0.07866,0.63244,0,1
1768333699.186856,-0.01414,-0.06576,-0.49476,0.00956,-0.00133,0.00058,0.59039,0.00094,0.22806,-0.00051,0.70682,0.00056,0.70739,1,3,0.99601,0.08566,0.00327,-0.02463,0.08514,0.07866,0.63244,0,1
1768333699.188844,0.00042,-0.03554,-0.57179,0.00731,-0.00026,0.00022,0.59035,0.00094,0.22806,-0.00051,0.70682,0.00056,0.70739,1,3,0.99601,0.08566,0.00327,-0.02463,0.08514,0.07866,0.63244,0,1
1768333699.190859,0.00955,-0.02281,-0.77724,0.01052,-0.00036,0.00031,0.59035,0.00094,0.22806,-0.00051,0.70682,0.00056,0.70739,1,3,0.99601,0.08566,0.00327,-0.02463,0.08514,0.07866,0.63244,0,1
1768333699.192852,-0.01265,-0.02819,-0.77667,0.00718,-0.00046,0.00088,0.59035,0.00094,0.22806,-0.00051,0.70682,0.00056,0.70739,1,3,0.99601,0.08566,0.00327,-0.02463,0.08514,0.07866,0.63244,0,1
1768333699.194867,-0.00130,-0.04421,-0.71583,0.00939,-0.00124,-0.00002,0.59032,0.00094,0.22806,-0.00051,0.70682,0.00056,0.70739,1,3,0.99601,0.08566,0.00327,-0.02463,0.08514,0.07866,0.63244,0,1
1768333699.196867,-0.02925,-0.05603,-0.56316,0.00771,-0.00153,0.00067,0.59032,0.00094,0.22806,-0.00051,0.70682,0.00056,0.70739,1,3,0.99601,0.08566,0.00327,-0.02463,0.08514,0.07866,0.63244,0,1
1768333699.198850,0.01333,-0.06019,-0.51749,0.00810,-0.00357,0.00040,0.59029,0.00094,0.22806,-0.00051,0.70682,0.00056,0.70739,1,3,0.99601,0.08566,0.00327,-0.02463,0.08514,0.07866,0.63244,0,1
1768333699.200832,-0.03046,-0.05029,-0.60905,0.00931,-0.00190,0.00010,0.59029,0.00094,0.22806,-0.00051,0.70682,0.00056,0.70739,1,3,0.99601,0.08566,0.00327,-0.02463,0.08514,0.07866,0.63244,0,1
1768333699.202837,-0.00093,-0.08311,-0.75997,0.00913,-0.00234,0.00063,0.59026,0.00094,0.22806,-0.00051,0.70682,0.00056,0.70739,1,3,0.99604,0.08508,0.00275,-0.02579,0.08496,0.07867,0.63234,0,1
1768333699.204846,-0.01958,-0.06290,-0.70759,0.01091,-0.00151,0.00014,0.59026,0.00094,0.22806,-0.00051,0.70682,0.00056,0.70739,1,3,0.99604,0.08508,0.00275,-0.02579,0.08496,0.07867,0.63234,0,1
1768333699.206831,-0.00519,-0.05103,-0.56346,0.00909,-0.00182,0.00051,0.59023,0.00094,0.22806,-0.00051,0.70682,0.00056,0.70739,1,3,0.99604,0.08508,0.00275,-0.02579,0.08496,0.07867,0.63234,0,1
1768333699.208886,0.01707,-0.04026,-0.53346,0.00747,-0.00108,0.00078,0.59023,0.00094,0.22806,-0.00051,0.70682,0.00056,0.70739,1,3,0.99604,0.08508,0.00275,-0.02579,0.08496,0.07867,0.63234,0,1
1768333699.210859,-0.02509,-0.04986,-0.63949,0.00735,-0.00031,0.00060,0.59020,0.00094,0.22806,-0.00051,0.70682,0.00056,0.70739,1,3,0.99604,0.08508,0.00275,-0.02579,0.08496,0.07867,0.63234,0,1
1768333699.212931,-0.00182,-0.05437,-0.76852,0.00948,-0.00108,0.00061,0.59017,0.00094,0.22806,-0.00051,0.70682,0.00056,0.70739,1,3,0.99604,0.08508,0.00275,-0.02579,0.08496,0.07867,0.63234,0,1
1768333699.214868,-0.01763,-0.06728,-0.71477,0.00932,-0.00292,0.00028,0.59017,0.00094,0.22806,-0.00051,0.70682,0.00056,0.70739,1,3,0.99604,0.08508,0.00275,-0.02579,0.08496,0.07867,0.63234,0,1
1768333699.216867,-0.02594,-0.05727,-0.56340,0.00944,-0.00234,-0.00027,0.59014,0.00094,0.22806,-0.00051,0.70682,0.00056,0.70739,1,3,0.99604,0.08508,0.00275,-0.02579,0.08496,0.07867,0.63234,0,1
1768333699.218864,-0.01172,-0.04606,-0.52534,0.00718,-0.00238,0.00082,0.59014,0.00094,0.22806,-0.00051,0.70682,0.00056,0.70739,1,3,0.99604,0.08508,0.00275,-0.02579,0.08496,0.07867,0.63234,0,1
1768333699.220856,-0.00477,-0.05755,-0.65462,0.00813,-0.00029,0.00057,0.59011,0.00094,0.22806,-0.00051,0.70682,0.00056,0.70739,1,3,0.99604,0.08508,0.00275,-0.02579,0.08496,0.07867,0.63234,0,1
1768333699.222864,-0.01586,-0.04175,-0.76894,0.01072,-0.00054,0.00048,0.59011,0.00094,0.22806,-0.00051,0.70682,0.00056,0.70739,1,3,0.99604,0.08508,0.00275,-0.02579,0.08496,0.07867,0.63234,0,1
1768333699.224872,0.01452,-0.03976,-0.69341,0.01031,-0.00068,-0.00016,0.59011,0.00094,0.22806,-0.00051,0.70682,0.00056,0.70739,1,3,0.99604,0.08508,0.00275,-0.02579,0.08496,0.07867,0.63234,0,1
1768333699.226845,-0.02291,0.00732,-0.60310,0.00914,-0.00026,0.00047,0.59007,0.00094,0.22806,-0.00051,0.70682,0.00056,0.70740,1,3,0.99604,0.08508,0.00275,-0.02579,0.08496,0.07867,0.63234,0,1
1768333699.228857,-0.01956,-0.02698,-0.61725,0.00653,-0.00154,0.00021,0.59007,0.00094,0.22806,-0.00051,0.70682,0.00056,0.70740,1,3,0.99604,0.08508,0.00275,-0.02579,0.08496,0.07867,0.63234,0,1
1768333699.230854,0.01365,-0.03731,-0.69279,0.00685,-0.00217,0.00079,0.59004,0.00094,0.22806,-0.00051,0.70682,0.00056,0.70740,1,3,0.99604,0.08508,0.00275,-0.02579,0.08496,0.07867,0.63234,0,1
1768333699.232881,-0.00086,-0.10477,-0.66010,0.00538,-0.00435,0.00113,0.59004,0.00094,0.22806,-0.00051,0.70682,0.00056,0.70740,1,3,0.99604,0.08508,0.00275,-0.02579,0.08496,0.07867,0.63234,0,1
1768333699.234882,-0.03213,-0.07559,-0.56315,0.01075,-0.00035,-0.00000,0.59001,0.00094,0.22806,-0.00051,0.70682,0.00056,0.70740,1,3,0.99604,0.08508,0.00275,-0.02579,0.08496,0.07867,0.63234,0,1
1768333699.236892,-0.00444,-0.07280,-0.55557,0.00773,0.00034,0.00065,0.59001,0.00094,0.22806,-0.00051,0.70682,0.00056,0.70740,1,3,0.99604,0.08508,0.00275,-0.02579,0.08496,0.07867,0.63234,0,1
1768333699.238890,-0.01333,-0.05133,-0.67756,0.00886,-0.00134,0.00002,0.58998,0.00094,0.22806,-0.00051,0.70682,0.00056,0.70739,1,3,0.99604,0.08508,0.00275,-0.02579,0.08496,0.07867,0.63234,0,1
1768333699.240913,0.03654,-0.03216,-0.74631,0.00932,-0.00233,0.00059,0.58998,0.00094,0.22806,-0.00051,0.70682,0.00056,0.70739,1,3,0.99606,0.08467,0.00465,-0.02581,0.08478,0.07866,0.63207,0,1
1768333699.242889,-0.00450,-0.04687,-0.68522,0.00826,-0.00132,0.00028,0.58995,0.00094,0.22806,-0.00051,0.70682,0.00056,0.70740,1,3,0.99606,0.08467,0.00465,-0.02581,0.08478,0.07866,0.63207,0,1
1768333699.244899,-0.02618,-0.05012,-0.59405,0.00822,0.00046,0.00064,0.58995,0.00094,0.22806,-0.00051,0.70682,0.00056,0.70740,1,3,0.99606,0.08467,0.00465,-0.02581,0.08478,0.07866,0.63207,0,1
1768333699.246885,-0.02582,-0.05396,-0.55606,0.00861,-0.00057,-0.00000,0.58992,0.00094,0.22806,-0.00051,0.70682,0.00056,0.70740,1,3,0.99606,0.08467,0.00465,-0.02581,0.08478,0.07866,0.63207,0,1
1768333699.248895,-0.01277,-0.03068,-0.63979,0.00846,-0.00276,0.00032,0.58989,0.00094,0.22806,-0.00051,0.70682,0.00056,0.70739,1,3,0.99606,0.08467,0.00465,-0.02581,0.08478,0.07866,0.63207,0,1
1768333699.250884,0.02498,-0.06777,-0.78321,0.00910,-0.00381,0.00018,0.58989,0.00094,0.22806,-0.00051,0.70682,0.00056,0.70739,1,3,0.99606,0.08467,0.00465,-0.02581,0.08478,0.07866,0.63207,0,1
1768333699.253012,-0.02234,-0.04218,-0.68531,0.00875,-0.00035,0.00056,0.58985,0.00094,0.22806,-0.00051,0.70682,0.00056,0.70740,1,3,0.99606,0.08467,0.00465,-0.02581,0.08478,0.07866,0.63207,0,1
1768333699.254881,-0.02622,-0.06807,-0.57061,0.00910,-0.00143,0.00040,0.58985,0.00094,0.22806,-0.00051,0.70682,0.00056,0.70740,1,3,0.99606,0.08467,0.00465,-0.02581,0.08478,0.07866,0.63207,0,1
1768333699.256896,-0.02554,-0.02916,-0.52602,0.00804,-0.00109,0.00055,0.58982,0.00094,0.22806,-0.00051,0.70681,0.00056,0.70740,1,3,0.99606,0.08467,0.00465,-0.02581,0.08478,0.07866,0.63207,0,1
1768333699.258900,0.01228,-0.03620,-0.64752,0.00883,-0.00255,0.00002,0.58982,0.00094,0.22806,-0.00051,0.70681,0.00056,0.70740,1,3,0.99606,0.08467,0.00465,-0.02581,0.08478,0.07866,0.63207,0,1
1768333699.260949,-0.00994,-0.06029,-0.76845,0.00875,0.00016,0.00075,0.58979,0.00094,0.22807,-0.00051,0.70681,0.00056,0.70740,1,3,0.99606,0.08467,0.00465,-0.02581,0.08478,0.07866,0.63207,0,1
1768333699.262917,-0.00255,-0.06410,-0.79910,0.01067,-0.00057,-0.00035,0.58979,0.00094,0.22807,-0.00051,0.70681,0.00056,0.70740,1,3,0.99606,0.08467,0.00465,-0.02581,0.08478,0.07866,0.63207,0,1
1768333699.264913,-0.00764,-0.09572,-0.63091,0.01138,-0.00061,0.00047,0.58979,0.00094,0.22807,-0.00051,0.70681,0.00056,0.70740,1,3,0.99606,0.08467,0.00465,-0.02581,0.08478,0.07866,0.63207,0,1
1768333699.266932,0.00490,-0.07614,-0.45654,0.00769,-0.00181,0.00046,0.58976,0.00094,0.22806,-0.00051,0.70681,0.00056,0.70740,1,3,0.99606,0.08467,0.00465,-0.02581,0.08478,0.07866,0.63207,0,1
1768333699.268910,0.00542,-0.03705,-0.52584,0.00685,-0.00184,0.00053,0.58976,0.00094,0.22806,-0.00051,0.70681,0.00056,0.70740,1,3,0.99606,0.08467,0.00465,-0.02581,0.08478,0.07866,0.63207,0,1
1768333699.270907,0.00544,-0.04371,-0.76904,0.01114,-0.00157,-0.00007,0.58973,0.00094,0.22807,-0.00051,0.70681,0.00056,0.70740,1,3,0.99606,0.08467,0.00465,-0.02581,0.08478,0.07866,0.63207,0,1
1768333699.272912,0.00140,-0.04235,-0.83755,0.01050,-0.00037,0.00001,0.58973,0.00094,0.22807,-0.00051,0.70681,0.00056,0.70740,1,3,0.99606,0.08467,0.00465,-0.02581,0.08478,0.07866,0.63207,0,1
1768333699.274912,0.00539,-0.06335,-0.64685,0.00632,-0.00016,0.00071,0.58973,0.00094,0.22807,-0.00051,0.70681,0.00056,0.70740,1,3,0.99606,0.08467,0.00465,-0.02581,0.08478,0.07866,0.63207,0,1
1768333699.276932,-0.03511,-0.08376,-0.50241,0.00956,0.00057,-0.00035,0.58970,0.00094,0.22807,-0.00051,0.70681,0.00056,0.70740,1,3,0.99606,0.08467,0.00465,-0.02581,0.08478,0.07866,0.63207,0,1
1768333699.278932,-0.00796,-0.05446,-0.47219,0.00730,-0.00103,0.00086,0.58966,0.00094,0.22807,-0.00051,0.70680,0.00056,0.70741,1,3,0.99606,0.08467,0.00465,-0.02581,0.08478,0.07866,0.63207,0,1
1768333699.280941,0.01890,-0.01388,-0.68639,0.00932,0.00028,0.00050,0.58966,0.00094,0.22807,-0.00051,0.70680,0.00056,0.70741,1,3,0.99616,0.08371,0.00448,-0.02515,0.08443,0.07870,0.63205,0,1
1768333699.282909,0.03179,-0.01583,-0.81522,0.00930,-0.00113,0.00066,0.58963,0.00094,0.22807,-0.00051,0.70680,0.00056,0.70741,1,3,0.99616,0.08371,0.00448,-0.02515,0.08443,0.07870,0.63205,0,1
1768333699.284950,0.00244,-0.04157,-0.71566,0.00964,-0.00166,0.00051,0.58963,0.00094,0.22807,-0.00051,0.70680,0.00056,0.70741,1,3,0.99616,0.08371,0.00448,-0.02515,0.08443,0.07870,0.63205,0,1
1768333699.286902,-0.00929,-0.06820,-0.53286,0.00931,-0.00152,0.00000,0.58960,0.00094,0.22807,-0.00051,0.70680,0.00056,0.70741,1,3,0.99616,0.08371,0.00448,-0.02515,0.08443,0.07870,0.63205,0,1
1768333699.288927,-0.02055,-0.05535,-0.48747,0.00816,-0.00216,-0.00008,0.58956,0.00094,0.22807,-0.00051,0.70680,0.00056,0.70741,1,3,0.99616,0.08371,0.00448,-0.02515,0.08443,0.07870,0.63205,0,1
1768333699.290924,0.01432,-0.04406,-0.66258,0.01048,-0.00155,0.00041,0.58956,0.00094,0.22807,-0.00051,0.70680,0.00056,0.70741,1,3,0.99616,0.08371,0.00448,-0.02515,0.08443,0.07870,0.63205,0,1
1768333699.292957,0.00724,-0.05489,-0.84450,0.00882,-0.00106,0.00054,0.58953,0.00094,0.22807,-0.00051,0.70680,0.00056,0.70741,1,3,0.99616,0.08371,0.00448,-0.02515,0.08443,0.07870,0.63205,0,1
1768333699.294922,0.00775,-0.03558,-0.76156,0.00818,-0.00058,0.00047,0.58953,0.00094,0.22807,-0.00051,0.70680,0.00056,0.70741,1,3,0.99616,0.08371,0.00448,-0.02515,0.08443,0.07870,0.63205,0,1
1768333699.296961,-0.01325,-0.05170,-0.55611,0.00864,-0.00072,0.00012,0.58950,0.00094,0.22807,-0.00051,0.70680,0.00056,0.70741,1,3,0.99616,0.08371,0.00448,-0.02515,0.08443,0.07870,0.63205,0,1
1768333699.298923,-0.00410,-0.07597,-0.46450,0.00857,-0.00121,-0.00035,0.58950,0.00094,0.22807,-0.00051,0.70680,0.00056,0.70741,1,3,0.99616,0.08371,0.00448,-0.02515,0.08443,0.07870,0.63205,0,1
1768333699.300944,0.00829,-0.05321,-0.56337,0.00862,-0.00275,0.00037,0.58947,0.00094,0.22807,-0.00051,0.70680,0.00056,0.70741,1,3,0.99616,0.08371,0.00448,-0.02515,0.08443,0.07870,0.63205,0,1
1768333699.302922,-0.00590,-0.04736,-0.78412,0.00935,-0.00041,0.00020,0.58947,0.00094,0.22807,-0.00051,0.70680,0.00056,0.70741,1,3,0.99616,0.08371,0.00448,-0.02515,0.08443,0.07870,0.63205,0,1
1768333699.304935,-0.02971,-0.03328,-0.76132,0.00711,0.00026,0.00104,0.58947,0.00094,0.22807,-0.00051,0.70680,0.00056,0.70741,1,3,0.99616,0.08371,0.00448,-0.02515,0.08443,0.07870,0.63205,0,1
1768333699.306922,-0.02538,-0.02083,-0.61757,0.00726,0.00043,0.00061,0.58943,0.00094,0.22807,-0.00051,0.70680,0.00056,0.70742,1,3,0.99616,0.08371,0.00448,-0.02515,0.08443,0.07870,0.63205,0,1
1768333699.308927,0.01414,-0.05202,-0.52548,0.00667,-0.00193,0.00053,0.58943,0.00094,0.22807,-0.00051,0.70680,0.00056,0.70742,1,3,0.99616,0.08371,0.00448,-0.02515,0.08443,0.07870,0.63205,0,1
1768333699.310945,-0.02573,-0.08162,-0.61575,0.00937,-0.00295,-0.00004,0.58940,0.00094,0.22807,-0.00051,0.70680,0.00056,0.70742,1,3,0.99616,0.08371,0.00448,-0.02515,0.08443,0.07870,0.63205,0,1
1768333699.312920,0.00607,-0.07800,-0.66948,0.01094,-0.00169,-0.00025,0.58940,0.00094,0.22807,-0.00051,0.70680,0.00056,0.70742,1,3,0.99616,0.08371,0.00448,-0.02515,0.08443,0.07870,0.63205,0,1
1768333699.314922,-0.00929,-0.06906,-0.66932,0.00865,-0.00111,0.00070,0.58940,0.00094,0.22807,-0.00051,0.70680,0.00056,0.70742,1,3,0.99621,0.08326,0.00443,-0.02473,0.08428,0.07874,0.63218,0,1
1768333699.316959,-0.01355,-0.02660,-0.60943,0.00851,-0.00173,0.00101,0.58937,0.00094,0.22807,-0.00051,0.70680,0.00056,0.70742,1,3,0.99621,0.08326,0.00443,-0.02473,0.08428,0.07874,0.63218,0,1
1768333699.318947,-0.02508,-0.06762,-0.65417,0.00844,-0.00233,-0.00007,0.58937,0.00094,0.22807,-0.00051,0.70680,0.00056,0.70742,1,3,0.99621,0.08326,0.00443,-0.02473,0.08428,0.07874,0.63218,0,1
1768333699.320993,-0.01929,-0.05488,-0.69957,0.00685,-0.00392,0.00056,0.58933,0.00094,0.22807,-0.00051,0.70680,0.00056,0.70742,1,3,0.99621,0.08326,0.00443,-0.02473,0.08428,0.07874,0.63218,0,1
1768333699.322932,-0.01065,-0.06567,-0.60839,0.00650,-0.00288,0.00049,0.58933,0.00094,0.22807,-0.00051,0.70680,0.00056,0.70742,1,3,0.99621,0.08326,0.00443,-0.02473,0.08428,0.07874,0.63218,0,1
1768333699.324961,-0.04842,-0.05100,-0.58608,0.00952,-0.00053,0.00093,0.58930,0.00094,0.22808,-0.00051,0.70679,0.00056,0.70742,1,3,0.99621,0.08326,0.00443,-0.02473,0.08428,0.07874,0.63218,0,1
1768333699.327191,-0.03086,-0.05571,-0.62416,0.00946,-0.00126,0.00022,0.58927,0.00094,0.22807,-0.00051,0.70680,0.00056,0.70742,1,3,0.99621,0.08326,0.00443,-0.02473,0.08428,0.07874,0.63218,0,1
1768333699.328975,-0.02360,-0.06287,-0.69170,0.00654,-0.00322,0.00098,0.58927,0.00094,0.22807,-0.00051,0.70680,0.00056,0.70742,1,3,0.99621,0.08326,0.00443,-0.02473,0.08428,0.07874,0.63218,0,1
1768333699.330949,0.01108,-0.06107,-0.64672,0.00962,-0.00213,0.00070,0.58923,0.00094,0.22808,-0.00051,0.70679,0.00056,0.70742,1,3,0.99621,0.08326,0.00443,-0.02473,0.08428,0.07874,0.63218,0,1
1768333699.332949,-0.00997,-0.02422,-0.60968,0.00919,-0.00140,0.00074,0.58920,0.00094,0.22808,-0.00051,0.70679,0.00056,0.70742,1,3,0.99621,0.08326,0.00443,-0.02473,0.08428,0.07874,0.63218,0,1
1768333699.334945,-0.00059,-0.04986,-0.60179,0.00844,-0.00049,0.00020,0.58920,0.00094,0.22808,-0.00051,0.70679,0.00056,0.70742,1,3,0.99621,0.08326,0.00443,-0.02473,0.08428,0.07874,0.63218,0,1
1768333699.336957,-0.01565,-0.06660,-0.70004,0.01064,-0.00015,0.00041,0.58917,0.00094,0.22808,-0.00051,0.70679,0.00056,0.70742,1,3,0.99621,0.08326,0.00443,-0.02473,0.08428,0.07874,0.63218,0,1
1768333699.338954,0.00021,-0.05079,-0.73091,0.01215,-0.00138,-0.00004,0.58917,0.00094,0.22808,-0.00051,0.70679,0.00056,0.70742,1,3,0.99621,0.08326,0.00443,-0.02473,0.08428,0.07874,0.63218,0,1
1768333699.340955,-0.02668,-0.03324,-0.60191,0.00952,-0.00171,0.00023,0.58917,0.00094,0.22808,-0.00051,0.70679,0.00056,0.70742,1,3,0.99621,0.08326,0.00443,-0.02473,0.08428,0.07874,0.63218,0,1
1768333699.342936,-0.02691,-0.03384,-0.62480,0.00951,-0.00094,0.00021,0.58917,0.00094,0.22808,-0.00051,0.70679,0.00056,0.70742,1,3,0.99621,0.08326,0.00443,-0.02473,0.08428,0.07874,0.63218,0,1
1768333699.344966,-0.02706,-0.05677,-0.63145,0.00552,-0.00155,0.00062,0.58913,0.00094,0.22808,-0.00051,0.70680,0.00056,0.70742,1,3,0.99621,0.08326,0.00443,-0.02473,0.08428,0.07874,0.63218,0,1
1768333699.346972,0.00109,-0.06047,-0.68470,0.01116,-0.00213,0.00068,0.58913,0.00094,0.22808,-0.00051,0.70680,0.00056,0.70742,1,3,0.99621,0.08326,0.00443,-0.02473,0.08428,0.07874,0.63218,0,1
1768333699.348992,-0.01109,-0.05555,-0.58597,0.00706,-0.00289,0.00024,0.58910,0.00094,0.22808,-0.00051,0.70680,0.00056,0.70742,1,3,0.99621,0.08326,0.00443,-0.02473,0.08428,0.07874,0.63218,0,1
1768333699.350956,-0.01846,-0.04260,-0.63204,0.01006,-0.00243,0.00006,0.58910,0.00094,0.22808,-0.00051,0.70680,0.00056,0.70742,1,3,0.99621,0.08326,0.00443,-0.02473,0.08428,0.07874,0.63218,0,1
1768333699.352962,-0.00840,-0.07421,-0.65410,0.00793,-0.00100,0.00045,0.58907,0.00094,0.22808,-0.00051,0.70679,0.00056,0.70742,1,3,0.99621,0.08265,0.00482,-0.02675,0.08408,0.07874,0.63198,0,1
1768333699.354978,-0.00782,-0.08633,-0.72231,0.01128,-0.00023,0.00052,0.58907,0.00094,0.22808,-0.00051,0.70679,0.00056,0.70742,1,3,0.99621,0.08265,0.00482,-0.02675,0.08408,0.07874,0.63198,0,1
1768333699.357008,-0.01518,-0.04561,-0.63166,0.01024,-0.00207,0.00114,0.58903,0.00094,0.22807,-0.00051,0.70680,0.00056,0.70741,1,3,0.99621,0.08265,0.00482,-0.02675,0.08408,0.07874,0.63198,0,1
1768333699.358981,0.01061,-0.05595,-0.67746,0.01034,-0.00201,0.00014,0.58900,0.00094,0.22807,-0.00051,0.70680,0.00056,0.70741,1,3,0.99621,0.08265,0.00482,-0.02675,0.08408,0.07874,0.63198,0,1
1768333699.360963,-0.01508,-0.08492,-0.72977,0.01086,-0.00192,0.00013,0.58900,0.00094,0.22807,-0.00051,0.70680,0.00056,0.70741,1,3,0.99621,0.08265,0.00482,-0.02675,0.08408,0.07874,0.63198,0,1
1768333699.362996,-0.01947,-0.09181,-0.71414,0.01099,-0.00249,0.00055,0.58896,0.00094,0.22807,-0.00051,0.70680,0.00056,0.70741,1,3,0.99621,0.08265,0.00482,-0.02675,0.08408,0.07874,0.63198,0,1
1768333699.365017,-0.03101,-0.07459,-0.60088,0.01011,-0.00201,-0.00003,0.58896,0.00094,0.22807,-0.00051,0.70680,0.00056,0.70741,1,3,0.99621,0.08265,0.00482,-0.02675,0.08408,0.07874,0.63198,0,1
1768333699.366971,-0.00960,-0.05783,-0.56337,0.00966,-0.00215,0.00011,0.58893,0.00094,0.22807,-0.00051,0.70680,0.00056,0.70741,1,3,0.99621,0.08265,0.00482,-0.02675,0.08408,0.07874,0.63198,0,1
1768333699.368975,-0.00966,-0.07357,-0.64668,0.00947,-0.00112,0.00005,0.58893,0.00094,0.22807,-0.00051,0.70680,0.00056,0.70741,1,3,0.99621,0.08265,0.00482,-0.02675,0.08408,0.07874,0.63198,0,1
1768333699.371010,0.04064,-0.04459,-0.73856,0.00960,-0.00212,0.00032,0.58889,0.00094,0.22807,-0.00051,0.70680,0.00056,0.70741,1,3,0.99621,0.08265,0.00482,-0.02675,0.08408,0.07874,0.63198,0,1
1768333699.372975,0.00208,-0.04123,-0.70045,0.01008,-0.00191,0.00053,0.58889,0.00094,0.22807,-0.00051,0.70680,0.00056,0.70741,1,3,0.99621,0.08265,0.00482,-0.02675,0.08408,0.07874,0.63198,0,1
1768333699.374969,-0.01308,-0.03211,-0.59447,0.00822,-0.00086,0.00035,0.58886,0.00094,0.22807,-0.00051,0.70681,0.00056,0.70741,1,3,0.99621,0.08265,0.00482,-0.02675,0.08408,0.07874,0.63198,0,1
1768333699.377004,-0.03489,-0.04307,-0.61669,0.00918,-0.00172,0.00050,0.58886,0.00094,0.22807,-0.00051,0.70681,0.00056,0.70741,1,3,0.99621,0.08265,0.00482,-0.02675,0.08408,0.07874,0.63198,0,1
1768333699.379068,0.00245,-0.06133,-0.68491,0.00983,-0.00139,0.00027,0.58886,0.00094,0.22807,-0.00051,0.70681,0.00056,0.70741,1,3,0.99621,0.08265,0.00482,-0.02675,0.08408,0.07874,0.63198,0,1
1768333699.380998,-0.02517,-0.08716,-0.63062,0.00843,-0.00269,0.00049,0.58883,0.00094,0.22807,-0.00051,0.70680,0.00056,0.70741,1,3,0.99621,0.08265,0.00482,-0.02675,0.08408,0.07874,0.63198,0,1
1768333699.382994,-0.02288,-0.06525,-0.66917,0.00979,-0.00209,0.00085,0.58883,0.00094,0.22807,-0.00051,0.70680,0.00056,0.70741,1,3,0.99621,0.08265,0.00482,-0.02675,0.08408,0.07874,0.63198,0,1
1768333699.384992,-0.00589,-0.08001,-0.63119,0.01026,-0.00217,0.00006,0.58879,0.00094,0.22807,-0.00051,0.70681,0.00056,0.70741,1,3,0.99621,0.08265,0.00482,-0.02675,0.08408,0.07874,0.63198,0,1
1768333699.386998,-0.00604,-0.07982,-0.57024,0.01027,-0.00242,0.00051,0.58879,0.00094,0.22807,-0.00051,0.70681,0.00056,0.70741,1,3,0.99621,0.08265,0.00482,-0.02675,0.08408,0.07874,0.63198,0,1
1768333699.389003,-0.00210,-0.06790,-0.60108,0.01041,-0.00197,0.00035,0.58876,0.00094,0.22807,-0.00051,0.70681,0.00056,0.70741,1,3,0.99621,0.08265,0.00482,-0.02675,0.08408,0.07874,0.63198,0,1
1768333699.390981,-0.00920,-0.02413,-0.60961,0.00854,-0.00179,0.00074,0.58876,0.00094,0.22807,-0.00051,0.70681,0.00056,0.70741,1,3,0.99631,0.08202,0.00392,-0.02514,0.08394,0.07880,0.63226,0,1
1768333699.392990,-0.01599,-0.05462,-0.70758,0.00686,-0.00117,0.00068,0.58872,0.00094,0.22807,-0.00051,0.70681,0.00056,0.70741,1,3,0.99631,0.08202,0.00392,-0.02514,0.08394,0.07880,0.63226,0,1
1768333699.395033,-0.02432,-0.05633,-0.72331,0.01120,-0.00007,-0.00028,0.58872,0.00094,0.22807,-0.00051,0.70681,0.00056,0.70741,1,3,0.99631,0.08202,0.00392,-0.02514,0.08394,0.07880,0.63226,0,1
1768333699.397034,-0.00200,-0.06331,-0.62409,0.01025,-0.00160,0.00019,0.58869,0.00094,0.22807,-0.00051,0.70681,0.00056,0.70740,1,3,0.99631,0.08202,0.00392,-0.02514,0.08394,0.07880,0.63226,0,1
1768333699.399045,-0.01431,-0.02157,-0.54909,0.00944,-0.00123,0.00052,0.58869,0.00094,0.22807,-0.00051,0.70681,0.00056,0.70740,1,3,0.99631,0.08202,0.00392,-0.02514,0.08394,0.07880,0.63226,0,1
1768333699.401048,-0.00477,-0.02645,-0.61716,0.00851,-0.00210,0.00060,0.58865,0.00094,0.22807,-0.00051,0.70681,0.00056,0.70741,1,3,0.99631,0.08202,0.00392,-0.02514,0.08394,0.07880,0.63226,0,1
1768333699.402997,-0.01211,-0.07491,-0.66137,0.00814,-0.00311,0.00032,0.58862,0.00094,0.22807,-0.00051,0.70681,0.00056,0.70740,1,3,0.99631,0.08202,0.00392,-0.02514,0.08394,0.07880,0.63226,0,1
1768333699.405028,-0.01668,-0.05674,-0.68530,0.01164,0.00035,0.00015,0.58862,0.00094,0.22807,-0.00051,0.70681,0.00056,0.70740,1,3,0.99631,0.08202,0.00392,-0.02514,0.08394,0.07880,0.63226,0,1
1768333699.407002,0.03023,-0.06625,-0.58638,0.01044,0.00120,0.00099,0.58858,0.00094,0.22807,-0.00051,0.70681,0.00056,0.70740,1,3,0.99631,0.08202,0.00392,-0.02514,0.08394,0.07880,0.63226,0,1
1768333699.409045,0.00540,-0.07419,-0.62415,0.01099,-0.00016,0.00005,0.58858,0.00094,0.22807,-0.00051,0.70681,0.00056,0.70740,1,3,0.99631,0.08202,0.00392,-0.02514,0.08394,0.07880,0.63226,0,1
1768333699.411031,-0.01952,-0.06610,-0.66145,0.00650,-0.00226,0.00086,0.58855,0.00094,0.22806,-0.00051,0.70682,0.00056,0.70740,1,3,0.99631,0.08202,0.00392,-0.02514,0.08394,0.07880,0.63226,0,1
1768333699.413040,-0.00313,-0.08171,-0.78288,0.01177,-0.00308,0.00021,0.58855,0.00094,0.22806,-0.00051,0.70682,0.00056,0.70740,1,3,0.99631,0.08202,0.00392,-0.02514,0.08394,0.07880,0.63226,0,1
1768333699.415055,0.00160,-0.05053,-0.70762,0.01062,-0.00252,0.00079,0.58851,0.00094,0.22806,-0.00051,0.70681,0.00056,0.70740,1,3,0.99631,0.08202,0.00392,-0.02514,0.08394,0.07880,0.63226,0,1
1768333699.417072,-0.01462,-0.04099,-0.59406,0.00986,-0.00159,0.00063,0.58851,0.00094,0.22806,-0.00051,0.70681,0.00056,0.70740,1,3,0.99631,0.08202,0.00392,-0.02514,0.08394,0.07880,0.63226,0,1
1768333699.419035,0.00603,-0.06254,-0.64698,0.01113,-0.00246,-0.00024,0.58847,0.00094,0.22806,-0.00051,0.70681,0.00056,0.70740,1,3,0.99631,0.08202,0.00392,-0.02514,0.08394,0.07880,0.63226,0,1
1768333699.421018,0.02750,-0.05566,-0.68503,0.01056,-0.00284,0.00011,0.58847,0.00094,0.22806,-0.00051,0.70681,0.00056,0.70740,1,3,0.99631,0.08202,0.00392,-0.02514,0.08394,0.07880,0.63226,0,1
1768333699.423025,-0.00769,-0.11452,-0.77449,0.01181,-0.00198,0.00050,0.58844,0.00094,0.22806,-0.00051,0.70682,0.00056,0.70740,1,3,0.99631,0.08202,0.00392,-0.02514,0.08394,0.07880,0.63226,0,1
1768333699.425019,-0.01715,-0.07354,-0.62363,0.00837,-0.00140,0.00048,0.58844,0.00094,0.22806,-0.00051,0.70682,0.00056,0.70740,1,3,0.99631,0.08202,0.00392,-0.02514,0.08394,0.07880,0.63226,0,1
1768333699.427035,-0.01531,-0.07553,-0.55539,0.01076,-0.00105,0.00039,0.58844,0.00094,0.22806,-0.00051,0.70682,0.00056,0.70740,1,3,0.99631,0.08202,0.00392,-0.02514,0.08394,0.07880,0.63226,0,1
1768333699.429018,0.02224,-0.05355,-0.62441,0.01124,-0.00190,0.00030,0.58840,0.00094,0.22806,-0.00051,0.70682,0.00056,0.70740,1,3,0.99631,0.08202,0.00392,-0.02514,0.08394,0.07880,0.63226,0,1
1768333699.431006,0.01893,-0.04165,-0.69294,0.01008,-0.00186,0.00051,0.58840,0.00094,0.22806,-0.00051,0.70682,0.00056,0.70740,1,3,0.99631,0.08202,0.00392,-0.02514,0.08394,0.07880,0.63226,0,1
1768333699.433047,0.01020,-0.05280,-0.73093,0.00994,0.00003,0.00036,0.58837,0.00094,0.22806,-0.00051,0.70682,0.00056,0.70740,1,3,0.99631,0.08202,0.00392,-0.02514,0.08394,0.07880,0.63226,0,1
1768333699.435006,-0.00346,-0.04905,-0.68541,0.01129,-0.00057,0.00013,0.58837,0.00094,0.22806,-0.00051,0.70682,0.00056,0.70740,1,3,0.99631,0.08202,0.00392,-0.02514,0.08394,0.07880,0.63226,0,1
1768333699.437023,0.01032,-0.06743,-0.64681,0.00976,-0.00021,0.00083,0.58833,0.00094,0.22806,-0.00051,0.70682,0.00056,0.70740,1,3,0.99631,0.08202,0.00392,-0.02514,0.08394,0.07880,0.63226,0,1
1768333699.439023,0.00013,-0.04182,-0.69309,0.01160,-0.00049,0.00053,0.58833,0.00094,0.22806,-0.00051,0.70682,0.00056,0.70740,1,3,0.99631,0.08202,0.00392,-0.02514,0.08394,0.07880,0.63226,0,1
1768333699.441026,-0.01029,-0.06787,-0.77553,0.00997,-0.00236,0.00062,0.58829,0.00094,0.22806,-0.00051,0.70681,0.00056,0.70740,1,3,0.99631,0.08202,0.00392,-0.02514,0.08394,0.07880,0.63226,0,1
1768333699.443031,0.02790,-0.04793,-0.70831,0.00934,-0.00057,0.00022,0.58829,0.00094,0.22806,-0.00051,0.70681,0.00056,0.70740,1,3,0.99631,0.08202,0.00392,-0.02514,0.08394,0.07880,0.63226,0,1
1768333699.445057,0.00937,-0.06732,-0.61649,0.01064,0.00005,0.00085,0.58826,0.00094,0.22806,-0.00051,0.70681,0.00056,0.70740,1,3,0.99631,0.08202,0.00392,-0.02514,0.08394,0.07880,0.63226,0,1
1768333699.447088,-0.00202,-0.07949,-0.51003,0.00983,0.00031,0.00028,0.58826,0.00094,0.22806,-0.00051,0.70681,0.00056,0.70740,1,3,0.99641,0.08159,0.00172,-0.02261,0.08382,0.07890,0.63283,0,1
1768333699.449064,-0.03048,-0.03118,-0.57916,0.00889,-0.00128,0.00038,0.58822,0.00094,0.22806,-0.00051,0.70682,0.00056,0.70739,1,3,0.99641,0.08159,0.00172,-0.02261,0.08382,0.07890,0.63283,0,1
1768333699.451050,0.02028,-0.08612,-0.76749,0.00888,-0.00246,0.00088,0.58822,0.00094,0.22806,-0.00051,0.70682,0.00056,0.70739,1,3,0.99641,0.08159,0.00172,-0.02261,0.08382,0.07890,0.63283,0,1
1768333699.453030,0.01812,-0.06171,-0.79899,0.01092,-0.00119,0.00016,0.58819,0.00094,0.22806,-0.00051,0.70682,0.00056,0.70739,1,3,0.99641,0.08159,0.00172,-0.02261,0.08382,0.07890,0.63283,0,1
1768333699.455103,0.01321,-0.05992,-0.60930,0.01116,0.00025,0.00045,0.58819,0.00094,0.22806,-0.00051,0.70682,0.00056,0.70739,1,3,0.99641,0.08159,0.00172,-0.02261,0.08382,0.07890,0.63283,0,1
1768333699.457038,-0.02670,-0.04951,-0.50286,0.00889,0.00008,0.00071,0.58819,0.00094,0.22806,-0.00051,0.70682,0.00056,0.70739,1,3,0.99641,0.08159,0.00172,-0.02261,0.08382,0.07890,0.63283,0,1
1768333699.459039,-0.01885,-0.04799,-0.62437,0.01021,-0.00179,0.00020,0.58812,0.00094,0.22806,-0.00051,0.70682,0.00056,0.70739,1,3,0.99641,0.08159,0.00172,-0.02261,0.08382,0.07890,0.63283,0,1
1768333699.461046,0.02170,-0.05451,-0.82946,0.01123,-0.00111,0.00054,0.58812,0.00094,0.22806,-0.00051,0.70682,0.00056,0.70739,1,3,0.99641,0.08159,0.00172,-0.02261,0.08382,0.07890,0.63283,0,1
1768333699.463025,0.01289,-0.07035,-0.82890,0.01082,0.00017,0.00136,0.58808,0.00094,0.22806,-0.00051,0.70682,0.00056,0.70739,1,3,0.99641,0.08159,0.00172,-0.02261,0.08382,0.07890,0.63283,0,1
1768333699.465060,-0.00764,-0.08712,-0.64648,0.01083,0.00078,0.00058,0.58808,0.00094,0.22806,-0.00051,0.70682,0.00056,0.70739,1,3,0.99641,0.08159,0.00172,-0.02261,0.08382,0.07890,0.63283,0,1
1768333699.467053,-0.02945,-0.09123,-0.51696,0.00794,-0.00036,0.00045,0.58804,0.00094,0.22806,-0.00051,0.70682,0.00056,0.70739,1,3,0.99641,0.08159,0.00172,-0.02261,0.08382,0.07890,0.63283,0,1
1768333699.469059,-0.01338,-0.07990,-0.59312,0.00939,-0.00234,0.00010,0.58804,0.00094,0.22806,-0.00051,0.70682,0.00056,0.70739,1,3,0.99641,0.08159,0.00172,-0.02261,0.08382,0.07890,0.63283,0,1
1768333699.471082,0.02207,-0.06701,-0.76813,0.01195,-0.00365,0.00019,0.58801,0.00094,0.22806,-0.00051,0.70682,0.00056,0.70739,1,3,0.99641,0.08159,0.00172,-0.02261,0.08382,0.07890,0.63283,0,1
1768333699.473058,0.02212,-0.05891,-0.75340,0.01118,-0.00163,0.00033,0.58801,0.00094,0.22806,-0.00051,0.70682,0.00056,0.70739,1,3,0.99641,0.08159,0.00172,-0.02261,0.08382,0.07890,0.63283,0,1
1768333699.475059,-0.00679,-0.06701,-0.63915,0.00998,-0.00013,0.00085,0.58797,0.00094,0.22806,-0.00051,0.70682,0.00056,0.70740,1,3,0.99641,0.08159,0.00172,-0.02261,0.08382,0.07890,0.63283,0,1
1768333699.477063,-0.01894,-0.06872,-0.58600,0.00996,-0.00050,0.00037,0.58797,0.00094,0.22806,-0.00051,0.70682,0.00056,0.70740,1,3,0.99641,0.08159,0.00172,-0.02261,0.08382,0.07890,0.63283,0,1
1768333699.479089,0.00549,-0.05713,-0.63935,0.01163,-0.00296,0.00004,0.58794,0.00094,0.22806,-0.00051,0.70681,0.00056,0.70740,1,3,0.99641,0.08159,0.00172,-0.02261,0.08382,0.07890,0.63283,0,1
1768333699.481058,0.02591,-0.07458,-0.78319,0.01230,-0.00344,0.00018,0.58794,0.00094,0.22806,-0.00051,0.70681,0.00056,0.70740,1,3,0.99641,0.08159,0.00172,-0.02261,0.08382,0.07890,0.63283,0,1
1768333699.483056,0.00383,-0.06963,-0.70009,0.01192,0.00038,0.00066,0.58794,0.00094,0.22806,-0.00051,0.70681,0.00056,0.70740,1,3,0.99641,0.08159,0.00172,-0.02261,0.08382,0.07890,0.63283,0,1
1768333699.485046,-0.01920,-0.05996,-0.55637,0.01007,0.00126,-0.00029,0.58790,0.00094,0.22806,-0.00051,0.70681,0.00056,0.70740,1,3,0.99641,0.08159,0.00172,-0.02261,0.08382,0.07890,0.63283,0,1
1768333699.487067,-0.00962,-0.05353,-0.52568,0.00949,-0.00127,0.00000,0.58790,0.00094,0.22806,-0.00051,0.70681,0.00056,0.70740,1,3,0.99641,0.08159,0.00172,-0.02261,0.08382,0.07890,0.63283,0,1
1768333699.489054,0.03151,-0.04846,-0.70823,0.01087,-0.00252,-0.00032,0.58786,0.00094,0.22806,-0.00051,0.70682,0.00056,0.70740,1,3,0.99641,0.08159,0.00172,-0.02261,0.08382,0.07890,0.63283,0,1
1768333699.491050,0.00785,-0.04832,-0.83750,0.01174,0.00108,0.00053,0.58786,0.00094,0.22806,-0.00051,0.70682,0.00056,0.70740,1,3,0.99641,0.08159,0.00172,-0.02261,0.08382,0.07890,0.63283,0,1
1768333699.493079,0.00379,-0.03630,-0.79994,0.01145,0.00163,0.00043,0.58783,0.00094,0.22806,-0.00051,0.70681,0.00056,0.70740,1,3,0.99641,0.08159,0.00172,-0.02261,0.08382,0.07890,0.63283,0,1
1768333699.495121,-0.02782,-0.06487,-0.57082,0.00957,0.00088,0.00106,0.58783,0.00094,0.22806,-0.00051,0.70681,0.00056,0.70740,1,3,0.99641,0.08159,0.00172,-0.02261,0.08382,0.07890,0.63283,0,1
1768333699.497082,0.00048,-0.07981,-0.60855,0.01223,-0.00187,0.00007,0.58779,0.00094,0.22807,-0.00051,0.70681,0.00056,0.70740,1,3,0.99641,0.08159,0.00172,-0.02261,0.08382,0.07890,0.63283,0,1
1768333699.499080,-0.01506,-0.10616,-0.67521,0.00711,-0.00469,0.00100,0.58779,0.00094,0.22807,-0.00051,0.70681,0.00056,0.70740,1,3,0.99641,0.08159,0.00172,-0.02261,0.08382,0.07890,0.63283,0,1
1768333699.501077,0.00336,-0.08812,-0.76030,0.01301,-0.00087,0.00035,0.58775,0.00094,0.22807,-0.00051,0.70681,0.00056,0.70740,1,3,0.99641,0.08159,0.00172,-0.02261,0.08382,0.07890,0.63283,0,1
1768333699.503087,-0.01630,-0.06217,-0.68480,0.01070,0.00037,0.00109,0.58775,0.00094,0.22807,-0.00051,0.70681,0.00056,0.70740,1,3,0.99641,0.08159,0.00172,-0.02261,0.08382,0.07890,0.63283,0,1
1768333699.505089,0.01741,-0.08006,-0.60860,0.01223,-0.00208,0.00005,0.58772,0.00094,0.22806,-0.00051,0.70681,0.00056,0.70740,1,3,0.99644,0.08031,0.00387,-0.02538,0.08335,0.07887,0.63214,0,1
1768333699.507090,0.01019,-0.05645,-0.56348,0.01033,-0.00124,0.00063,0.58772,0.00094,0.22806,-0.00051,0.70681,0.00056,0.70740,1,3,0.99644,0.08031,0.00387,-0.02538,0.08335,0.07887,0.63214,0,1
1768333699.509076,0.02739,-0.05169,-0.70038,0.01017,-0.00183,0.00037,0.58768,0.00094,0.22807,-0.00051,0.70681,0.00056,0.70740,1,3,0.99644,0.08031,0.00387,-0.02538,0.08335,0.07887,0.63214,0,1
1768333699.511134,-0.00473,-0.06411,-0.82946,0.01242,-0.00003,0.00002,0.58768,0.00094,0.22807,-0.00051,0.70681,0.00056,0.70740,1,3,0.99644,0.08031,0.00387,-0.02538,0.08335,0.07887,0.63214,0,1
1768333699.513106,-0.00891,-0.09580,-0.75270,0.01269,-0.00009,-0.00004,0.58768,0.00094,0.22807,-0.00051,0.70681,0.00056,0.70740,1,3,0.99644,0.08031,0.00387,-0.02538,0.08335,0.07887,0.63214,0,1
1768333699.515094,0.01376,-0.06402,-0.59393,0.01112,-0.00078,0.00019,0.58760,0.00094,0.22807,-0.00051,0.70681,0.00056,0.70741,1,3,0.99644,0.08031,0.00387,-0.02538,0.08335,0.07887,0.63214,0,1
1768333699.517086,0.01175,-0.05252,-0.54093,0.00863,-0.00051,0.00051,0.58760,0.00094,0.22807,-0.00051,0.70681,0.00056,0.70741,1,3,0.99644,0.08031,0.00387,-0.02538,0.08335,0.07887,0.63214,0,1
1768333699.519098,0.00844,-0.05723,-0.70802,0.01163,0.00006,0.00051,0.58757,0.00094,0.22807,-0.00051,0.70681,0.00056,0.70741,1,3,0.99644,0.08031,0.00387,-0.02538,0.08335,0.07887,0.63214,0,1
1768333699.521082,0.02242,-0.06572,-0.78386,0.01022,0.00041,0.00044,0.58757,0.00094,0.22807,-0.00051,0.70681,0.00056,0.70741,1,3,0.99644,0.08031,0.00387,-0.02538,0.08335,0.07887,0.63214,0,1
1768333699.523072,-0.00033,-0.11175,-0.65378,0.01228,0.00121,0.00003,0.58753,0.00094,0.22807,-0.00051,0.70680,0.00056,0.70741,1,3,0.99644,0.08031,0.00387,-0.02538,0.08335,0.07887,0.63214,0,1
1768333699.525075,0.00714,-0.03632,-0.50371,0.00861,0.00118,0.00026,0.58753,0.00094,0.22807,-0.00051,0.70680,0.00056,0.70741,1,3,0.99644,0.08031,0.00387,-0.02538,0.08335,0.07887,0.63214,0,1
1768333699.528033,-0.02224,-0.05680,-0.63174,0.00880,-0.00047,0.00061,0.58749,0.00094,0.22808,-0.00051,0.70680,0.00056,0.70741,1,3,0.99644,0.08031,0.00387,-0.02538,0.08335,0.07887,0.63214,0,1
1768333699.529099,-0.00802,-0.04953,-0.80645,0.01216,-0.00304,0.00032,0.58749,0.00094,0.22808,-0.00051,0.70680,0.00056,0.70741,1,3,0.99644,0.08031,0.00387,-0.02538,0.08335,0.07887,0.63214,0,1
1768333699.531095,0.00570,-0.09205,-0.78275,0.01143,-0.00280,0.00007,0.58745,0.00094,0.22807,-0.00051,0.70680,0.00056,0.70741,1,3,0.99644,0.08031,0.00387,-0.02538,0.08335,0.07887,0.63214,0,1
1768333699.533084,0.01324,-0.04428,-0.59435,0.01135,-0.00078,0.00046,0.58745,0.00094,0.22807,-0.00051,0.70680,0.00056,0.70741,1,3,0.99644,0.08031,0.00387,-0.02538,0.08335,0.07887,0.63214,0,1
1768333699.535113,-0.02605,-0.04411,-0.52571,0.00851,-0.00069,0.00056,0.58742,0.00094,0.22807,-0.00051,0.70680,0.00056,0.70741,1,3,0.99644,0.08031,0.00387,-0.02538,0.08335,0.07887,0.63214,0,1
1768333699.537128,0.00151,-0.06620,-0.65441,0.01065,-0.00113,0.00043,0.58742,0.00094,0.22807,-0.00051,0.70680,0.00056,0.70741,1,3,0.99644,0.08031,0.00387,-0.02538,0.08335,0.07887,0.63214,0,1
1768333699.539132,0.03385,-0.07394,-0.84359,0.00794,-0.00326,0.00107,0.58738,0.00094,0.22807,-0.00051,0.70680,0.00056,0.70741,1,3,0.99644,0.08031,0.00387,-0.02538,0.08335,0.07887,0.63214,0,1
1768333699.541095,0.01707,-0.07118,-0.74548,0.01190,-0.00130,0.00048,0.58738,0.00094,0.22807,-0.00051,0.70680,0.00056,0.70741,1,3,0.99644,0.08031,0.00387,-0.02538,0.08335,0.07887,0.63214,0,1
1768333699.543113,0.02246,-0.05629,-0.60186,0.00990,0.00115,0.00071,0.58734,0.00094,0.22807,-0.00051,0.70680,0.00056,0.70741,1,3,0.99644,0.08031,0.00387,-0.02538,0.08335,0.07887,0.63214,0,1
1768333699.545112,-0.00777,-0.08570,-0.49446,0.00670,0.00090,0.00084,0.58734,0.00094,0.22807,-0.00051,0.70680,0.00056,0.70741,1,3,0.99644,0.08031,0.00387,-0.02538,0.08335,0.07887,0.63214,0,1
1768333699.547105,0.00989,-0.06793,-0.70767,0.00997,0.00043,0.00078,0.58734,0.00094,0.22807,-0.00051,0.70680,0.00056,0.70741,1,3,0.99644,0.08031,0.00387,-0.02538,0.08335,0.07887,0.63214,0,1
1768333699.549102,0.03399,-0.09704,-0.90441,0.01159,-0.00071,0.00061,0.58734,0.00094,0.22807,-0.00051,0.70680,0.00056,0.70741,1,3,0.99644,0.08031,0.00387,-0.02538,0.08335,0.07887,0.63214,0,1
1768333699.551155,0.00032,-0.08097,-0.76821,0.01200,-0.00072,-0.00006,0.58730,0.00094,0.22807,-0.00051,0.70681,0.00056,0.70741,1,3,0.99644,0.08031,0.00387,-0.02538,0.08335,0.07887,0.63214,0,1
1768333699.553105,-0.00311,-0.10529,-0.53161,0.00756,-0.00232,0.00042,0.58726,0.00094,0.22807,-0.00051,0.70681,0.00056,0.70741,1,3,0.99644,0.08031,0.00387,-0.02538,0.08335,0.07887,0.63214,0,1
1768333699.555089,-0.01415,-0.09188,-0.53239,0.00925,0.00047,0.00041,0.58726,0.00094,0.22807,-0.00051,0.70681,0.00056,0.70741,1,3,0.99644,0.08031,0.00387,-0.02538,0.08335,0.07887,0.63214,0,1
1768333699.557090,0.00375,-0.07355,-0.71494,0.01231,-0.00088,0.00078,0.58722,0.00094,0.22807,-0.00051,0.70681,0.00056,0.70741,1,3,0.99644,0.08031,0.00387,-0.02538,0.08335,0.07887,0.63214,0,1
1768333699.559105,0.01446,-0.05185,-0.85243,0.01388,-0.00026,0.00065,0.58722,0.00094,0.22807,-0.00051,0.70681,0.00056,0.70741,1,3,0.99644,0.08031,0.00387,-0.02538,0.08335,0.07887,0.63214,0,1
1768333699.561155,-0.00464,-0.06093,-0.69215,0.00853,-0.00232,0.00068,0.58719,0.00094,0.22807,-0.00051,0.70681,0.00056,0.70741,1,3,0.99644,0.08031,0.00387,-0.02538,0.08335,0.07887,0.63214,0,1
1768333699.563109,-0.01388,-0.10032,-0.47139,0.00980,-0.00094,-0.00007,0.58719,0.00094,0.22807,-0.00051,0.70681,0.00056,0.70741,1,3,0.99644,0.08031,0.00387,-0.02538,0.08335,0.07887,0.63214,0,1
1768333699.565113,-0.01469,-0.06158,-0.49510,0.00983,-0.00019,0.00044,0.58719,0.00094,0.22807,-0.00051,0.70681,0.00056,0.70741,1,3,0.99644,0.08031,0.00387,-0.02538,0.08335,0.07887,0.63214,0,1
1768333699.567160,-0.00244,-0.05886,-0.70792,0.01052,-0.00096,-0.00001,0.58715,0.00094,0.22807,-0.00051,0.70681,0.00056,0.70741,1,3,0.99649,0.07948,0.00350,-0.02588,0.08314,0.07887,0.63202,0,1
1768333699.569165,-0.00331,-0.04130,-0.92868,0.01488,-0.00031,0.00034,0.58711,0.00094,0.22807,-0.00051,0.70680,0.00056,0.70741,1,3,0.99649,0.07948,0.00350,-0.02588,0.08314,0.07887,0.63202,0,1
1768333699.571128,0.01523,-0.04237,-0.74649,0.01312,0.00022,0.00046,0.58711,0.00094,0.22807,-0.00051,0.70680,0.00056,0.70741,1,3,0.99649,0.07948,0.00350,-0.02588,0.08314,0.07887,0.63202,0,1
1768333699.573134,0.00249,-0.03828,-0.49588,0.00902,0.00073,0.00054,0.58711,0.00094,0.22807,-0.00051,0.70680,0.00056,0.70741,1,3,0.99649,0.07948,0.00350,-0.02588,0.08314,0.07887,0.63202,0,1
1768333699.575136,-0.02221,-0.07777,-0.55561,0.00854,0.00132,0.00040,0.58707,0.00094,0.22807,-0.00051,0.70680,0.00056,0.70741,1,3,0.99649,0.07948,0.00350,-0.02588,0.08314,0.07887,0.63202,0,1
1768333699.577131,-0.00020,-0.05764,-0.80681,0.01163,0.00068,0.00044,0.58703,0.00094,0.22807,-0.00051,0.70680,0.00056,0.70741,1,3,0.99649,0.07948,0.00350,-0.02588,0.08314,0.07887,0.63202,0,1
1768333699.579215,0.02378,-0.06494,-0.91237,0.00892,-0.00161,0.00115,0.58703,0.00094,0.22807,-0.00051,0.70680,0.00056,0.70741,1,3,0.99649,0.07948,0.00350,-0.02588,0.08314,0.07887,0.63202,0,1
1768333699.581116,-0.01545,-0.06475,-0.77656,0.01416,0.00187,0.00007,0.58699,0.00094,0.22807,-0.00051,0.70680,0.00056,0.70741,1,3,0.99649,0.07948,0.00350,-0.02588,0.08314,0.07887,0.63202,0,1
1768333699.583117,-0.02279,-0.07661,-0.50250,0.00965,0.00043,0.00004,0.58695,0.00094,0.22807,-0.00051,0.70680,0.00056,0.70741,1,3,0.99649,0.07948,0.00350,-0.02588,0.08314,0.07887,0.63202,0,1
1768333699.585131,-0.00496,-0.09998,-0.52428,0.00937,-0.00205,0.00029,0.58695,0.00094,0.22807,-0.00051,0.70680,0.00056,0.70741,1,3,0.99649,0.07948,0.00350,-0.02588,0.08314,0.07887,0.63202,0,1
1768333699.587121,0.01289,-0.09719,-0.73732,0.01268,-0.00213,-0.00017,0.58692,0.00094,0.22807,-0.00051,0.70680,0.00056,0.70741,1,3,0.99649,0.07948,0.00350,-0.02588,0.08314,0.07887,0.63202,0,1
1768333699.589123,-0.00307,-0.09038,-0.89676,0.01472,-0.00077,0.00092,0.58692,0.00094,0.22807,-0.00051,0.70680,0.00056,0.70741,1,3,0.99649,0.07948,0.00350,-0.02588,0.08314,0.07887,0.63202,0,1
1768333699.591113,-0.00703,-0.08617,-0.67667,0.01063,-0.00062,0.00056,0.58688,0.00094,0.22807,-0.00051,0.70680,0.00056,0.70741,1,3,0.99649,0.07948,0.00350,-0.02588,0.08314,0.07887,0.63202,0,1
1768333699.593121,-0.00575,-0.05186,-0.58641,0.00929,-0.00067,0.00049,0.58688,0.00094,0.22807,-0.00051,0.70680,0.00056,0.70741,1,3,0.99649,0.07948,0.00350,-0.02588,0.08314,0.07887,0.63202,0,1
1768333699.595153,-0.00263,-0.06558,-0.59341,0.00716,-0.00286,0.00009,0.58684,0.00094,0.22807,-0.00051,0.70680,0.00056,0.70741,1,3,0.99649,0.07948,0.00350,-0.02588,0.08314,0.07887,0.63202,0,1
1768333699.597120,0.03021,-0.04382,-0.75377,0.01158,-0.00212,0.00032,0.58684,0.00094,0.22807,-0.00051,0.70680,0.00056,0.70741,1,3,0.99649,0.07948,0.00350,-0.02588,0.08314,0.07887,0.63202,0,1
1768333699.599144,-0.01698,-0.07679,-0.79113,0.01183,0.00064,0.00020,0.58680,0.00094,0.22807,-0.00051,0.70681,0.00056,0.70741,1,3,0.99649,0.07948,0.00350,-0.02588,0.08314,0.07887,0.63202,0,1
1768333699.601148,0.00030,-0.07802,-0.74574,0.01116,0.00157,0.00022,0.58680,0.00094,0.22807,-0.00051,0.70681,0.00056,0.70741,1,3,0.99649,0.07948,0.00350,-0.02588,0.08314,0.07887,0.63202,0,1
1768333699.603132,-0.00906,-0.10048,-0.65377,0.01285,-0.00021,0.00018,0.58676,0.00094,0.22807,-0.00051,0.70681,0.00056,0.70741,1,3,0.99649,0.07948,0.00350,-0.02588,0.08314,0.07887,0.63202,0,1
1768333699.605134,0.00978,-0.07056,-0.57804,0.01082,-0.00211,0.00103,0.58676,0.00094,0.22807,-0.00051,0.70681,0.00056,0.70741,1,3,0.99649,0.07948,0.00350,-0.02588,0.08314,0.07887,0.63202,0,1
1768333699.607153,0.01029,-0.05124,-0.66993,0.01040,-0.00175,0.00041,0.58676,0.00094,0.22807,-0.00051,0.70681,0.00056,0.70741,1,3,0.99649,0.07948,0.00350,-0.02588,0.08314,0.07887,0.63202,0,1
1768333699.609136,0.00299,-0.06362,-0.84464,0.01330,-0.00063,0.00000,0.58676,0.00094,0.22807,-0.00051,0.70681,0.00056,0.70741,1,3,0.99649,0.07948,0.00350,-0.02588,0.08314,0.07887,0.63202,0,1
1768333699.611166,-0.00527,-0.09173,-0.72201,0.00881,-0.00063,0.00066,0.58672,0.00094,0.22807,-0.00051,0.70680,0.00056,0.70741,1,3,0.99649,0.07948,0.00350,-0.02588,0.08314,0.07887,0.63202,0,1
1768333699.613134,0.01817,-0.08191,-0.57086,0.01090,-0.00006,0.00008,0.58672,0.00094,0.22807,-0.00051,0.70680,0.00056,0.70741,1,3,0.99649,0.07948,0.00350,-0.02588,0.08314,0.07887,0.63202,0,1
1768333699.615142,-0.00201,-0.07244,-0.51006,0.01079,-0.00199,-0.00025,0.58668,0.00094,0.22807,-0.00051,0.70681,0.00056,0.70740,1,3,0.99649,0.07948,0.00350,-0.02588,0.08314,0.07887,0.63202,0,1
1768333699.617134,0.03547,-0.03845,-0.62528,0.01012,0.00021,0.00000,0.58664,0.00094,0.22807,-0.00051,0.70681,0.00056,0.70741,1,3,0.99649,0.07948,0.00350,-0.02588,0.08314,0.07887,0.63202,0,1
1768333699.619142,-0.00930,-0.05728,-0.84476,0.01228,0.00066,0.00042,0.58664,0.00094,0.22807,-0.00051,0.70681,0.00056,0.70741,1,3,0.99649,0.07948,0.00350,-0.02588,0.08314,0.07887,0.63202,0,1
1768333699.621132,-0.00031,-0.03371,-0.80009,0.01148,0.00167,0.00016,0.58664,0.00094,0.22807,-0.00051,0.70681,0.00056,0.70741,1,3,0.99649,0.07948,0.00350,-0.02588,0.08314,0.07887,0.63202,0,1
1768333699.623159,0.03500,-0.04282,-0.62486,0.01050,-0.00053,0.00055,0.58660,0.00094,0.22807,-0.00051,0.70681,0.00056,0.70741,1,3,0.99649,0.07948,0.00350,-0.02588,0.08314,0.07887,0.63202,0,1
1768333699.625129,-0.00132,-0.05110,-0.51091,0.00865,0.00142,0.00027,0.58660,0.00094,0.22807,-0.00051,0.70681,0.00056,0.70741,1,3,0.99666,0.07837,0.00236,-0.02297,0.08282,0.07902,0.63261,0,1
1768333699.627149,-0.00850,-0.05523,-0.62440,0.00772,-0.00000,0.00033,0.58656,0.00094,0.22807,-0.00051,0.70680,0.00056,0.70741,1,3,0.99666,0.07837,0.00236,-0.02297,0.08282,0.07902,0.63261,0,1
1768333699.629200,0.00843,-0.05429,-0.86040,0.01101,0.00222,0.00025,0.58656,0.00094,0.22807,-0.00051,0.70680,0.00056,0.70741,1,3,0.99666,0.07837,0.00236,-0.02297,0.08282,0.07902,0.63261,0,1
1768333699.631182,0.02488,-0.04532,-0.87578,0.01090,0.00266,0.00075,0.58652,0.00094,0.22807,-0.00051,0.70681,0.00056,0.70741,1,3,0.99666,0.07837,0.00236,-0.02297,0.08282,0.07902,0.63261,0,1
1768333699.633216,0.01329,-0.11496,-0.70682,0.01115,0.00118,0.00025,0.58652,0.00094,0.22807,-0.00051,0.70681,0.00056,0.70741,1,3,0.99666,0.07837,0.00236,-0.02297,0.08282,0.07902,0.63261,0,1
1768333699.635163,0.00364,-0.12390,-0.51672,0.01257,0.00116,0.00027,0.58648,0.00094,0.22807,-0.00051,0.70681,0.00056,0.70740,1,3,0.99666,0.07837,0.00236,-0.02297,0.08282,0.07902,0.63261,0,1
1768333699.637164,-0.00871,-0.09837,-0.47900,0.00873,-0.00087,0.00005,0.58644,0.00094,0.22806,-0.00051,0.70681,0.00056,0.70740,1,3,0.99666,0.07837,0.00236,-0.02297,0.08282,0.07902,0.63261,0,1
1768333699.639165,0.02140,-0.07802,-0.71501,0.01226,-0.00186,0.00010,0.58644,0.00094,0.22806,-0.00051,0.70681,0.00056,0.70740,1,3,0.99666,0.07837,0.00236,-0.02297,0.08282,0.07902,0.63261,0,1
1768333699.641159,0.01715,-0.05256,-0.95106,0.01125,-0.00054,0.00058,0.58640,0.00094,0.22806,-0.00051,0.70682,0.00056,0.70740,1,3,0.99666,0.07837,0.00236,-0.02297,0.08282,0.07902,0.63261,0,1
1768333699.643156,0.00313,-0.08514,-0.82138,0.01238,0.00130,0.00056,0.58640,0.00094,0.22806,-0.00051,0.70682,0.00056,0.70740,1,3,0.99666,0.07837,0.00236,-0.02297,0.08282,0.07902,0.63261,0,1
1768333699.645156,-0.00796,-0.08846,-0.53987,0.00798,-0.00139,0.00014,0.58637,0.00094,0.22806,-0.00051,0.70682,0.00056,0.70739,1,3,0.99666,0.07837,0.00236,-0.02297,0.08282,0.07902,0.63261,0,1
1768333699.647190,-0.01842,-0.06296,-0.46451,0.00982,-0.00141,0.00033,0.58637,0.00094,0.22806,-0.00051,0.70682,0.00056,0.70739,1,3,0.99666,0.07837,0.00236,-0.02297,0.08282,0.07902,0.63261,0,1
1768333699.649197,0.02668,-0.06143,-0.70041,0.01115,-0.00144,-0.00017,0.58633,0.00094,0.22806,-0.00051,0.70682,0.00056,0.70740,1,3,0.99666,0.07837,0.00236,-0.02297,0.08282,0.07902,0.63261,0,1
1768333699.651168,0.02187,-0.07030,-0.97351,0.01082,-0.00020,0.00043,0.58633,0.00094,0.22806,-0.00051,0.70682,0.00056,0.70740,1,3,0.99666,0.07837,0.00236,-0.02297,0.08282,0.07902,0.63261,0,1
1768333699.653183,0.03733,-0.06114,-0.85261,0.01202,0.00099,0.00023,0.58628,0.00094,0.22805,-0.00051,0.70682,0.00056,0.70739,1,3,0.99666,0.07837,0.00236,-0.02297,0.08282,0.07902,0.63261,0,1
1768333699.655165,0.01323,-0.09960,-0.57783,0.01112,0.00054,0.00075,0.58628,0.00094,0.22805,-0.00051,0.70682,0.00056,0.70739,1,3,0.99666,0.07837,0.00236,-0.02297,0.08282,0.07902,0.63261,0,1
1768333699.657162,-0.00981,-0.07662,-0.47143,0.00528,-0.00175,0.00087,0.58624,0.00094,0.22806,-0.00051,0.70682,0.00056,0.70739,1,3,0.99666,0.07837,0.00236,-0.02297,0.08282,0.07902,0.63261,0,1
1768333699.659173,0.02288,-0.08430,-0.73011,0.01043,-0.00086,0.00022,0.58624,0.00094,0.22806,-0.00051,0.70682,0.00056,0.70739,1,3,0.99666,0.07837,0.00236,-0.02297,0.08282,0.07902,0.63261,0,1
1768333699.661184,-0.01962,-0.08800,-0.84343,0.01060,-0.00147,0.00072,0.58620,0.00094,0.22806,-0.00051,0.70682,0.00056,0.70739,1,3,0.99666,0.07837,0.00236,-0.02297,0.08282,0.07902,0.63261,0,1
1768333699.663160,0.00765,-0.07730,-0.78351,0.01226,0.00060,0.00059,0.58620,0.00094,0.22806,-0.00051,0.70682,0.00056,0.70739,1,3,0.99666,0.07837,0.00236,-0.02297,0.08282,0.07902,0.63261,0,1
1768333699.665150,-0.01656,-0.11101,-0.57748,0.01164,0.00052,0.00052,0.58616,0.00094,0.22806,-0.00051,0.70682,0.00056,0.70739,1,3,0.99666,0.07837,0.00236,-0.02297,0.08282,0.07902,0.63261,0,1
1768333699.667165,-0.00053,-0.07942,-0.45674,0.00853,-0.00022,0.00032,0.58616,0.00094,0.22806,-0.00051,0.70682,0.00056,0.70739,1,3,0.99666,0.07837,0.00236,-0.02297,0.08282,0.07902,0.63261,0,1
1768333699.669183,0.01247,-0.05359,-0.67025,0.01255,-0.00102,-0.00014,0.58612,0.00094,0.22806,-0.00051,0.70682,0.00056,0.70739,1,3,0.99666,0.07837,0.00236,-0.02297,0.08282,0.07902,0.63261,0,1
1768333699.671191,0.02496,-0.06159,-0.87504,0.01245,-0.00114,0.00009,0.58612,0.00094,0.22806,-0.00051,0.70682,0.00056,0.70739,1,3,0.99666,0.07837,0.00236,-0.02297,0.08282,0.07902,0.63261,0,1
1768333699.673170,0.01196,-0.06079,-0.82198,0.01181,0.00117,0.00068,0.58612,0.00094,0.22806,-0.00051,0.70682,0.00056,0.70739,1,3,0.99666,0.07837,0.00236,-0.02297,0.08282,0.07902,0.63261,0,1
1768333699.675187,0.00022,-0.08244,-0.63935,0.01154,0.00131,0.00004,0.58608,0.00094,0.22805,-0.00051,0.70682,0.00056,0.70739,1,3,0.99667,0.07731,0.00443,-0.02565,0.08233,0.07901,0.63201,0,1
1768333699.677234,0.00288,-0.08749,-0.53267,0.00908,0.00064,0.00026,0.58608,0.00094,0.22805,-0.00051,0.70682,0.00056,0.70739,1,3,0.99667,0.07731,0.00443,-0.02565,0.08233,0.07901,0.63201,0,1
1768333699.679212,0.00863,-0.08577,-0.66930,0.01216,-0.00095,0.00015,0.58608,0.00094,0.22805,-0.00051,0.70682,0.00056,0.70739,1,3,0.99667,0.07731,0.00443,-0.02565,0.08233,0.07901,0.63201,0,1
1768333699.681194,0.01563,-0.06685,-0.78366,0.01283,-0.00026,0.00071,0.58604,0.00094,0.22806,-0.00051,0.70682,0.00056,0.70739,1,3,0.99667,0.07731,0.00443,-0.02565,0.08233,0.07901,0.63201,0,1
1768333699.683211,0.01540,-0.08219,-0.78374,0.01330,0.00088,-0.00010,0.58600,0.00094,0.22806,-0.00051,0.70682,0.00056,0.70739,1,3,0.99667,0.07731,0.00443,-0.02565,0.08233,0.07901,0.63201,0,1
1768333699.685252,0.00834,-0.05874,-0.60195,0.01118,0.00208,0.00059,0.58596,0.00094,0.22806,-0.00051,0.70682,0.00056,0.70739,1,3,0.99667,0.07731,0.00443,-0.02565,0.08233,0.07901,0.63201,0,1
1768333699.687215,0.00952,-0.06820,-0.60902,0.01019,0.00107,0.00086,0.58596,0.00094,0.22806,-0.00051,0.70682,0.00056,0.70739,1,3,0.99667,0.07731,0.00443,-0.02565,0.08233,0.07901,0.63201,0,1
1768333699.689189,0.02409,-0.05103,-0.76876,0.00843,-0.00025,0.00085,0.58592,0.00094,0.22806,-0.00051,0.70682,0.00056,0.70739,1,3,0.99667,0.07731,0.00443,-0.02565,0.08233,0.07901,0.63201,0,1
1768333699.691189,0.00439,-0.08871,-0.88182,0.01190,-0.00074,0.00025,0.58592,0.00094,0.22806,-0.00051,0.70682,0.00056,0.70739,1,3,0.99667,0.07731,0.00443,-0.02565,0.08233,0.07901,0.63201,0,1
1768333699.693331,0.00456,-0.06904,-0.73032,0.01149,-0.00064,0.00064,0.58588,0.00094,0.22806,-0.00051,0.70682,0.00056,0.70740,1,3,0.99667,0.07731,0.00443,-0.02565,0.08233,0.07901,0.63201,0,1
1768333699.695222,-0.00573,-0.07020,-0.49487,0.01017,-0.00182,-0.00010,0.58588,0.00094,0.22806,-0.00051,0.70682,0.00056,0.70740,1,3,0.99667,0.07731,0.00443,-0.02565,0.08233,0.07901,0.63201,0,1
1768333699.697196,-0.02676,-0.07744,-0.53241,0.00986,-0.00168,0.00029,0.58584,0.00094,0.22806,-0.00051,0.70682,0.00056,0.70739,1,3,0.99667,0.07731,0.00443,-0.02565,0.08233,0.07901,0.63201,0,1
1768333699.699209,0.01937,-0.06107,-0.80621,0.00984,-0.00260,0.00057,0.58584,0.00094,0.22806,-0.00051,0.70682,0.00056,0.70739,1,3,0.99667,0.07731,0.00443,-0.02565,0.08233,0.07901,0.63201,0,1
1768333699.701254,-0.00358,-0.09219,-0.89673,0.01208,-0.00230,-0.00001,0.58579,0.00094,0.22805,-0.00051,0.70682,0.00056,0.70739,1,3,0.99667,0.07731,0.00443,-0.02565,0.08233,0.07901,0.63201,0,1
1768333699.703185,-0.01235,-0.13129,-0.75888,0.01248,-0.00217,0.00038,0.58579,0.00094,0.22805,-0.00051,0.70682,0.00056,0.70739,1,3,0.99667,0.07731,0.00443,-0.02565,0.08233,0.07901,0.63201,0,1
1768333699.705190,-0.01969,-0.09214,-0.49435,0.01143,-0.00125,-0.00009,0.58575,0.00094,0.22805,-0.00051,0.70682,0.00056,0.70739,1,3,0.99667,0.07731,0.00443,-0.02565,0.08233,0.07901,0.63201,0,1
1768333699.707195,-0.00495,-0.04588,-0.54877,0.00937,-0.00172,-0.00042,0.58575,0.00094,0.22805,-0.00051,0.70682,0.00056,0.70739,1,3,0.99667,0.07731,0.00443,-0.02565,0.08233,0.07901,0.63201,0,1
1768333699.709203,0.00112,-0.04254,-0.90576,0.01050,-0.00036,0.00036,0.58571,0.00094,0.22805,-0.00051,0.70682,0.00056,0.70739,1,3,0.99667,0.07731,0.00443,-0.02565,0.08233,0.07901,0.63201,0,1
1768333699.711259,0.01600,-0.06675,-1.08719,0.01239,-0.00126,0.00088,0.58571,0.00094,0.22805,-0.00051,0.70682,0.00056,0.70739,1,3,0.99667,0.07731,0.00443,-0.02565,0.08233,0.07901,0.63201,0,1
1768333699.713197,-0.02695,-0.12766,-0.67554,0.00990,-0.00073,0.00033,0.58571,0.00094,0.22805,-0.00051,0.70682,0.00056,0.70739,1,3,0.99667,0.07731,0.00443,-0.02565,0.08233,0.07901,0.63201,0,1
1768333699.715201,-0.01276,-0.12533,-0.33410,0.00884,-0.00056,-0.00009,0.58567,0.00094,0.22805,-0.00051,0.70682,0.00056,0.70739,1,3,0.99667,0.07731,0.00443,-0.02565,0.08233,0.07901,0.63201,0,1
1768333699.717196,0.00661,-0.02841,-0.40481,0.00543,-0.00048,0.00035,0.58567,0.00094,0.22805,-0.00051,0.70682,0.00056,0.70739,1,3,0.99667,0.07731,0.00443,-0.02565,0.08233,0.07901,0.63201,0,1
1768333699.719396,0.03365,-0.06759,-0.92781,0.01151,-0.00072,0.00099,0.58563,0.00094,0.22805,-0.00051,0.70682,0.00056,0.70739,1,3,0.99672,0.07672,0.00510,-0.02542,0.08210,0.07904,0.63194,0,1
1768333699.721203,0.00716,-0.04521,-1.15654,0.01614,0.00112,0.00081,0.58563,0.00094,0.22805,-0.00051,0.70682,0.00056,0.70739,1,3,0.99672,0.07672,0.00510,-0.02542,0.08210,0.07904,0.63194,0,1
1768333699.723206,0.01157,-0.11503,-0.69159,0.01246,0.00172,0.00066,0.58559,0.00094,0.22805,-0.00051,0.70683,0.00056,0.70739,1,3,0.99672,0.07672,0.00510,-0.02542,0.08210,0.07904,0.63194,0,1
1768333699.725226,-0.04523,-0.09593,-0.28918,0.00723,0.00018,-0.00003,0.58559,0.00094,0.22805,-0.00051,0.70683,0.00056,0.70739,1,3,0.99672,0.07672,0.00510,-0.02542,0.08210,0.07904,0.63194,0,1
1768333699.727213,0.00869,-0.04675,-0.36572,0.00390,-0.00302,0.00093,0.58559,0.00094,0.22805,-0.00051,0.70683,0.00056,0.70739,1,3,0.99672,0.07672,0.00510,-0.02542,0.08210,0.07904,0.63194,0,1
1768333699.729198,0.02544,-0.06166,-0.97374,0.01201,-0.00140,0.00002,0.58551,0.00094,0.22805,-0.00051,0.70683,0.00056,0.70739,1,3,0.99672,0.07672,0.00510,-0.02542,0.08210,0.07904,0.63194,0,1
1768333699.731207,0.02456,-0.04256,-1.13321,0.01181,-0.00137,0.00137,0.58551,0.00094,0.22805,-0.00051,0.70683,0.00056,0.70739,1,3,0.99672,0.07672,0.00510,-0.02542,0.08210,0.07904,0.63194,0,1
1768333699.733206,-0.01365,-0.06936,-0.76137,0.01301,0.00121,-0.00059,0.58547,0.00094,0.22805,-0.00051,0.70683,0.00056,0.70739,1,3,0.99672,0.07672,0.00510,-0.02542,0.08210,0.07904,0.63194,0,1
1768333699.735224,-0.03829,-0.05983,-0.32025,0.00417,-0.00017,0.00034,0.58547,0.00094,0.22805,-0.00051,0.70683,0.00056,0.70739,1,3,0.99672,0.07672,0.00510,-0.02542,0.08210,0.07904,0.63194,0,1
1768333699.737226,0.00459,-0.06079,-0.48722,0.00810,-0.00245,0.00043,0.58543,0.00094,0.22805,-0.00051,0.70682,0.00056,0.70739,1,3,0.99672,0.07672,0.00510,-0.02542,0.08210,0.07904,0.63194,0,1
1768333699.739235,0.02270,-0.07299,-0.88196,0.01100,-0.00288,0.00024,0.58543,0.00094,0.22805,-0.00051,0.70682,0.00056,0.70739,1,3,0.99672,0.07672,0.00510,-0.02542,0.08210,0.07904,0.63194,0,1
1768333699.741220,0.03613,-0.06043,-0.89056,0.01334,0.00050,0.00020,0.58539,0.00094,0.22805,-0.00051,0.70683,0.00056,0.70738,1,3,0.99672,0.07672,0.00510,-0.02542,0.08210,0.07904,0.63194,0,1
1768333699.743238,-0.00431,-0.07614,-0.64714,0.01118,0.00263,0.00043,0.58539,0.00094,0.22805,-0.00051,0.70683,0.00056,0.70738,1,3,0.99672,0.07672,0.00510,-0.02542,0.08210,0.07904,0.63194,0,1
1768333699.745213,-0.03575,-0.08912,-0.45678,0.00993,0.00135,-0.00018,0.58539,0.00094,0.22805,-0.00051,0.70683,0.00056,0.70738,1,3,0.99672,0.07672,0.00510,-0.02542,0.08210,0.07904,0.63194,0,1
1768333699.747220,0.00212,-0.08004,-0.65402,0.01070,-0.00227,0.00004,0.58534,0.00094,0.22804,-0.00051,0.70683,0.00056,0.70738,1,3,0.99672,0.07672,0.00510,-0.02542,0.08210,0.07904,0.63194,0,1
1768333699.749224,0.02348,-0.05971,-0.96599,0.01444,-0.00303,0.00003,0.58534,0.00094,0.22804,-0.00051,0.70683,0.00056,0.70738,1,3,0.99672,0.07672,0.00510,-0.02542,0.08210,0.07904,0.63194,0,1
1768333699.751222,-0.01290,-0.06900,-0.95815,0.01192,-0.00042,0.00047,0.58530,0.00094,0.22805,-0.00051,0.70683,0.00056,0.70738,1,3,0.99672,0.07672,0.00510,-0.02542,0.08210,0.07904,0.63194,0,1
1768333699.753221,0.00463,-0.06944,-0.63165,0.01127,-0.00002,0.00071,0.58530,0.00094,0.22805,-0.00051,0.70683,0.00056,0.70738,1,3,0.99672,0.07672,0.00510,-0.02542,0.08210,0.07904,0.63194,0,1
1768333699.755227,-0.01326,-0.09082,-0.50938,0.00882,-0.00107,0.00044,0.58526,0.00094,0.22805,-0.00051,0.70683,0.00056,0.70738,1,3,0.99672,0.07672,0.00510,-0.02542,0.08210,0.07904,0.63194,0,1
1768333699.757217,-0.01002,-0.07200,-0.62350,0.01014,-0.00301,0.00048,0.58526,0.00094,0.22805,-0.00051,0.70683,0.00056,0.70738,1,3,0.99682,0.07533,0.00409,-0.02548,0.08168,0.07912,0.63205,0,1
1768333699.759255,0.02558,-0.07550,-0.88967,0.01228,-0.00241,0.00009,0.58522,0.00094,0.22804,-0.00051,0.70684,0.00056,0.70738,1,3,0.99682,0.07533,0.00409,-0.02548,0.08168,0.07912,0.63205,0,1
1768333699.761266,0.01534,-0.04712,-0.85258,0.01307,-0.00027,0.00052,0.58518,0.00094,0.22804,-0.00052,0.70684,0.00056,0.70737,1,3,0.99682,0.07533,0.00409,-0.02548,0.08168,0.07912,0.63205,0,1
1768333699.763256,0.00095,-0.10743,-0.63083,0.01059,0.00120,0.00072,0.58518,0.00094,0.22804,-0.00052,0.70684,0.00056,0.70737,1,3,0.99682,0.07533,0.00409,-0.02548,0.08168,0.07912,0.63205,0,1
1768333699.765228,-0.03192,-0.08565,-0.52483,0.01041,-0.00021,0.00030,0.58514,0.00094,0.22804,-0.00052,0.70684,0.00056,0.70738,1,3,0.99682,0.07533,0.00409,-0.02548,0.08168,0.07912,0.63205,0,1
1768333699.767239,0.00718,-0.03797,-0.64747,0.00990,-0.00287,-0.00011,0.58514,0.00094,0.22804,-0.00052,0.70684,0.00056,0.70738,1,3,0.99682,0.07533,0.00409,-0.02548,0.08168,0.07912,0.63205,0,1
1768333699.769277,0.00524,-0.03022,-0.87559,0.01043,-0.00054,0.00064,0.58510,0.00094,0.22804,-0.00052,0.70684,0.00056,0.70738,1,3,0.99682,0.07533,0.00409,-0.02548,0.08168,0.07912,0.63205,0,1
1768333699.771233,0.02614,-0.05766,-0.95069,0.01054,-0.00101,0.00111,0.58510,0.00094,0.22804,-0.00052,0.70684,0.00056,0.70738,1,3,0.99682,0.07533,0.00409,-0.02548,0.08168,0.07912,0.63205,0,1
1768333699.773228,-0.01221,-0.11494,-0.63827,0.01093,0.00187,0.00073,0.58506,0.00094,0.22804,-0.00052,0.70684,0.00056,0.70737,1,3,0.99682,0.07533,0.00409,-0.02548,0.08168,0.07912,0.63205,0,1
1768333699.775285,0.00367,-0.09585,-0.45643,0.00920,-0.00103,-0.00021,0.58506,0.00094,0.22804,-0.00052,0.70684,0.00056,0.70737,1,3,0.99682,0.07533,0.00409,-0.02548,0.08168,0.07912,0.63205,0,1
1768333699.777260,0.01166,-0.05146,-0.55595,0.00908,-0.00177,0.00050,0.58502,0.00094,0.22804,-0.00052,0.70684,0.00056,0.70737,1,3,0.99682,0.07533,0.00409,-0.02548,0.08168,0.07912,0.63205,0,1
1768333699.779240,0.02199,-0.06433,-0.92796,0.01111,-0.00135,0.00033,0.58502,0.00094,0.22804,-0.00052,0.70684,0.00056,0.70737,1,3,0.99682,0.07533,0.00409,-0.02548,0.08168,0.07912,0.63205,0,1
1768333699.781241,0.01057,-0.06064,-0.98153,0.01312,0.00120,0.00055,0.58502,0.00094,0.22804,-0.00052,0.70684,0.00056,0.70737,1,3,0.99682,0.07533,0.00409,-0.02548,0.08168,0.07912,0.63205,0,1
1768333699.783241,0.02536,-0.06241,-0.71567,0.01179,-0.00002,0.00022,0.58498,0.00094,0.22804,-0.00052,0.70684,0.00056,0.70737,1,3,0.99682,0.07533,0.00409,-0.02548,0.08168,0.07912,0.63205,0,1
1768333699.785239,-0.01250,-0.08141,-0.44901,0.00806,-0.00058,0.00021,0.58498,0.00094,0.22804,-0.00052,0.70684,0.00056,0.70737,1,3,0.99682,0.07533,0.00409,-0.02548,0.08168,0.07912,0.63205,0,1
1768333699.787233,0.00391,-0.06130,-0.53292,0.00853,-0.00168,0.00039,0.58494,0.00093,0.22804,-0.00052,0.70684,0.00056,0.70737,1,3,0.99682,0.07533,0.00409,-0.02548,0.08168,0.07912,0.63205,0,1
1768333699.789229,-0.00895,-0.05638,-0.88257,0.01229,-0.00061,0.00039,0.58494,0.00093,0.22804,-0.00052,0.70684,0.00056,0.70737,1,3,0.99682,0.07533,0.00409,-0.02548,0.08168,0.07912,0.63205,0,1
1768333699.791260,0.01112,-0.07482,-1.00362,0.01273,0.00007,0.00095,0.58490,0.00093,0.22804,-0.00052,0.70684,0.00056,0.70737,1,3,0.99682,0.07533,0.00409,-0.02548,0.08168,0.07912,0.63205,0,1
1768333699.793265,0.00020,-0.08624,-0.70734,0.01194,-0.00021,0.00012,0.58490,0.00093,0.22804,-0.00052,0.70684,0.00056,0.70737,1,3,0.99682,0.07533,0.00409,-0.02548,0.08168,0.07912,0.63205,0,1
1768333699.795355,-0.01952,-0.07578,-0.41841,0.00682,-0.00177,0.00052,0.58486,0.00093,0.22804,-0.00052,0.70684,0.00056,0.70737,1,3,0.99682,0.07533,0.00409,-0.02548,0.08168,0.07912,0.63205,0,1
1768333699.797251,-0.00471,-0.09992,-0.54722,0.00937,-0.00206,-0.00014,0.58486,0.00093,0.22804,-0.00052,0.70684,0.00056,0.70737,1,3,0.99682,0.07533,0.00409,-0.02548,0.08168,0.07912,0.63205,0,1
1768333699.799246,0.02518,-0.03685,-0.79964,0.01210,-0.00130,0.00028,0.58482,0.00093,0.22804,-0.00052,0.70684,0.00056,0.70737,1,3,0.99682,0.07533,0.00409,-0.02548,0.08168,0.07912,0.63205,0,1
1768333699.801254,0.00733,-0.06285,-0.97345,0.01200,0.00036,0.00124,0.58482,0.00093,0.22804,-0.00052,0.70684,0.00056,0.70737,1,3,0.99690,0.07437,0.00346,-0.02542,0.08144,0.07914,0.63200,0,1
1768333699.803280,-0.00221,-0.08196,-0.77579,0.01352,0.00098,0.00074,0.58478,0.00093,0.22804,-0.00052,0.70684,0.00056,0.70738,1,3,0.99690,0.07437,0.00346,-0.02542,0.08144,0.07914,0.63200,0,1
1768333699.805290,-0.01834,-0.09320,-0.54739,0.00967,-0.00075,0.00028,0.58478,0.00093,0.22804,-0.00052,0.70684,0.00056,0.70738,1,3,0.99690,0.07437,0.00346,-0.02542,0.08144,0.07914,0.63200,0,1
1768333699.807458,0.00818,-0.07266,-0.55536,0.00904,-0.00286,0.00011,0.58474,0.00093,0.22804,-0.00052,0.70684,0.00056,0.70737,1,3,0.99690,0.07437,0.00346,-0.02542,0.08144,0.07914,0.63200,0,1
1768333699.809255,0.01292,-0.03417,-0.89810,0.01147,-0.00177,0.00076,0.58470,0.00093,0.22804,-0.00052,0.70684,0.00056,0.70738,1,3,0.99690,0.07437,0.00346,-0.02542,0.08144,0.07914,0.63200,0,1
1768333699.811294,0.00933,-0.04847,-1.03467,0.01021,0.00020,0.00079,0.58470,0.00093,0.22804,-0.00052,0.70684,0.00056,0.70738,1,3,0.99690,0.07437,0.00346,-0.02542,0.08144,0.07914,0.63200,0,1
1768333699.813262,-0.01852,-0.05483,-0.76856,0.00904,-0.00012,0.00063,0.58466,0.00093,0.22804,-0.00052,0.70684,0.00056,0.70737,1,3,0.99690,0.07437,0.00346,-0.02542,0.08144,0.07914,0.63200,0,1
1768333699.815304,-0.00538,-0.09477,-0.45611,0.00987,-0.00205,0.00020,0.58466,0.00093,0.22804,-0.00052,0.70684,0.00056,0.70737,1,3,0.99690,0.07437,0.00346,-0.02542,0.08144,0.07914,0.63200,0,1
1768333699.817365,-0.01215,-0.07981,-0.38039,0.00830,-0.00250,0.00027,0.58462,0.00093,0.22804,-0.00052,0.70684,0.00056,0.70737,1,3,0.99690,0.07437,0.00346,-0.02542,0.08144,0.07914,0.63200,0,1
1768333699.819291,0.03632,-0.04393,-0.75403,0.00896,0.00010,0.00044,0.58462,0.00093,0.22804,-0.00052,0.70684,0.00056,0.70737,1,3,0.99690,0.07437,0.00346,-0.02542,0.08144,0.07914,0.63200,0,1
1768333699.821269,-0.00753,-0.07649,-1.08770,0.01380,0.00322,0.00049,0.58458,0.00093,0.22804,-0.00052,0.70684,0.00056,0.70737,1,3,0.99690,0.07437,0.00346,-0.02542,0.08144,0.07914,0.63200,0,1
1768333699.823324,0.00596,-0.05308,-0.95152,0.01365,0.00150,0.00017,0.58458,0.00093,0.22804,-0.00052,0.70684,0.00056,0.70737,1,3,0.99690,0.07437,0.00346,-0.02542,0.08144,0.07914,0.63200,0,1
1768333699.825273,-0.01075,-0.10303,-0.54709,0.01042,-0.00083,0.00054,0.58454,0.00093,0.22803,-0.00052,0.70685,0.00056,0.70737,1,3,0.99690,0.07437,0.00346,-0.02542,0.08144,0.07914,0.63200,0,1
1768333699.827324,-0.01199,-0.09005,-0.45600,0.00796,-0.00235,0.00048,0.58454,0.00093,0.22803,-0.00052,0.70685,0.00056,0.70737,1,3,0.99690,0.07437,0.00346,-0.02542,0.08144,0.07914,0.63200,0,1
1768333699.829288,0.01736,-0.09022,-0.74497,0.01211,-0.00205,0.00022,0.58450,0.00093,0.22803,-0.00052,0.70685,0.00056,0.70737,1,3,0.99690,0.07437,0.00346,-0.02542,0.08144,0.07914,0.63200,0,1
1768333699.831450,-0.00719,-0.07365,-1.04167,0.01449,-0.00022,0.00053,0.58450,0.00093,0.22803,-0.00052,0.70685,0.00056,0.70737,1,3,0.99690,0.07437,0.00346,-0.02542,0.08144,0.07914,0.63200,0,1
1768333699.833296,0.02505,-0.08754,-0.88968,0.01192,0.00028,0.00036,0.58450,0.00093,0.22803,-0.00052,0.70685,0.00056,0.70737,1,3,0.99690,0.07437,0.00346,-0.02542,0.08144,0.07914,0.63200,0,1
1768333699.835329,0.00527,-0.09930,-0.57810,0.01112,0.00062,-0.00005,0.58446,0.00093,0.22803,-0.00052,0.70685,0.00056,0.70736,1,3,0.99690,0.07437,0.00346,-0.02542,0.08144,0.07914,0.63200,0,1
1768333699.837275,-0.01620,-0.06777,-0.49488,0.00823,-0.00208,-0.00036,0.58446,0.00093,0.22803,-0.00052,0.70685,0.00056,0.70736,1,3,0.99690,0.07437,0.00346,-0.02542,0.08144,0.07914,0.63200,0,1
1768333699.839325,-0.00350,-0.05779,-0.76099,0.01184,-0.00196,-0.00005,0.58442,0.00093,0.22803,-0.00052,0.70685,0.00056,0.70737,1,3,0.99690,0.07437,0.00346,-0.02542,0.08144,0.07914,0.63200,0,1
1768333699.841271,0.02587,-0.03146,-0.91343,0.01151,-0.00244,0.00046,0.58442,0.00093,0.22803,-0.00052,0.70685,0.00056,0.70737,1,3,0.99690,0.07437,0.00346,-0.02542,0.08144,0.07914,0.63200,0,1
1768333699.843352,-0.00850,-0.07685,-0.74558,0.01183,0.00053,0.00023,0.58438,0.00093,0.22803,-0.00052,0.70685,0.00056,0.70737,1,3,0.99690,0.07437,0.00346,-0.02542,0.08144,0.07914,0.63200,0,1
1768333699.845295,-0.03416,-0.07485,-0.50973,0.00770,0.00070,0.00099,0.58438,0.00093,0.22803,-0.00052,0.70685,0.00056,0.70737,1,3,0.99690,0.07437,0.00346,-0.02542,0.08144,0.07914,0.63200,0,1
1768333699.847314,-0.00679,-0.05898,-0.50222,0.00637,-0.00205,0.00097,0.58438,0.00093,0.22803,-0.00052,0.70685,0.00056,0.70737,1,3,0.99693,0.07391,0.00254,-0.02553,0.08126,0.07921,0.63225,0,1
1768333699.849283,0.01437,-0.03846,-0.83714,0.01055,-0.00281,0.00054,0.58434,0.00093,0.22804,-0.00052,0.70684,0.00056,0.70737,1,3,0.99693,0.07391,0.00254,-0.02553,0.08126,0.07921,0.63225,0,1
1768333699.851326,0.02583,-0.05639,-1.01922,0.01164,-0.00216,0.00025,0.58430,0.00093,0.22804,-0.00052,0.70684,0.00056,0.70737,1,3,0.99693,0.07391,0.00254,-0.02553,0.08126,0.07921,0.63225,0,1
1768333699.853293,-0.01527,-0.10899,-0.88931,0.01428,0.00153,-0.00001,0.58430,0.00093,0.22804,-0.00052,0.70684,0.00056,0.70737,1,3,0.99693,0.07391,0.00254,-0.02553,0.08126,0.07921,0.63225,0,1
1768333699.855380,-0.04153,-0.09917,-0.53199,0.00719,0.00043,0.00045,0.58430,0.00093,0.22804,-0.00052,0.70684,0.00056,0.70737,1,3,0.99693,0.07391,0.00254,-0.02553,0.08126,0.07921,0.63225,0,1
1768333699.857312,-0.00798,-0.07794,-0.49440,0.00811,-0.00216,0.00031,0.58426,0.00093,0.22804,-0.00052,0.70684,0.00056,0.70737,1,3,0.99693,0.07391,0.00254,-0.02553,0.08126,0.07921,0.63225,0,1
1768333699.859318,0.00554,-0.06762,-0.80632,0.01150,-0.00244,-0.00023,0.58421,0.00093,0.22804,-0.00052,0.70683,0.00056,0.70738,1,3,0.99693,0.07391,0.00254,-0.02553,0.08126,0.07921,0.63225,0,1
1768333699.861310,0.02361,-0.05780,-0.99665,0.01294,0.00016,0.00067,0.58417,0.00093,0.22804,-0.00052,0.70684,0.00056,0.70738,1,3,0.99693,0.07391,0.00254,-0.02553,0.08126,0.07921,0.63225,0,1
1768333699.863345,-0.00947,-0.10165,-0.79826,0.01284,0.00107,0.00006,0.58417,0.00093,0.22804,-0.00052,0.70684,0.00056,0.70738,1,3,0.99693,0.07391,0.00254,-0.02553,0.08126,0.07921,0.63225,0,1
1768333699.865304,-0.03975,-0.08834,-0.46373,0.00601,-0.00114,0.00023,0.58413,0.00093,0.22805,-0.00052,0.70683,0.00056,0.70738,1,3,0.99693,0.07391,0.00254,-0.02553,0.08126,0.07921,0.63225,0,1
1768333699.867309,-0.00491,-0.06999,-0.54793,0.00951,-0.00246,-0.00014,0.58413,0.00093,0.22805,-0.00052,0.70683,0.00056,0.70738,1,3,0.99693,0.07391,0.00254,-0.02553,0.08126,0.07921,0.63225,0,1
1768333699.869307,-0.01199,-0.04993,-0.74523,0.00779,-0.00401,0.00079,0.58409,0.00093,0.22804,-0.00052,0.70683,0.00056,0.70738,1,3,0.99693,0.07391,0.00254,-0.02553,0.08126,0.07921,0.63225,0,1
1768333699.871324,0.00337,-0.05769,-0.98133,0.01337,-0.00215,-0.00024,0.58409,0.00093,0.22804,-0.00052,0.70683,0.00056,0.70738,1,3,0.99693,0.07391,0.00254,-0.02553,0.08126,0.07921,0.63225,0,1
1768333699.873306,-0.00428,-0.09350,-0.76753,0.01185,-0.00064,0.00089,0.58405,0.00093,0.22804,-0.00052,0.70684,0.00056,0.70738,1,3,0.99693,0.07391,0.00254,-0.02553,0.08126,0.07921,0.63225,0,1
1768333699.875310,-0.01817,-0.06916,-0.48747,0.00930,0.00011,0.00004,0.58405,0.00093,0.22804,-0.00052,0.70684,0.00056,0.70738,1,3,0.99693,0.07391,0.00254,-0.02553,0.08126,0.07921,0.63225,0,1
1768333699.877338,-0.00198,-0.06822,-0.57834,0.01019,-0.00160,0.00036,0.58405,0.00093,0.22804,-0.00052,0.70684,0.00056,0.70738,1,3,0.99693,0.07391,0.00254,-0.02553,0.08126,0.07921,0.63225,0,1
1768333699.879306,0.01802,-0.05656,-0.97345,0.01077,-0.00206,0.00070,0.58405,0.00093,0.22804,-0.00052,0.70684,0.00056,0.70738,1,3,0.99693,0.07391,0.00254,-0.02553,0.08126,0.07921,0.63225,0,1
1768333699.881314,0.00996,-0.05126,-1.08020,0.01301,0.00135,0.00142,0.58401,0.00093,0.22804,-0.00052,0.70683,0.00056,0.70738,1,3,0.99693,0.07391,0.00254,-0.02553,0.08126,0.07921,0.63225,0,1
1768333699.883323,-0.00651,-0.07629,-0.69182,0.00987,-0.00113,0.00109,0.58397,0.00093,0.22805,-0.00052,0.70683,0.00056,0.70738,1,3,0.99693,0.07391,0.00254,-0.02553,0.08126,0.07921,0.63225,0,1
1768333699.885305,-0.03744,-0.08975,-0.41055,0.00818,-0.00168,0.00014,0.58397,0.00093,0.22805,-0.00052,0.70683,0.00056,0.70738,1,3,0.99693,0.07391,0.00254,-0.02553,0.08126,0.07921,0.63225,0,1
1768333699.887329,0.00468,-0.08470,-0.52450,0.00846,-0.00332,0.00028,0.58397,0.00093,0.22805,-0.00052,0.70683,0.00056,0.70738,1,3,0.99693,0.07391,0.00254,-0.02553,0.08126,0.07921,0.63225,0,1
1768333699.889320,0.02258,-0.10744,-0.91899,0.01124,-0.00297,0.00035,0.58393,0.00093,0.22804,-0.00052,0.70684,0.00056,0.70738,1,3,0.99693,0.07391,0.00254,-0.02553,0.08126,0.07921,0.63225,0,1
1768333699.891304,-0.00654,-0.07883,-0.98072,0.01377,-0.00010,0.00072,0.58389,0.00093,0.22804,-0.00052,0.70684,0.00056,0.70737,1,3,0.99700,0.07322,0.00426,-0.02462,0.08102,0.07923,0.63213,0,1
1768333699.893326,-0.01128,-0.05426,-0.68503,0.01036,-0.00047,0.00068,0.58389,0.00093,0.22804,-0.00052,0.70684,0.00056,0.70737,1,3,0.99700,0.07322,0.00426,-0.02462,0.08102,0.07923,0.63213,0,1
1768333699.895355,-0.02182,-0.03630,-0.52602,0.00883,-0.00114,0.00015,0.58389,0.00093,0.22804,-0.00052,0.70684,0.00056,0.70737,1,3,0.99700,0.07322,0.00426,-0.02462,0.08102,0.07923,0.63213,0,1
1768333699.897346,0.01154,-0.05554,-0.68474,0.00947,-0.00303,0.00054,0.58385,0.00093,0.22804,-0.00052,0.70684,0.00056,0.70737,1,3,0.99700,0.07322,0.00426,-0.02462,0.08102,0.07923,0.63213,0,1
1768333699.899333,0.02304,-0.09400,-0.90418,0.01009,-0.00172,0.00076,0.58385,0.00093,0.22804,-0.00052,0.70684,0.00056,0.70737,1,3,0.99700,0.07322,0.00426,-0.02462,0.08102,0.07923,0.63213,0,1
1768333699.901340,-0.00184,-0.07659,-0.83681,0.01358,0.00046,0.00015,0.58377,0.00093,0.22804,-0.00052,0.70684,0.00056,0.70738,1,3,0.99700,0.07322,0.00426,-0.02462,0.08102,0.07923,0.63213,0,1
1768333699.903327,-0.00646,-0.05810,-0.63964,0.00944,0.00100,0.00058,0.58377,0.00093,0.22804,-0.00052,0.70684,0.00056,0.70738,1,3,0.99700,0.07322,0.00426,-0.02462,0.08102,0.07923,0.63213,0,1
1768333699.906556,-0.02854,-0.07599,-0.56258,0.00703,-0.00152,0.00081,0.58373,0.00093,0.22804,-0.00052,0.70684,0.00056,0.70737,1,3,0.99700,0.07322,0.00426,-0.02462,0.08102,0.07923,0.63213,0,1
1768333699.907362,0.01879,-0.06501,-0.79073,0.01067,-0.00360,0.00072,0.58373,0.00093,0.22804,-0.00052,0.70684,0.00056,0.70737,1,3,0.99700,0.07322,0.00426,-0.02462,0.08102,0.07923,0.63213,0,1
1768333699.909329,0.01846,-0.09931,-0.87349,0.01134,-0.00370,0.00039,0.58373,0.00093,0.22804,-0.00052,0.70684,0.00056,0.70737,1,3,0.99700,0.07322,0.00426,-0.02462,0.08102,0.07923,0.63213,0,1
1768333699.911359,0.00419,-0.07482,-0.70787,0.01186,0.00088,-0.00002,0.58369,0.00093,0.22804,-0.00052,0.70684,0.00056,0.70737,1,3,0.99700,0.07322,0.00426,-0.02462,0.08102,0.07923,0.63213,0,1
1768333699.913330,-0.01220,-0.07512,-0.57858,0.01098,0.00158,0.00050,0.58365,0.00093,0.22804,-0.00052,0.70685,0.00056,0.70737,1,3,0.99700,0.07322,0.00426,-0.02462,0.08102,0.07923,0.63213,0,1
1768333699.915331,-0.01915,-0.02890,-0.63264,0.01023,-0.00091,0.00005,0.58365,0.00093,0.22804,-0.00052,0.70685,0.00056,0.70737,1,3,0.99700,0.07322,0.00426,-0.02462,0.08102,0.07923,0.63213,0,1
1768333699.917352,0.02679,-0.03088,-0.89067,0.01108,-0.00322,0.00008,0.58361,0.00093,0.22804,-0.00052,0.70685,0.00056,0.70736,1,3,0.99700,0.07322,0.00426,-0.02462,0.08102,0.07923,0.63213,0,1
1768333699.919353,0.02402,-0.07332,-0.88969,0.00991,-0.00278,-0.00017,0.58361,0.00093,0.22804,-0.00052,0.70685,0.00056,0.70736,1,3,0.99700,0.07322,0.00426,-0.02462,0.08102,0.07923,0.63213,0,1
1768333699.921377,-0.01760,-0.09069,-0.68434,0.01275,0.00001,0.00029,0.58357,0.00093,0.22804,-0.00052,0.70685,0.00056,0.70737,1,3,0.99700,0.07322,0.00426,-0.02462,0.08102,0.07923,0.63213,0,1
1768333699.923385,-0.03952,-0.07655,-0.47950,0.00921,0.00063,0.00048,0.58357,0.00093,0.22804,-0.00052,0.70685,0.00056,0.70737,1,3,0.99700,0.07322,0.00426,-0.02462,0.08102,0.07923,0.63213,0,1
1768333699.925339,-0.00915,-0.01397,-0.64808,0.00888,-0.00193,0.00003,0.58357,0.00093,0.22804,-0.00052,0.70685,0.00056,0.70737,1,3,0.99700,0.07322,0.00426,-0.02462,0.08102,0.07923,0.63213,0,1
1768333699.927371,0.02359,-0.02811,-0.97371,0.00980,-0.00443,0.00097,0.58357,0.00093,0.22804,-0.00052,0.70685,0.00056,0.70737,1,3,0.99700,0.07322,0.00426,-0.02462,0.08102,0.07923,0.63213,0,1
1768333699.929339,0.02586,-0.07617,-0.95792,0.01162,-0.00202,0.00044,0.58353,0.00093,0.22804,-0.00052,0.70685,0.00056,0.70736,1,3,0.99700,0.07322,0.00426,-0.02462,0.08102,0.07923,0.63213,0,1
1768333699.931338,0.00554,-0.11358,-0.65338,0.01095,-0.00038,0.00030,0.58353,0.00093,0.22804,-0.00052,0.70685,0.00056,0.70736,1,3,0.99700,0.07322,0.00426,-0.02462,0.08102,0.07923,0.63213,0,1
1768333699.933351,-0.03958,-0.09583,-0.53239,0.00985,0.00039,-0.00023,0.58349,0.00093,0.22803,-0.00052,0.70685,0.00056,0.70736,1,3,0.99709,0.07158,0.00547,-0.02567,0.08055,0.07930,0.63193,0,1
1768333699.935406,-0.00526,-0.07978,-0.73724,0.00961,-0.00306,0.00039,0.58349,0.00093,0.22803,-0.00052,0.70685,0.00056,0.70736,1,3,0.99709,0.07158,0.00547,-0.02567,0.08055,0.07930,0.63193,0,1
1768333699.937342,0.02878,-0.06606,-1.01872,0.01393,-0.00486,-0.00001,0.58345,0.00093,0.22803,-0.00052,0.70685,0.00056,0.70736,1,3,0.99709,0.07158,0.00547,-0.02567,0.08055,0.07930,0.63193,0,1
1768333699.939367,0.00861,-0.08534,-0.83612,0.01216,-0.00194,0.00042,0.58341,0.00093,0.22803,-0.00052,0.70686,0.00056,0.70735,1,3,0.99709,0.07158,0.00547,-0.02567,0.08055,0.07930,0.63193,0,1
1768333699.941362,-0.01414,-0.06707,-0.51774,0.00911,0.00020,0.00055,0.58341,0.00093,0.22803,-0.00052,0.70686,0.00056,0.70735,1,3,0.99709,0.07158,0.00547,-0.02567,0.08055,0.07930,0.63193,0,1
1768333699.943362,-0.02211,-0.06557,-0.53283,0.00935,-0.00136,0.00015,0.58337,0.00093,0.22803,-0.00052,0.70686,0.00056,0.70735,1,3,0.99709,0.07158,0.00547,-0.02567,0.08055,0.07930,0.63193,0,1
1768333699.945365,0.01062,-0.05954,-0.81412,0.01117,-0.00353,-0.00064,0.58337,0.00093,0.22803,-0.00052,0.70686,0.00056,0.70735,1,3,0.99709,0.07158,0.00547,-0.02567,0.08055,0.07930,0.63193,0,1
1768333699.947483,0.01142,-0.07186,-1.00368,0.01407,-0.00300,-0.00026,0.58333,0.00093,0.22803,-0.00052,0.70686,0.00056,0.70735,1,3,0.99709,0.07158,0.00547,-0.02567,0.08055,0.07930,0.63193,0,1
1768333699.949383,0.01101,-0.06693,-0.74540,0.00933,-0.00123,0.00076,0.58333,0.00093,0.22803,-0.00052,0.70686,0.00056,0.70735,1,3,0.99709,0.07158,0.00547,-0.02567,0.08055,0.07930,0.63193,0,1
1768333699.951362,-0.00503,-0.03830,-0.54896,0.00815,0.00057,0.00051,0.58329,0.00093,0.22803,-0.00052,0.70686,0.00056,0.70735,1,3,0.99709,0.07158,0.00547,-0.02567,0.08055,0.07930,0.63193,0,1
1768333699.953389,-0.00856,-0.07398,-0.60091,0.00815,-0.00113,0.00049,0.58329,0.00093,0.22803,-0.00052,0.70686,0.00056,0.70735,1,3,0.99709,0.07158,0.00547,-0.02567,0.08055,0.07930,0.63193,0,1
1768333699.955364,0.01361,-0.04771,-0.86747,0.01175,-0.00305,-0.00002,0.58325,0.00093,0.22802,-0.00052,0.70686,0.00056,0.70735,1,3,0.99709,0.07158,0.00547,-0.02567,0.08055,0.07930,0.63193,0,1
1768333699.957355,0.02111,-0.09383,-0.91967,0.01206,-0.00106,0.00034,0.58325,0.00093,0.22802,-0.00052,0.70686,0.00056,0.70735,1,3,0.99709,0.07158,0.00547,-0.02567,0.08055,0.07930,0.63193,0,1
1768333699.959357,-0.01391,-0.06724,-0.61629,0.00867,-0.00005,0.00088,0.58325,0.00093,0.22802,-0.00052,0.70686,0.00056,0.70735,1,3,0.99709,0.07158,0.00547,-0.02567,0.08055,0.07930,0.63193,0,1
1768333699.961361,-0.03178,-0.07176,-0.54793,0.00971,0.00054,0.00068,0.58321,0.00093,0.22802,-0.00052,0.70686,0.00056,0.70735,1,3,0.99709,0.07158,0.00547,-0.02567,0.08055,0.07930,0.63193,0,1
1768333699.963355,0.00119,-0.05578,-0.69269,0.01121,-0.00164,0.00013,0.58321,0.00093,0.22802,-0.00052,0.70686,0.00056,0.70735,1,3,0.99709,0.07158,0.00547,-0.02567,0.08055,0.07930,0.63193,0,1
1768333699.965385,0.01336,-0.04919,-0.90532,0.01107,-0.00164,0.00076,0.58317,0.00093,0.22803,-0.00052,0.70686,0.00056,0.70735,1,3,0.99715,0.07119,0.00277,-0.02500,0.08037,0.07935,0.63226,0,1
1768333699.967387,-0.00995,-0.05207,-0.88292,0.01300,0.00054,0.00025,0.58317,0.00093,0.22803,-0.00052,0.70686,0.00056,0.70735,1,3,0.99715,0.07119,0.00277,-0.02500,0.08037,0.07935,0.63226,0,1
1768333699.969381,-0.01505,-0.06619,-0.63176,0.01043,-0.00055,0.00006,0.58313,0.00093,0.22802,-0.00052,0.70686,0.00056,0.70735,1,3,0.99715,0.07119,0.00277,-0.02500,0.08037,0.07935,0.63226,0,1
1768333699.971384,-0.02116,-0.08416,-0.53220,0.00912,-0.00289,-0.00011,0.58309,0.00093,0.22803,-0.00052,0.70686,0.00056,0.70736,1,3,0.99715,0.07119,0.00277,-0.02500,0.08037,0.07935,0.63226,0,1
1768333699.973400,0.01589,-0.04257,-0.78373,0.00963,-0.00410,0.00032,0.58309,0.00093,0.22803,-0.00052,0.70686,0.00056,0.70736,1,3,0.99715,0.07119,0.00277,-0.02500,0.08037,0.07935,0.63226,0,1
1768333699.975397,0.00257,-0.07219,-0.98838,0.01407,-0.00238,0.00017,0.58305,0.00093,0.22802,-0.00052,0.70686,0.00056,0.70736,1,3,0.99715,0.07119,0.00277,-0.02500,0.08037,0.07935,0.63226,0,1
1768333699.977397,-0.00587,-0.04909,-0.84489,0.01326,-0.00015,0.00041,0.58305,0.00093,0.22802,-0.00052,0.70686,0.00056,0.70736,1,3,0.99715,0.07119,0.00277,-0.02500,0.08037,0.07935,0.63226,0,1
1768333699.979391,-0.00546,-0.09078,-0.59296,0.00948,-0.00128,0.00036,0.58301,0.00093,0.22802,-0.00052,0.70686,0.00056,0.70735,1,3,0.99715,0.07119,0.00277,-0.02500,0.08037,0.07935,0.63226,0,1
1768333699.981396,0.00357,-0.08016,-0.56262,0.00917,-0.00267,0.00051,0.58301,0.00093,0.22802,-0.00052,0.70686,0.00056,0.70735,1,3,0.99715,0.07119,0.00277,-0.02500,0.08037,0.07935,0.63226,0,1
1768333699.983389,0.01898,-0.09054,-0.85881,0.01057,-0.00245,0.00013,0.58296,0.00093,0.22802,-0.00052,0.70686,0.00056,0.70736,1,3,0.99715,0.07119,0.00277,-0.02500,0.08037,0.07935,0.63226,0,1
1768333699.985397,-0.00983,-0.10526,-1.00257,0.01323,-0.00117,0.00085,0.58296,0.00093,0.22802,-0.00052,0.70686,0.00056,0.70736,1,3,0.99715,0.07119,0.00277,-0.02500,0.08037,0.07935,0.63226,0,1
1768333699.987407,-0.00913,-0.09291,-0.75197,0.00880,-0.00235,0.00092,0.58296,0.00093,0.22802,-0.00052,0.70686,0.00056,0.70736,1,3,0.99715,0.07119,0.00277,-0.02500,0.08037,0.07935,0.63226,0,1
1768333699.989386,-0.03412,-0.05720,-0.54022,0.00879,-0.00261,0.00056,0.58292,0.00093,0.22803,-0.00052,0.70686,0.00056,0.70736,1,3,0.99715,0.07119,0.00277,-0.02500,0.08037,0.07935,0.63226,0,1
1768333699.991378,0.02458,-0.05826,-0.59346,0.00900,-0.00318,0.00087,0.58292,0.00093,0.22803,-0.00052,0.70686,0.00056,0.70736,1,3,0.99715,0.07119,0.00277,-0.02500,0.08037,0.07935,0.63226,0,1
1768333699.993398,0.00607,-0.08685,-0.87381,0.01105,-0.00356,0.00027,0.58288,0.00093,0.22803,-0.00052,0.70685,0.00056,0.70736,1,3,0.99715,0.07119,0.00277,-0.02500,0.08037,0.07935,0.63226,0,1
1768333699.995378,-0.00914,-0.08122,-0.94243,0.01221,-0.00070,0.00102,0.58288,0.00093,0.22803,-0.00052,0.70685,0.00056,0.70736,1,3,0.99715,0.07119,0.00277,-0.02500,0.08037,0.07935,0.63226,0,1
1768333699.997399,-0.01292,-0.07322,-0.71503,0.01231,-0.00069,0.00040,0.58284,0.00093,0.22803,-0.00052,0.70685,0.00056,0.70736,1,3,0.99718,0.07057,0.00679,-0.02471,0.08007,0.07932,0.63157,0,1
1768333699.999416,0.00204,-0.07168,-0.53277,0.00993,-0.00050,0.00066,0.58284,0.00093,0.22803,-0.00052,0.70685,0.00056,0.70736,1,3,0.99718,0.07057,0.00679,-0.02471,0.08007,0.07932,0.63157,0,1
1768333700.001417,0.01223,-0.06610,-0.60885,0.00890,-0.00203,0.00006,0.58280,0.00093,0.22803,-0.00052,0.70685,0.00056,0.70736,1,3,0.99718,0.07057,0.00679,-0.02471,0.08007,0.07932,0.63157,0,1
1768333700.003411,0.00932,-0.04201,-0.80699,0.01094,-0.00097,0.00043,0.58276,0.00093,0.22803,-0.00052,0.70685,0.00056,0.70736,1,3,0.99718,0.07057,0.00679,-0.02471,0.08007,0.07932,0.63157,0,1
1768333700.005406,0.00242,-0.04979,-0.93597,0.01303,0.00015,0.00073,0.58276,0.00093,0.22803,-0.00052,0.70685,0.00056,0.70736,1,3,0.99718,0.07057,0.00679,-0.02471,0.08007,0.07932,0.63157,0,1
1768333700.007406,0.00133,-0.02340,-0.74674,0.00986,0.00038,0.00075,0.58272,0.00093,0.22803,-0.00052,0.70685,0.00056,0.70736,1,3,0.99718,0.07057,0.00679,-0.02471,0.08007,0.07932,0.63157,0,1
1768333700.009408,0.03236,-0.06134,-0.65511,0.00896,0.00078,-0.00001,0.58272,0.00093,0.22803,-0.00052,0.70685,0.00056,0.70736,1,3,0.99718,0.07057,0.00679,-0.02471,0.08007,0.07932,0.63157,0,1
1768333700.011420,-0.00284,-0.06934,-0.73787,0.01039,-0.00043,0.00064,0.58268,0.00093,0.22803,-0.00052,0.70685,0.00056,0.70736,1,3,0.99718,0.07057,0.00679,-0.02471,0.08007,0.07932,0.63157,0,1
1768333700.013430,-0.01174,-0.11177,-0.80499,0.01184,-0.00219,0.00021,0.58268,0.00093,0.22803,-0.00052,0.70685,0.00056,0.70736,1,3,0.99718,0.07057,0.00679,-0.02471,0.08007,0.07932,0.63157,0,1
1768333700.015420,0.01281,-0.10230,-0.73735,0.01283,-0.00175,-0.00044,0.58264,0.00093,0.22803,-0.00052,0.70685,0.00056,0.70736,1,3,0.99718,0.07057,0.00679,-0.02471,0.08007,0.07932,0.63157,0,1
1768333700.017414,0.01852,-0.07249,-0.63926,0.01014,-0.00006,0.00056,0.58264,0.00093,0.22803,-0.00052,0.70685,0.00056,0.70736,1,3,0.99718,0.07057,0.00679,-0.02471,0.08007,0.07932,0.63157,0,1
1768333700.019419,-0.00265,-0.05948,-0.70026,0.01029,-0.00032,0.00040,0.58260,0.00093,0.22803,-0.00052,0.70685,0.00056,0.70736,1,3,0.99718,0.07057,0.00679,-0.02471,0.08007,0.07932,0.63157,0,1
1768333700.021435,0.00922,-0.04592,-0.85239,0.01155,-0.00211,0.00013,0.58260,0.00093,0.22803,-0.00052,0.70685,0.00056,0.70736,1,3,0.99718,0.07057,0.00679,-0.02471,0.08007,0.07932,0.63157,0,1
1768333700.023405,0.02675,-0.03603,-0.82959,0.01080,-0.00308,0.00067,0.58260,0.00093,0.22803,-0.00052,0.70685,0.00056,0.70736,1,3,0.99718,0.07057,0.00679,-0.02471,0.08007,0.07932,0.63157,0,1
1768333700.025422,0.01424,-0.04986,-0.76903,0.01041,-0.00053,0.00005,0.58256,0.00093,0.22804,-0.00052,0.70685,0.00056,0.70737,1,3,0.99718,0.07057,0.00679,-0.02471,0.08007,0.07932,0.63157,0,1
1768333700.027427,-0.03574,-0.07826,-0.68409,0.00963,-0.00091,0.00099,0.58256,0.00093,0.22804,-0.00052,0.70685,0.00056,0.70737,1,3,0.99718,0.07057,0.00679,-0.02471,0.08007,0.07932,0.63157,0,1
1768333700.029424,0.00562,-0.07309,-0.72250,0.01100,-0.00193,0.00038,0.58252,0.00093,0.22804,-0.00052,0.70685,0.00056,0.70737,1,3,0.99718,0.07057,0.00679,-0.02471,0.08007,0.07932,0.63157,0,1
1768333700.031430,0.01839,-0.08382,-0.73726,0.01175,-0.00410,0.00009,0.58252,0.00093,0.22804,-0.00052,0.70685,0.00056,0.70737,1,3,0.99729,0.07039,0.00344,-0.02118,0.07994,0.07941,0.63226,0,1
1768333700.033435,0.02257,-0.09384,-0.71363,0.00770,-0.00566,0.00080,0.58248,0.00093,0.22804,-0.00052,0.70684,0.00056,0.70738,1,3,0.99729,0.07039,0.00344,-0.02118,0.07994,0.07941,0.63226,0,1
1768333700.035436,-0.00763,-0.06721,-0.79148,0.01107,0.00051,-0.00008,0.58244,0.00093,0.22804,-0.00052,0.70684,0.00056,0.70737,1,3,0.99729,0.07039,0.00344,-0.02118,0.07994,0.07941,0.63226,0,1
1768333700.037452,-0.00087,-0.09651,-0.82861,0.01268,0.00034,0.00030,0.58244,0.00093,0.22804,-0.00052,0.70684,0.00056,0.70737,1,3,0.99729,0.07039,0.00344,-0.02118,0.07994,0.07941,0.63226,0,1
1768333700.039494,-0.00743,-0.07597,-0.73017,0.01119,-0.00088,0.00025,0.58240,0.00093,0.22805,-0.00052,0.70683,0.00056,0.70738,1,3,0.99729,0.07039,0.00344,-0.02118,0.07994,0.07941,0.63226,0,1
1768333700.041469,0.01740,-0.05907,-0.80623,0.01248,-0.00411,0.00017,0.58240,0.00093,0.22805,-0.00052,0.70683,0.00056,0.70738,1,3,0.99729,0.07039,0.00344,-0.02118,0.07994,0.07941,0.63226,0,1
1768333700.043427,0.01009,-0.08104,-0.76018,0.01047,-0.00171,0.00075,0.58236,0.00093,0.22805,-0.00052,0.70683,0.00056,0.70739,1,3,0.99729,0.07039,0.00344,-0.02118,0.07994,0.07941,0.63226,0,1
1768333700.045425,-0.02040,-0.08483,-0.68413,0.00824,-0.00263,-0.00023,0.58236,0.00093,0.22805,-0.00052,0.70683,0.00056,0.70739,1,3,0.99729,0.07039,0.00344,-0.02118,0.07994,0.07941,0.63226,0,1
1768333700.047429,0.01373,-0.07411,-0.68473,0.01099,-0.00076,0.00040,0.58232,0.00093,0.22805,-0.00052,0.70683,0.00056,0.70738,1,3,0.99729,0.07039,0.00344,-0.02118,0.07994,0.07941,0.63226,0,1
1768333700.049436,0.01847,-0.06138,-0.73057,0.01071,-0.00158,0.00022,0.58232,0.00093,0.22805,-0.00052,0.70683,0.00056,0.70738,1,3,0.99729,0.07039,0.00344,-0.02118,0.07994,0.07941,0.63226,0,1
1768333700.051443,0.00909,-0.05106,-0.78427,0.01192,-0.00136,-0.00049,0.58232,0.00093,0.22805,-0.00052,0.70683,0.00056,0.70738,1,3,0.99729,0.07039,0.00344,-0.02118,0.07994,0.07941,0.63226,0,1
1768333700.053441,0.02202,-0.03074,-0.84551,0.01064,-0.00012,0.00025,0.58228,0.00093,0.22806,-0.00052,0.70682,0.00056,0.70739,1,3,0.99729,0.07039,0.00344,-0.02118,0.07994,0.07941,0.63226,0,1
1768333700.055441,0.01568,-0.05080,-0.82186,0.00843,-0.00040,0.00082,0.58228,0.00093,0.22806,-0.00052,0.70682,0.00056,0.70739,1,3,0.99729,0.07039,0.00344,-0.02118,0.07994,0.07941,0.63226,0,1
1768333700.057439,0.01969,-0.07867,-0.76839,0.01356,-0.00057,0.00005,0.58224,0.00093,0.22806,-0.00052,0.70682,0.00056,0.70739,1,3,0.99729,0.07039,0.00344,-0.02118,0.07994,0.07941,0.63226,0,1
1768333700.059439,0.00749,-0.07949,-0.64665,0.00896,-0.00056,0.00017,0.58224,0.00093,0.22806,-0.00052,0.70682,0.00056,0.70739,1,3,0.99729,0.07039,0.00344,-0.02118,0.07994,0.07941,0.63226,0,1
1768333700.061465,0.00676,-0.10003,-0.66905,0.00937,0.00061,0.00029,0.58220,0.00093,0.22806,-0.00052,0.70682,0.00056,0.70740,1,3,0.99733,0.06915,0.00241,-0.02356,0.07971,0.07947,0.63232,0,1
1768333700.063446,-0.00278,-0.08216,-0.91273,0.01417,0.00137,0.00022,0.58220,0.00093,0.22806,-0.00052,0.70682,0.00056,0.70740,1,3,0.99733,0.06915,0.00241,-0.02356,0.07971,0.07947,0.63232,0,1
1768333700.065461,-0.00434,-0.07814,-0.81339,0.01203,-0.00141,0.00085,0.58216,0.00093,0.22806,-0.00052,0.70682,0.00056,0.70739,1,3,0.99733,0.06915,0.00241,-0.02356,0.07971,0.07947,0.63232,0,1
1768333700.067444,-0.00204,-0.03936,-0.65497,0.00966,-0.00110,0.00070,0.58212,0.00093,0.22806,-0.00052,0.70682,0.00056,0.70740,1,3,0.99733,0.06915,0.00241,-0.02356,0.07971,0.07947,0.63232,0,1
1768333700.069445,-0.02606,-0.04353,-0.63193,0.00874,-0.00157,0.00048,0.58212,0.00093,0.22806,-0.00052,0.70682,0.00056,0.70740,1,3,0.99733,0.06915,0.00241,-0.02356,0.07971,0.07947,0.63232,0,1
1768333700.071481,0.00115,-0.04804,-0.75378,0.01021,0.00052,0.00061,0.58208,0.00093,0.22806,-0.00052,0.70682,0.00056,0.70739,1,3,0.99733,0.06915,0.00241,-0.02356,0.07971,0.07947,0.63232,0,1
1768333700.073445,-0.00025,-0.06591,-0.85158,0.01196,-0.00158,0.00108,0.58208,0.00093,0.22806,-0.00052,0.70682,0.00056,0.70739,1,3,0.99733,0.06915,0.00241,-0.02356,0.07971,0.07947,0.63232,0,1
1768333700.075451,0.02168,-0.07359,-0.74562,0.01187,-0.00136,-0.00006,0.58204,0.00093,0.22806,-0.00052,0.70682,0.00056,0.70739,1,3,0.99733,0.06915,0.00241,-0.02356,0.07971,0.07947,0.63232,0,1
1768333700.077444,-0.01131,-0.07847,-0.66162,0.01072,-0.00083,0.00058,0.58204,0.00093,0.22806,-0.00052,0.70682,0.00056,0.70739,1,3,0.99733,0.06915,0.00241,-0.02356,0.07971,0.07947,0.63232,0,1
1768333700.079457,-0.00268,-0.07373,-0.67720,0.01078,-0.00069,0.00001,0.58200,0.00093,0.22806,-0.00052,0.70682,0.00056,0.70739,1,3,0.99733,0.06915,0.00241,-0.02356,0.07971,0.07947,0.63232,0,1
1768333700.081454,-0.02078,-0.08287,-0.89683,0.01175,-0.00133,0.00054,0.58200,0.00093,0.22806,-0.00052,0.70682,0.00056,0.70739,1,3,0.99733,0.06915,0.00241,-0.02356,0.07971,0.07947,0.63232,0,1
1768333700.083436,-0.01356,-0.04826,-0.92823,0.01283,-0.00132,0.00036,0.58200,0.00093,0.22806,-0.00052,0.70682,0.00056,0.70739,1,3,0.99733,0.06915,0.00241,-0.02356,0.07971,0.07947,0.63232,0,1
1768333700.085438,0.00196,-0.04091,-0.72319,0.01030,-0.00229,0.00051,0.58196,0.00093,0.22806,-0.00052,0.70682,0.00056,0.70740,1,3,0.99733,0.06915,0.00241,-0.02356,0.07971,0.07947,0.63232,0,1
1768333700.087440,-0.00240,-0.05811,-0.70021,0.01075,-0.00185,-0.00000,0.58196,0.00093,0.22806,-0.00052,0.70682,0.00056,0.70740,1,3,0.99733,0.06915,0.00241,-0.02356,0.07971,0.07947,0.63232,0,1
1768333700.089440,0.02870,-0.08045,-0.70736,0.00982,-0.00285,-0.00043,0.58196,0.00093,0.22806,-0.00052,0.70682,0.00056,0.70740,1,3,0.99733,0.06915,0.00241,-0.02356,0.07971,0.07947,0.63232,0,1
1768333700.091450,0.00152,-0.10102,-0.83577,0.01066,-0.00108,0.00043,0.58192,0.00093,0.22806,-0.00052,0.70682,0.00056,0.70740,1,3,0.99739,0.06863,0.00316,-0.02229,0.07952,0.07953,0.63247,0,1
1768333700.093442,0.00141,-0.08088,-0.84369,0.01069,-0.00173,0.00069,0.58188,0.00093,0.22806,-0.00052,0.70682,0.00056,0.70740,1,3,0.99739,0.06863,0.00316,-0.02229,0.07952,0.07953,0.63247,0,1
1768333700.095463,-0.03819,-0.06594,-0.69951,0.00803,-0.00140,0.00085,0.58188,0.00093,0.22806,-0.00052,0.70682,0.00056,0.70740,1,3,0.99739,0.06863,0.00316,-0.02229,0.07952,0.07953,0.63247,0,1
1768333700.097482,-0.00346,-0.06765,-0.69227,0.01172,-0.00195,0.00027,0.58184,0.00093,0.22806,-0.00052,0.70682,0.00056,0.70739,1,3,0.99739,0.06863,0.00316,-0.02229,0.07952,0.07953,0.63247,0,1
1768333700.099464,0.00098,-0.06767,-0.66138,0.00757,-0.00365,0.00071,0.58180,0.00093,0.22805,-0.00052,0.70682,0.00056,0.70739,1,3,0.99739,0.06863,0.00316,-0.02229,0.07952,0.07953,0.63247,0,1
1768333700.101488,0.01880,-0.05058,-0.81430,0.01084,-0.00286,-0.00012,0.58180,0.00093,0.22805,-0.00052,0.70682,0.00056,0.70739,1,3,0.99739,0.06863,0.00316,-0.02229,0.07952,0.07953,0.63247,0,1
1768333700.103473,0.02294,-0.05004,-0.82980,0.01019,-0.00075,-0.00000,0.58176,0.00093,0.22805,-0.00052,0.70682,0.00056,0.70739,1,3,0.99739,0.06863,0.00316,-0.02229,0.07952,0.07953,0.63247,0,1
1768333700.105487,0.01223,-0.07492,-0.86722,0.01207,0.00042,0.00025,0.58176,0.00093,0.22805,-0.00052,0.70682,0.00056,0.70739,1,3,0.99739,0.06863,0.00316,-0.02229,0.07952,0.07953,0.63247,0,1
1768333700.107467,-0.01143,-0.07383,-0.76817,0.01077,-0.00057,0.00035,0.58172,0.00093,0.22805,-0.00052,0.70683,0.00056,0.70739,1,3,0.99739,0.06863,0.00316,-0.02229,0.07952,0.07953,0.63247,0,1
1768333700.109482,0.02295,-0.09543,-0.70626,0.00680,-0.00389,0.00080,0.58172,0.00093,0.22805,-0.00052,0.70683,0.00056,0.70739,1,3,0.99739,0.06863,0.00316,-0.02229,0.07952,0.07953,0.63247,0,1
1768333700.111468,-0.00214,-0.08794,-0.72207,0.01039,-0.00182,0.00039,0.58168,0.00093,0.22805,-0.00052,0.70682,0.00056,0.70739,1,3,0.99739,0.06863,0.00316,-0.02229,0.07952,0.07953,0.63247,0,1
1768333700.113485,0.02067,-0.08138,-0.71451,0.00850,-0.00222,0.00078,0.58168,0.00093,0.22805,-0.00052,0.70682,0.00056,0.70739,1,3,0.99739,0.06863,0.00316,-0.02229,0.07952,0.07953,0.63247,0,1
1768333700.115476,-0.02125,-0.09387,-0.76794,0.01206,0.00070,0.00010,0.58168,0.00093,0.22805,-0.00052,0.70682,0.00056,0.70739,1,3,0.99739,0.06863,0.00316,-0.02229,0.07952,0.07953,0.63247,0,1
1768333700.117477,0.00338,-0.04669,-0.76859,0.00870,-0.00191,0.00061,0.58164,0.00093,0.22805,-0.00052,0.70683,0.00056,0.70739,1,3,0.99739,0.06863,0.00316,-0.02229,0.07952,0.07953,0.63247,0,1
1768333700.119484,-0.01102,-0.07220,-0.76771,0.01079,-0.00286,0.00077,0.58164,0.00093,0.22805,-0.00052,0.70683,0.00056,0.70739,1,3,0.99739,0.06863,0.00316,-0.02229,0.07952,0.07953,0.63247,0,1
1768333700.121467,0.00253,-0.06409,-0.71494,0.01067,-0.00393,-0.00001,0.58164,0.00093,0.22805,-0.00052,0.70683,0.00056,0.70739,1,3,0.99739,0.06863,0.00316,-0.02229,0.07952,0.07953,0.63247,0,1
1768333700.123508,0.01365,-0.07077,-0.68410,0.00732,-0.00341,0.00095,0.58160,0.00093,0.22805,-0.00052,0.70683,0.00056,0.70738,1,3,0.99737,0.06762,0.00426,-0.02564,0.07923,0.07951,0.63192,0,1
1768333700.125489,-0.01682,-0.07645,-0.77569,0.01162,0.00000,0.00062,0.58160,0.00093,0.22805,-0.00052,0.70683,0.00056,0.70738,1,3,0.99737,0.06762,0.00426,-0.02564,0.07923,0.07951,0.63192,0,1
1768333700.127499,-0.02216,-0.06760,-0.79869,0.01325,-0.00108,0.00020,0.58155,0.00093,0.22805,-0.00052,0.70683,0.00056,0.70738,1,3,0.99737,0.06762,0.00426,-0.02564,0.07923,0.07951,0.63192,0,1
1768333700.129620,0.00603,-0.06841,-0.80605,0.01040,-0.00205,0.00058,0.58151,0.00093,0.22805,-0.00052,0.70683,0.00056,0.70738,1,3,0.99737,0.06762,0.00426,-0.02564,0.07923,0.07951,0.63192,0,1
1768333700.131496,-0.02038,-0.07432,-0.72960,0.00815,-0.00377,0.00028,0.58147,0.00093,0.22804,-0.00052,0.70684,0.00056,0.70738,1,3,0.99737,0.06762,0.00426,-0.02564,0.07923,0.07951,0.63192,0,1
1768333700.133506,-0.00184,-0.07794,-0.80575,0.01007,-0.00233,0.00046,0.58147,0.00093,0.22804,-0.00052,0.70684,0.00056,0.70738,1,3,0.99737,0.06762,0.00426,-0.02564,0.07923,0.07951,0.63192,0,1
1768333700.136302,0.01036,-0.07656,-0.79856,0.01030,-0.00109,0.00018,0.58143,0.00093,0.22804,-0.00052,0.70684,0.00056,0.70738,1,3,0.99737,0.06762,0.00426,-0.02564,0.07923,0.07951,0.63192,0,1
1768333700.137523,-0.00687,-0.09574,-0.84348,0.01073,-0.00124,0.00030,0.58143,0.00093,0.22804,-0.00052,0.70684,0.00056,0.70738,1,3,0.99737,0.06762,0.00426,-0.02564,0.07923,0.07951,0.63192,0,1
1768333700.139536,-0.01721,-0.09979,-0.83552,0.01242,-0.00161,0.00085,0.58139,0.00093,0.22804,-0.00052,0.70684,0.00056,0.70738,1,3,0.99737,0.06762,0.00426,-0.02564,0.07923,0.07951,0.63192,0,1
1768333700.141491,-0.01646,-0.06731,-0.62374,0.00845,-0.00295,-0.00005,0.58139,0.00093,0.22804,-0.00052,0.70684,0.00056,0.70738,1,3,0.99737,0.06762,0.00426,-0.02564,0.07923,0.07951,0.63192,0,1
1768333700.143490,-0.00791,-0.08399,-0.73715,0.01218,-0.00302,0.00052,0.58135,0.00093,0.22804,-0.00052,0.70684,0.00056,0.70738,1,3,0.99737,0.06762,0.00426,-0.02564,0.07923,0.07951,0.63192,0,1
1768333700.145499,0.03645,-0.08631,-0.70702,0.00975,-0.00216,0.00050,0.58135,0.00093,0.22804,-0.00052,0.70684,0.00056,0.70738,1,3,0.99737,0.06762,0.00426,-0.02564,0.07923,0.07951,0.63192,0,1
1768333700.147493,-0.00174,-0.06543,-0.77592,0.00891,0.00020,0.00088,0.58135,0.00093,0.22804,-0.00052,0.70684,0.00056,0.70738,1,3,0.99737,0.06762,0.00426,-0.02564,0.07923,0.07951,0.63192,0,1
1768333700.149493,-0.01811,-0.08214,-0.86721,0.01285,0.00154,-0.00013,0.58135,0.00093,0.22804,-0.00052,0.70684,0.00056,0.70738,1,3,0.99737,0.06762,0.00426,-0.02564,0.07923,0.07951,0.63192,0,1
1768333700.151494,-0.01660,-0.08587,-0.79802,0.01150,-0.00075,0.00088,0.58131,0.00093,0.22804,-0.00052,0.70684,0.00056,0.70738,1,3,0.99737,0.06762,0.00426,-0.02564,0.07923,0.07951,0.63192,0,1
1768333700.153492,0.02034,-0.08010,-0.63876,0.00961,-0.00312,0.00003,0.58127,0.00093,0.22804,-0.00052,0.70684,0.00056,0.70737,1,3,0.99737,0.06762,0.00426,-0.02564,0.07923,0.07951,0.63192,0,1
1768333700.155513,0.02714,-0.07018,-0.65427,0.01104,-0.00296,0.00014,0.58127,0.00093,0.22804,-0.00052,0.70684,0.00056,0.70737,1,3,0.99737,0.06762,0.00426,-0.02564,0.07923,0.07951,0.63192,0,1
1768333700.157487,-0.00433,-0.08921,-0.78319,0.01190,0.00037,0.00034,0.58127,0.00093,0.22804,-0.00052,0.70684,0.00056,0.70737,1,3,0.99737,0.06762,0.00426,-0.02564,0.07923,0.07951,0.63192,0,1
1768333700.159516,-0.03700,-0.07901,-0.88952,0.01071,0.00026,0.00042,0.58123,0.00093,0.22805,-0.00052,0.70683,0.00056,0.70738,1,3,0.99737,0.06762,0.00426,-0.02564,0.07923,0.07951,0.63192,0,1
1768333700.161520,0.01705,-0.06267,-0.82942,0.01135,0.00010,0.00054,0.58123,0.00093,0.22805,-0.00052,0.70683,0.00056,0.70738,1,3,0.99737,0.06762,0.00426,-0.02564,0.07923,0.07951,0.63192,0,1
1768333700.163509,0.00723,-0.06765,-0.71507,0.00998,-0.00285,-0.00015,0.58119,0.00093,0.22805,-0.00052,0.70683,0.00056,0.70738,1,3,0.99744,0.06729,0.00599,-0.02359,0.07904,0.07955,0.63201,0,1
1768333700.165506,0.00945,-0.05650,-0.66227,0.01099,-0.00110,0.00055,0.58115,0.00093,0.22805,-0.00052,0.70683,0.00056,0.70739,1,3,0.99744,0.06729,0.00599,-0.02359,0.07904,0.07955,0.63201,0,1
1768333700.167534,-0.03160,-0.03862,-0.72284,0.00596,-0.00264,0.00069,0.58115,0.00093,0.22805,-0.00052,0.70683,0.00056,0.70739,1,3,0.99744,0.06729,0.00599,-0.02359,0.07904,0.07955,0.63201,0,1
1768333700.169516,-0.00813,-0.06196,-0.90484,0.01092,-0.00060,0.00132,0.58115,0.00093,0.22805,-0.00052,0.70683,0.00056,0.70739,1,3,0.99744,0.06729,0.00599,-0.02359,0.07904,0.07955,0.63201,0,1
1768333700.171587,-0.01232,-0.10777,-0.88872,0.01189,-0.00116,0.00041,0.58111,0.00093,0.22806,-0.00052,0.70682,0.00056,0.70739,1,3,0.99744,0.06729,0.00599,-0.02359,0.07904,0.07955,0.63201,0,1
1768333700.173521,-0.01890,-0.07296,-0.57811,0.01013,-0.00139,0.00052,0.58111,0.00093,0.22806,-0.00052,0.70682,0.00056,0.70739,1,3,0.99744,0.06729,0.00599,-0.02359,0.07904,0.07955,0.63201,0,1
1768333700.175512,-0.01827,-0.06816,-0.54807,0.00975,-0.00116,-0.00000,0.58111,0.00093,0.22806,-0.00052,0.70682,0.00056,0.70739,1,3,0.99744,0.06729,0.00599,-0.02359,0.07904,0.07955,0.63201,0,1
1768333700.177579,-0.00481,-0.09431,-0.91198,0.01205,0.00027,0.00077,0.58103,0.00093,0.22805,-0.00052,0.70683,0.00056,0.70738,1,3,0.99744,0.06729,0.00599,-0.02359,0.07904,0.07955,0.63201,0,1
1768333700.179700,0.02842,-0.08459,-1.07193,0.01283,-0.00051,0.00034,0.58099,0.00093,0.22805,-0.00052,0.70683,0.00056,0.70738,1,3,0.99744,0.06729,0.00599,-0.02359,0.07904,0.07955,0.63201,0,1
1768333700.181519,-0.00396,-0.07335,-0.76818,0.01187,-0.00105,0.00035,0.58099,0.00093,0.22805,-0.00052,0.70683,0.00056,0.70738,1,3,0.99744,0.06729,0.00599,-0.02359,0.07904,0.07955,0.63201,0,1
1768333700.183522,-0.00370,-0.07707,-0.54781,0.00746,-0.00056,0.00039,0.58095,0.00093,0.22805,-0.00052,0.70683,0.00056,0.70738,1,3,0.99744,0.06729,0.00599,-0.02359,0.07904,0.07955,0.63201,0,1
1768333700.185520,-0.00538,-0.08196,-0.59331,0.00893,-0.00015,0.00049,0.58095,0.00093,0.22805,-0.00052,0.70683,0.00056,0.70738,1,3,0.99744,0.06729,0.00599,-0.02359,0.07904,0.07955,0.63201,0,1
1768333700.187561,-0.00347,-0.10335,-0.88860,0.01107,-0.00126,0.00107,0.58091,0.00093,0.22805,-0.00052,0.70683,0.00056,0.70738,1,3,0.99744,0.06729,0.00599,-0.02359,0.07904,0.07955,0.63201,0,1
1768333700.189540,0.01574,-0.06111,-0.98856,0.01290,-0.00177,0.00082,0.58091,0.00093,0.22805,-0.00052,0.70683,0.00056,0.70738,1,3,0.99744,0.06729,0.00599,-0.02359,0.07904,0.07955,0.63201,0,1
1768333700.191518,0.01446,-0.05422,-0.77652,0.01058,-0.00116,-0.00022,0.58091,0.00093,0.22805,-0.00052,0.70683,0.00056,0.70738,1,3,0.99744,0.06729,0.00599,-0.02359,0.07904,0.07955,0.63201,0,1
1768333700.193515,-0.01430,-0.07749,-0.57063,0.00898,0.00072,0.00078,0.58091,0.00093,0.22805,-0.00052,0.70683,0.00056,0.70738,1,3,0.99744,0.06729,0.00599,-0.02359,0.07904,0.07955,0.63201,0,1
1768333700.195539,-0.01710,-0.09067,-0.71468,0.01232,-0.00024,0.00027,0.58087,0.00093,0.22805,-0.00052,0.70683,0.00056,0.70738,1,3,0.99744,0.06729,0.00599,-0.02359,0.07904,0.07955,0.63201,0,1
1768333700.197557,0.01197,-0.08234,-0.85130,0.01308,-0.00249,0.00054,0.58087,0.00093,0.22805,-0.00052,0.70683,0.00056,0.70738,1,3,0.99744,0.06729,0.00599,-0.02359,0.07904,0.07955,0.63201,0,1
1768333700.199529,0.02379,-0.06089,-0.88243,0.01355,-0.00176,0.00049,0.58083,0.00093,0.22805,-0.00052,0.70683,0.00056,0.70739,1,3,0.99744,0.06729,0.00599,-0.02359,0.07904,0.07955,0.63201,0,1
1768333700.201548,-0.01788,-0.09080,-0.73754,0.01297,0.00015,0.00025,0.58083,0.00093,0.22805,-0.00052,0.70683,0.00056,0.70739,1,3,0.99744,0.06729,0.00599,-0.02359,0.07904,0.07955,0.63201,0,1
1768333700.203538,-0.00338,-0.06501,-0.67762,0.01088,0.00083,0.00014,0.58079,0.00093,0.22805,-0.00052,0.70683,0.00056,0.70739,1,3,0.99744,0.06729,0.00599,-0.02359,0.07904,0.07955,0.63201,0,1
1768333700.205518,-0.02042,-0.11721,-0.80489,0.01178,-0.00132,0.00035,0.58079,0.00093,0.22805,-0.00052,0.70683,0.00056,0.70739,1,3,0.99744,0.06729,0.00599,-0.02359,0.07904,0.07955,0.63201,0,1
1768333700.207547,0.02647,-0.07576,-0.88964,0.01141,-0.00242,0.00009,0.58075,0.00093,0.22806,-0.00052,0.70682,0.00056,0.70739,1,3,0.99742,0.06690,0.00586,-0.02536,0.07874,0.07954,0.63156,0,1
1768333700.209620,0.01744,-0.09070,-0.83617,0.01188,-0.00167,0.00014,0.58075,0.00093,0.22806,-0.00052,0.70682,0.00056,0.70739,1,3,0.99742,0.06690,0.00586,-0.02536,0.07874,0.07954,0.63156,0,1
1768333700.211556,-0.02105,-0.05709,-0.73006,0.00726,-0.00109,0.00134,0.58071,0.00093,0.22806,-0.00052,0.70682,0.00056,0.70739,1,3,0.99742,0.06690,0.00586,-0.02536,0.07874,0.07954,0.63156,0,1
1768333700.213558,-0.03529,-0.05162,-0.78392,0.01279,0.00072,0.00076,0.58071,0.00093,0.22806,-0.00052,0.70682,0.00056,0.70739,1,3,0.99742,0.06690,0.00586,-0.02536,0.07874,0.07954,0.63156,0,1
1768333700.215537,-0.00927,-0.07506,-0.82889,0.01316,-0.00149,0.00017,0.58067,0.00093,0.22806,-0.00052,0.70682,0.00056,0.70739,1,3,0.99742,0.06690,0.00586,-0.02536,0.07874,0.07954,0.63156,0,1
1768333700.217574,0.00341,-0.04825,-0.79933,0.01305,-0.00141,0.00004,0.58063,0.00093,0.22806,-0.00052,0.70682,0.00056,0.70740,1,3,0.99742,0.06690,0.00586,-0.02536,0.07874,0.07954,0.63156,0,1
1768333700.219576,0.02325,-0.08469,-0.73755,0.00977,-0.00073,0.00062,0.58063,0.00093,0.22806,-0.00052,0.70682,0.00056,0.70740,1,3,0.99742,0.06690,0.00586,-0.02536,0.07874,0.07954,0.63156,0,1
1768333700.221579,-0.00425,-0.08970,-0.69954,0.01146,0.00088,0.00080,0.58059,0.00093,0.22806,-0.00052,0.70682,0.00056,0.70739,1,3,0.99742,0.06690,0.00586,-0.02536,0.07874,0.07954,0.63156,0,1
1768333700.223539,-0.02103,-0.09836,-0.78267,0.01179,-0.00018,0.00063,0.58059,0.00093,0.22806,-0.00052,0.70682,0.00056,0.70739,1,3,0.99742,0.06690,0.00586,-0.02536,0.07874,0.07954,0.63156,0,1
1768333700.225589,-0.00133,-0.05424,-0.84416,0.01363,-0.00324,0.00082,0.58055,0.00093,0.22806,-0.00052,0.70681,0.00056,0.70740,1,3,0.99742,0.06690,0.00586,-0.02536,0.07874,0.07954,0.63156,0,1
1768333700.227575,0.02299,-0.05433,-0.81414,0.01014,-0.00176,0.00055,0.58055,0.00093,0.22806,-0.00052,0.70681,0.00056,0.70740,1,3,0.99742,0.06690,0.00586,-0.02536,0.07874,0.07954,0.63156,0,1
1768333700.229552,0.01853,-0.06254,-0.78390,0.01026,-0.00031,0.00017,0.58051,0.00093,0.22806,-0.00052,0.70681,0.00056,0.70740,1,3,0.99742,0.06690,0.00586,-0.02536,0.07874,0.07954,0.63156,0,1
1768333700.231555,-0.00533,-0.08608,-0.72245,0.00953,-0.00103,-0.00028,0.58051,0.00093,0.22806,-0.00052,0.70681,0.00056,0.70740,1,3,0.99742,0.06690,0.00586,-0.02536,0.07874,0.07954,0.63156,0,1
1768333700.233558,-0.00222,-0.09877,-0.85114,0.01025,-0.00079,0.00015,0.58051,0.00093,0.22806,-0.00052,0.70681,0.00056,0.70740,1,3,0.99742,0.06690,0.00586,-0.02536,0.07874,0.07954,0.63156,0,1
1768333700.235547,0.02180,-0.07469,-0.84433,0.01120,-0.00046,0.00026,0.58047,0.00093,0.22806,-0.00052,0.70681,0.00056,0.70740,1,3,0.99742,0.06690,0.00586,-0.02536,0.07874,0.07954,0.63156,0,1
1768333700.237564,0.00921,-0.07129,-0.79137,0.01168,-0.00083,-0.00036,0.58047,0.00093,0.22806,-0.00052,0.70681,0.00056,0.70740,1,3,0.99742,0.06690,0.00586,-0.02536,0.07874,0.07954,0.63156,0,1
1768333700.239546,-0.00366,-0.10722,-0.72933,0.01212,-0.00166,0.00012,0.58043,0.00093,0.22806,-0.00052,0.70681,0.00056,0.70740,1,3,0.99742,0.06690,0.00586,-0.02536,0.07874,0.07954,0.63156,0,1
1768333700.241634,0.01039,-0.05162,-0.69277,0.01017,-0.00137,0.00039,0.58043,0.00093,0.22806,-0.00052,0.70681,0.00056,0.70740,1,3,0.99753,0.06562,0.00397,-0.02488,0.07856,0.07962,0.63187,0,1
1768333700.243551,0.00835,-0.07375,-0.74500,0.00816,-0.00233,0.00077,0.58039,0.00093,0.22807,-0.00052,0.70681,0.00056,0.70740,1,3,0.99753,0.06562,0.00397,-0.02488,0.07856,0.07962,0.63187,0,1
1768333700.245565,0.03001,-0.06485,-0.82954,0.01154,-0.00045,-0.00001,0.58039,0.00093,0.22807,-0.00052,0.70681,0.00056,0.70740,1,3,0.99753,0.06562,0.00397,-0.02488,0.07856,0.07962,0.63187,0,1
1768333700.247559,0.00797,-0.06222,-0.79901,0.01201,0.00008,0.00057,0.58035,0.00093,0.22806,-0.00052,0.70681,0.00056,0.70740,1,3,0.99753,0.06562,0.00397,-0.02488,0.07856,0.07962,0.63187,0,1
1768333700.249567,-0.02083,-0.06859,-0.71522,0.01171,-0.00022,0.00027,0.58031,0.00093,0.22806,-0.00052,0.70681,0.00056,0.70740,1,3,0.99753,0.06562,0.00397,-0.02488,0.07856,0.07962,0.63187,0,1
1768333700.251566,0.04482,-0.04698,-0.72318,0.00958,-0.00242,0.00060,0.58031,0.00093,0.22806,-0.00052,0.70681,0.00056,0.70740,1,3,0.99753,0.06562,0.00397,-0.02488,0.07856,0.07962,0.63187,0,1
1768333700.253570,0.01766,-0.06161,-0.82179,0.01136,-0.00119,0.00015,0.58031,0.00093,0.22806,-0.00052,0.70681,0.00056,0.70740,1,3,0.99753,0.06562,0.00397,-0.02488,0.07856,0.07962,0.63187,0,1
1768333700.255740,-0.00769,-0.03703,-0.84512,0.01100,-0.00052,0.00028,0.58027,0.00093,0.22806,-0.00052,0.70682,0.00056,0.70740,1,3,0.99753,0.06562,0.00397,-0.02488,0.07856,0.07962,0.63187,0,1
1768333700.257555,-0.00627,-0.06378,-0.75322,0.01352,-0.00013,0.00089,0.58023,0.00093,0.22806,-0.00052,0.70681,0.00056,0.70740,1,3,0.99753,0.06562,0.00397,-0.02488,0.07856,0.07962,0.63187,0,1
1768333700.259571,-0.00038,-0.04943,-0.66228,0.00823,-0.00137,0.00056,0.58023,0.00093,0.22806,-0.00052,0.70681,0.00056,0.70740,1,3,0.99753,0.06562,0.00397,-0.02488,0.07856,0.07962,0.63187,0,1
1768333700.261572,0.03943,-0.08309,-0.74479,0.01089,-0.00307,0.00101,0.58019,0.00093,0.22806,-0.00052,0.70682,0.00056,0.70740,1,3,0.99753,0.06562,0.00397,-0.02488,0.07856,0.07962,0.63187,0,1
1768333700.263577,-0.00080,-0.08152,-0.84396,0.01243,-0.00018,0.00069,0.58019,0.00093,0.22806,-0.00052,0.70682,0.00056,0.70740,1,3,0.99753,0.06562,0.00397,-0.02488,0.07856,0.07962,0.63187,0,1
1768333700.265584,-0.01832,-0.07404,-0.79104,0.00946,-0.00050,-0.00006,0.58019,0.00093,0.22806,-0.00052,0.70682,0.00056,0.70740,1,3,0.99753,0.06562,0.00397,-0.02488,0.07856,0.07962,0.63187,0,1
1768333700.267577,0.00483,-0.04485,-0.79169,0.01091,-0.00041,0.00071,0.58015,0.00093,0.22806,-0.00052,0.70682,0.00056,0.70739,1,3,0.99753,0.06562,0.00397,-0.02488,0.07856,0.07962,0.63187,0,1
1768333700.269580,0.03622,-0.08202,-0.74511,0.00959,-0.00152,0.00074,0.58015,0.00093,0.22806,-0.00052,0.70682,0.00056,0.70739,1,3,0.99753,0.06562,0.00397,-0.02488,0.07856,0.07962,0.63187,0,1
1768333700.271573,0.03166,-0.06933,-0.74563,0.01018,-0.00148,0.00020,0.58011,0.00093,0.22806,-0.00052,0.70682,0.00056,0.70739,1,3,0.99753,0.06562,0.00397,-0.02488,0.07856,0.07962,0.63187,0,1
1768333700.273605,0.00505,-0.07395,-0.76824,0.01121,-0.00077,0.00034,0.58011,0.00093,0.22806,-0.00052,0.70682,0.00056,0.70739,1,3,0.99753,0.06562,0.00397,-0.02488,0.07856,0.07962,0.63187,0,1
1768333700.275587,0.01276,-0.05754,-0.79128,0.00770,-0.00126,0.00045,0.58007,0.00093,0.22806,-0.00052,0.70682,0.00056,0.70739,1,3,0.99758,0.06498,0.00258,-0.02457,0.07834,0.07966,0.63188,0,1
1768333700.277589,0.01444,-0.04577,-0.85268,0.00980,0.00011,0.00025,0.58007,0.00093,0.22806,-0.00052,0.70682,0.00056,0.70739,1,3,0.99758,0.06498,0.00258,-0.02457,0.07834,0.07966,0.63188,0,1
1768333700.279612,-0.00728,-0.07627,-0.82893,0.01096,-0.00075,0.00017,0.58003,0.00093,0.22806,-0.00052,0.70682,0.00056,0.70739,1,3,0.99758,0.06498,0.00258,-0.02457,0.07834,0.07966,0.63188,0,1
1768333700.281620,0.01396,-0.09408,-0.77531,0.01075,-0.00073,0.00046,0.58003,0.00093,0.22806,-0.00052,0.70682,0.00056,0.70739,1,3,0.99758,0.06498,0.00258,-0.02457,0.07834,0.07966,0.63188,0,1
1768333700.283578,0.01033,-0.10645,-0.70655,0.01016,-0.00068,0.00066,0.57998,0.00093,0.22805,-0.00052,0.70683,0.00056,0.70738,1,3,0.99758,0.06498,0.00258,-0.02457,0.07834,0.07966,0.63188,0,1
1768333700.285587,0.00195,-0.06213,-0.77602,0.00982,-0.00061,0.00060,0.57994,0.00093,0.22805,-0.00052,0.70683,0.00056,0.70738,1,3,0.99758,0.06498,0.00258,-0.02457,0.07834,0.07966,0.63188,0,1
1768333700.287579,0.00954,-0.06204,-0.94315,0.01070,-0.00095,0.00046,0.57994,0.00093,0.22805,-0.00052,0.70683,0.00056,0.70738,1,3,0.99758,0.06498,0.00258,-0.02457,0.07834,0.07966,0.63188,0,1
1768333700.289578,0.00889,-0.07465,-0.86672,0.01229,-0.00297,0.00013,0.57991,0.00093,0.22805,-0.00052,0.70683,0.00056,0.70738,1,3,0.99758,0.06498,0.00258,-0.02457,0.07834,0.07966,0.63188,0,1
1768333700.291659,-0.01331,-0.09954,-0.61551,0.00959,-0.00233,-0.00018,0.57991,0.00093,0.22805,-0.00052,0.70683,0.00056,0.70738,1,3,0.99758,0.06498,0.00258,-0.02457,0.07834,0.07966,0.63188,0,1
1768333700.293604,0.00593,-0.06346,-0.64713,0.01090,-0.00132,-0.00024,0.57986,0.00093,0.22805,-0.00052,0.70683,0.00056,0.70738,1,3,0.99758,0.06498,0.00258,-0.02457,0.07834,0.07966,0.63188,0,1
1768333700.295607,-0.00726,-0.07559,-0.86679,0.01119,-0.00163,0.00014,0.57986,0.00093,0.22805,-0.00052,0.70683,0.00056,0.70738,1,3,0.99758,0.06498,0.00258,-0.02457,0.07834,0.07966,0.63188,0,1
1768333700.297598,0.00695,-0.06160,-1.00438,0.01354,-0.00029,-0.00040,0.57982,0.00093,0.22805,-0.00052,0.70684,0.00056,0.70738,1,3,0.99758,0.06498,0.00258,-0.02457,0.07834,0.07966,0.63188,0,1
1768333700.299612,0.03056,-0.06611,-0.77618,0.01022,0.00057,0.00084,0.57982,0.00093,0.22805,-0.00052,0.70684,0.00056,0.70738,1,3,0.99758,0.06498,0.00258,-0.02457,0.07834,0.07966,0.63188,0,1
1768333700.301595,-0.01354,-0.06743,-0.57091,0.00845,0.00032,0.00051,0.57978,0.00093,0.22804,-0.00052,0.70684,0.00056,0.70738,1,3,0.99758,0.06498,0.00258,-0.02457,0.07834,0.07966,0.63188,0,1
1768333700.303613,0.04113,-0.05513,-0.71565,0.00904,-0.00136,0.00021,0.57978,0.00093,0.22804,-0.00052,0.70684,0.00056,0.70738,1,3,0.99758,0.06498,0.00258,-0.02457,0.07834,0.07966,0.63188,0,1
1768333700.305632,0.02178,-0.05009,-0.93585,0.01084,-0.00085,0.00072,0.57978,0.00093,0.22804,-0.00052,0.70684,0.00056,0.70738,1,3,0.99758,0.06498,0.00258,-0.02457,0.07834,0.07966,0.63188,0,1
1768333700.307596,0.02023,-0.03667,-0.92896,0.01166,0.00132,0.00072,0.57974,0.00093,0.22804,-0.00052,0.70684,0.00056,0.70738,1,3,0.99759,0.06476,0.00465,-0.02435,0.07813,0.07970,0.63194,0,1
1768333700.309594,-0.00244,-0.07646,-0.77614,0.00943,0.00211,0.00033,0.57974,0.00093,0.22804,-0.00052,0.70684,0.00056,0.70738,1,3,0.99759,0.06476,0.00465,-0.02435,0.07813,0.07970,0.63194,0,1
1768333700.311610,0.02749,-0.07256,-0.64683,0.00970,-0.00042,0.00055,0.57970,0.00093,0.22804,-0.00052,0.70684,0.00056,0.70738,1,3,0.99759,0.06476,0.00465,-0.02435,0.07813,0.07970,0.63194,0,1
1768333700.313612,0.03986,-0.08300,-0.72250,0.01110,-0.00272,-0.00019,0.57970,0.00093,0.22804,-0.00052,0.70684,0.00056,0.70738,1,3,0.99759,0.06476,0.00465,-0.02435,0.07813,0.07970,0.63194,0,1
1768333700.315618,0.02633,-0.05760,-0.88268,0.01075,-0.00065,0.00036,0.57966,0.00093,0.22804,-0.00052,0.70684,0.00056,0.70737,1,3,0.99759,0.06476,0.00465,-0.02435,0.07813,0.07970,0.63194,0,1
1768333700.317623,0.01511,-0.04618,-0.81419,0.00849,-0.00013,0.00150,0.57962,0.00093,0.22804,-0.00052,0.70684,0.00056,0.70737,1,3,0.99759,0.06476,0.00465,-0.02435,0.07813,0.07970,0.63194,0,1
1768333700.319616,0.00019,-0.05298,-0.76886,0.01103,0.00080,0.00074,0.57962,0.00093,0.22804,-0.00052,0.70684,0.00056,0.70737,1,3,0.99759,0.06476,0.00465,-0.02435,0.07813,0.07970,0.63194,0,1
1768333700.321603,0.02825,-0.04703,-0.74611,0.00935,-0.00184,0.00020,0.57958,0.00093,0.22804,-0.00052,0.70684,0.00056,0.70737,1,3,0.99759,0.06476,0.00465,-0.02435,0.07813,0.07970,0.63194,0,1
1768333700.323647,0.03195,-0.06858,-0.75308,0.01019,-0.00250,0.00019,0.57958,0.00093,0.22804,-0.00052,0.70684,0.00056,0.70737,1,3,0.99759,0.06476,0.00465,-0.02435,0.07813,0.07970,0.63194,0,1
1768333700.325633,0.00034,-0.08026,-0.78329,0.01223,-0.00160,-0.00007,0.57954,0.00093,0.22804,-0.00052,0.70684,0.00056,0.70737,1,3,0.99759,0.06476,0.00465,-0.02435,0.07813,0.07970,0.63194,0,1
1768333700.327621,-0.01680,-0.07533,-0.72242,0.00726,0.00026,0.00080,0.57954,0.00093,0.22804,-0.00052,0.70684,0.00056,0.70737,1,3,0.99759,0.06476,0.00465,-0.02435,0.07813,0.07970,0.63194,0,1
1768333700.329615,0.02237,-0.07591,-0.76817,0.00988,0.00056,0.00113,0.57950,0.00093,0.22804,-0.00052,0.70684,0.00056,0.70737,1,3,0.99759,0.06476,0.00465,-0.02435,0.07813,0.07970,0.63194,0,1
1768333700.331613,0.02679,-0.03289,-0.84524,0.01018,-0.00093,0.00051,0.57950,0.00093,0.22804,-0.00052,0.70684,0.00056,0.70737,1,3,0.99759,0.06476,0.00465,-0.02435,0.07813,0.07970,0.63194,0,1
1768333700.333630,0.00597,-0.05929,-0.88248,0.01029,-0.00117,0.00025,0.57950,0.00093,0.22804,-0.00052,0.70684,0.00056,0.70737,1,3,0.99759,0.06476,0.00465,-0.02435,0.07813,0.07970,0.63194,0,1
1768333700.335617,-0.00325,-0.05912,-0.82193,0.01117,-0.00056,-0.00010,0.57946,0.00093,0.22804,-0.00052,0.70684,0.00056,0.70737,1,3,0.99759,0.06476,0.00465,-0.02435,0.07813,0.07970,0.63194,0,1
1768333700.337616,0.01060,-0.05732,-0.74602,0.00988,-0.00048,0.00008,0.57946,0.00093,0.22804,-0.00052,0.70684,0.00056,0.70737,1,3,0.99759,0.06476,0.00465,-0.02435,0.07813,0.07970,0.63194,0,1
1768333700.339613,0.01033,-0.06600,-0.76086,0.01065,-0.00174,-0.00006,0.57942,0.00093,0.22804,-0.00052,0.70684,0.00056,0.70738,1,3,0.99759,0.06476,0.00465,-0.02435,0.07813,0.07970,0.63194,0,1
1768333700.341609,0.01781,-0.06253,-0.83711,0.01091,-0.00017,0.00013,0.57942,0.00093,0.22804,-0.00052,0.70684,0.00056,0.70738,1,3,0.99759,0.06476,0.00465,-0.02435,0.07813,0.07970,0.63194,0,1
1768333700.343609,-0.01192,-0.06901,-0.92011,0.01105,-0.00068,0.00050,0.57937,0.00093,0.22804,-0.00052,0.70684,0.00056,0.70738,1,3,0.99759,0.06476,0.00465,-0.02435,0.07813,0.07970,0.63194,0,1
1768333700.345617,-0.01540,-0.04864,-0.74571,0.00693,-0.00245,0.00011,0.57937,0.00093,0.22804,-0.00052,0.70684,0.00056,0.70738,1,3,0.99762,0.06368,0.00502,-0.02587,0.07788,0.07970,0.63169,0,1
1768333700.347614,0.00238,-0.05302,-0.73073,0.00906,0.00013,0.00077,0.57934,0.00093,0.22804,-0.00052,0.70684,0.00056,0.70738,1,3,0.99762,0.06368,0.00502,-0.02587,0.07788,0.07970,0.63169,0,1
1768333700.349630,0.02843,-0.02871,-0.78466,0.00848,-0.00045,0.00043,0.57934,0.00093,0.22804,-0.00052,0.70684,0.00056,0.70738,1,3,0.99762,0.06368,0.00502,-0.02587,0.07788,0.07970,0.63169,0,1
1768333700.351641,0.00978,-0.09108,-0.87413,0.01100,-0.00132,0.00012,0.57934,0.00093,0.22804,-0.00052,0.70684,0.00056,0.70738,1,3,0.99762,0.06368,0.00502,-0.02587,0.07788,0.07970,0.63169,0,1
1768333700.353615,0.03227,-0.05060,-0.73834,0.00888,-0.00086,0.00087,0.57930,0.00093,0.22804,-0.00052,0.70684,0.00056,0.70737,1,3,0.99762,0.06368,0.00502,-0.02587,0.07788,0.07970,0.63169,0,1
1768333700.355615,0.00937,-0.04744,-0.78427,0.01088,-0.00021,0.00018,0.57930,0.00093,0.22804,-0.00052,0.70684,0.00056,0.70737,1,3,0.99762,0.06368,0.00502,-0.02587,0.07788,0.07970,0.63169,0,1
1768333700.357628,0.01003,-0.02868,-0.84514,0.00936,0.00004,0.00120,0.57922,0.00093,0.22804,-0.00052,0.70684,0.00056,0.70737,1,3,0.99762,0.06368,0.00502,-0.02587,0.07788,0.07970,0.63169,0,1
1768333700.359624,0.03269,-0.02162,-0.86084,0.00835,-0.00038,0.00036,0.57922,0.00093,0.22804,-0.00052,0.70684,0.00056,0.70737,1,3,0.99762,0.06368,0.00502,-0.02587,0.07788,0.07970,0.63169,0,1
1768333700.361635,0.02408,-0.05029,-0.84494,0.00909,-0.00089,-0.00001,0.57917,0.00093,0.22804,-0.00052,0.70684,0.00056,0.70737,1,3,0.99762,0.06368,0.00502,-0.02587,0.07788,0.07970,0.63169,0,1
1768333700.363650,0.02869,-0.07775,-0.72995,0.00833,-0.00092,0.00102,0.57917,0.00093,0.22804,-0.00052,0.70684,0.00056,0.70737,1,3,0.99762,0.06368,0.00502,-0.02587,0.07788,0.07970,0.63169,0,1
1768333700.365644,-0.00192,-0.08996,-0.74515,0.00949,0.00046,0.00037,0.57913,0.00093,0.22804,-0.00052,0.70684,0.00056,0.70737,1,3,0.99762,0.06368,0.00502,-0.02587,0.07788,0.07970,0.63169,0,1
1768333700.367637,0.00398,-0.06064,-0.88284,0.01159,0.00114,0.00024,0.57913,0.00093,0.22804,-0.00052,0.70684,0.00056,0.70737,1,3,0.99762,0.06368,0.00502,-0.02587,0.07788,0.07970,0.63169,0,1
1768333700.369632,-0.00202,-0.02036,-0.92866,0.00902,-0.00108,0.00115,0.57909,0.00093,0.22804,-0.00052,0.70684,0.00056,0.70737,1,3,0.99762,0.06368,0.00502,-0.02587,0.07788,0.07970,0.63169,0,1
1768333700.371631,0.01982,-0.04060,-0.84477,0.00987,-0.00351,-0.00000,0.57909,0.00093,0.22804,-0.00052,0.70684,0.00056,0.70737,1,3,0.99762,0.06368,0.00502,-0.02587,0.07788,0.07970,0.63169,0,1
1768333700.373639,-0.02051,-0.07966,-0.71430,0.00808,-0.00325,0.00042,0.57909,0.00093,0.22804,-0.00052,0.70684,0.00056,0.70737,1,3,0.99762,0.06368,0.00502,-0.02587,0.07788,0.07970,0.63169,0,1
1768333700.375641,0.01038,-0.09969,-0.66077,0.00588,-0.00145,0.00111,0.57906,0.00093,0.22804,-0.00052,0.70684,0.00056,0.70737,1,3,0.99762,0.06368,0.00502,-0.02587,0.07788,0.07970,0.63169,0,1
1768333700.377671,-0.00743,-0.06319,-0.89015,0.01025,0.00103,0.00052,0.57906,0.00093,0.22804,-0.00052,0.70684,0.00056,0.70737,1,3,0.99762,0.06368,0.00502,-0.02587,0.07788,0.07970,0.63169,0,1
1768333700.379649,0.01564,-0.03607,-0.92857,0.00839,-0.00053,0.00073,0.57901,0.00092,0.22804,-0.00052,0.70684,0.00056,0.70737,1,3,0.99762,0.06368,0.00502,-0.02587,0.07788,0.07970,0.63169,0,1
1768333700.381659,0.02795,-0.00336,-0.81535,0.00879,-0.00147,0.00094,0.57901,0.00092,0.22804,-0.00052,0.70684,0.00056,0.70737,1,3,0.99766,0.06286,0.00527,-0.02627,0.07765,0.07974,0.63162,0,1
1768333700.383661,-0.01737,-0.02167,-0.70779,0.00420,-0.00345,0.00122,0.57897,0.00092,0.22804,-0.00052,0.70685,0.00056,0.70737,1,3,0.99766,0.06286,0.00527,-0.02627,0.07765,0.07974,0.63162,0,1
1768333700.385644,0.00066,-0.05494,-0.73804,0.00707,-0.00124,0.00064,0.57897,0.00092,0.22804,-0.00052,0.70685,0.00056,0.70737,1,3,0.99766,0.06286,0.00527,-0.02627,0.07765,0.07974,0.63162,0,1
1768333700.387667,0.01632,-0.06086,-0.77627,0.00809,-0.00003,0.00032,0.57893,0.00092,0.22804,-0.00052,0.70684,0.00056,0.70737,1,3,0.99766,0.06286,0.00527,-0.02627,0.07765,0.07974,0.63162,0,1
1768333700.389650,0.00613,-0.04350,-0.73087,0.00568,-0.00068,0.00050,0.57889,0.00092,0.22804,-0.00052,0.70684,0.00056,0.70737,1,3,0.99766,0.06286,0.00527,-0.02627,0.07765,0.07974,0.63162,0,1
1768333700.391649,0.04168,-0.00681,-0.83063,0.00766,-0.00100,0.00078,0.57889,0.00092,0.22804,-0.00052,0.70684,0.00056,0.70737,1,3,0.99766,0.06286,0.00527,-0.02627,0.07765,0.07974,0.63162,0,1
1768333700.393641,0.00954,-0.04109,-0.90561,0.00636,-0.00084,0.00049,0.57885,0.00092,0.22804,-0.00052,0.70684,0.00056,0.70737,1,3,0.99766,0.06286,0.00527,-0.02627,0.07765,0.07974,0.63162,0,1
1768333700.395649,-0.01793,-0.04302,-0.85199,0.00437,-0.00139,0.00084,0.57885,0.00092,0.22804,-0.00052,0.70684,0.00056,0.70737,1,3,0.99766,0.06286,0.00527,-0.02627,0.07765,0.07974,0.63162,0,1
1768333700.397647,-0.01278,-0.06120,-0.78347,0.00830,-0.00184,0.00021,0.57881,0.00092,0.22804,-0.00052,0.70684,0.00056,0.70737,1,3,0.99766,0.06286,0.00527,-0.02627,0.07765,0.07974,0.63162,0,1
1768333700.399646,-0.03022,-0.01951,-0.64764,0.00466,-0.00205,0.00020,0.57881,0.00092,0.22804,-0.00052,0.70684,0.00056,0.70737,1,3,0.99766,0.06286,0.00527,-0.02627,0.07765,0.07974,0.63162,0,1
1768333700.401663,0.01776,-0.04979,-0.85211,0.00713,-0.00221,0.00040,0.57877,0.00092,0.22804,-0.00052,0.70685,0.00056,0.70737,1,3,0.99766,0.06286,0.00527,-0.02627,0.07765,0.07974,0.63162,0,1
1768333700.403706,-0.01320,-0.05746,-0.94316,0.00813,-0.00068,0.00035,0.57877,0.00092,0.22804,-0.00052,0.70685,0.00056,0.70737,1,3,0.99766,0.06286,0.00527,-0.02627,0.07765,0.07974,0.63162,0,1
1768333700.405697,0.03026,-0.02911,-0.83775,0.00673,-0.00072,0.00039,0.57877,0.00092,0.22804,-0.00052,0.70685,0.00056,0.70737,1,3,0.99766,0.06286,0.00527,-0.02627,0.07765,0.07974,0.63162,0,1
1768333700.407670,0.02762,-0.05913,-0.70782,0.00658,-0.00285,-0.00043,0.57873,0.00092,0.22804,-0.00052,0.70684,0.00056,0.70737,1,3,0.99766,0.06286,0.00527,-0.02627,0.07765,0.07974,0.63162,0,1
1768333700.409702,0.03031,-0.03960,-0.82988,0.00638,-0.00008,0.00066,0.57873,0.00092,0.22804,-0.00052,0.70684,0.00056,0.70737,1,3,0.99766,0.06286,0.00527,-0.02627,0.07765,0.07974,0.63162,0,1
1768333700.411665,-0.00422,-0.08860,-0.96540,0.00731,0.00076,0.00033,0.57869,0.00092,0.22804,-0.00052,0.70684,0.00056,0.70737,1,3,0.99766,0.06286,0.00527,-0.02627,0.07765,0.07974,0.63162,0,1
1768333700.413694,0.00757,-0.02619,-0.85296,0.00807,-0.00020,0.00053,0.57869,0.00092,0.22804,-0.00052,0.70684,0.00056,0.70737,1,3,0.99766,0.06286,0.00527,-0.02627,0.07765,0.07974,0.63162,0,1
1768333700.415658,-0.03192,-0.05791,-0.76057,0.00681,-0.00276,-0.00001,0.57865,0.00092,0.22804,-0.00052,0.70684,0.00056,0.70737,1,3,0.99766,0.06286,0.00527,-0.02627,0.07765,0.07974,0.63162,0,1
1768333700.417663,-0.00203,-0.00857,-0.79988,0.00523,-0.00137,0.00072,0.57865,0.00092,0.22804,-0.00052,0.70684,0.00056,0.70737,1,3,0.99766,0.06286,0.00527,-0.02627,0.07765,0.07974,0.63162,0,1
1768333700.419668,0.02674,-0.04192,-0.95889,0.00592,-0.00053,0.00043,0.57865,0.00092,0.22804,-0.00052,0.70684,0.00056,0.70737,1,3,0.99766,0.06286,0.00527,-0.02627,0.07765,0.07974,0.63162,0,1
1768333700.421669,-0.00514,-0.05860,-0.85225,0.00812,0.00074,0.00041,0.57861,0.00092,0.22804,-0.00052,0.70684,0.00056,0.70737,1,3,0.99766,0.06286,0.00527,-0.02627,0.07765,0.07974,0.63162,0,1
1768333700.423663,-0.00057,-0.02833,-0.63992,0.00412,-0.00138,0.00058,0.57861,0.00092,0.22804,-0.00052,0.70684,0.00056,0.70737,1,3,0.99770,0.06257,0.00497,-0.02556,0.07745,0.07979,0.63171,0,1
1768333700.425670,-0.00482,0.02916,-0.68704,0.00438,-0.00214,-0.00001,0.57857,0.00092,0.22804,-0.00052,0.70684,0.00056,0.70737,1,3,0.99770,0.06257,0.00497,-0.02556,0.07745,0.07979,0.63171,0,1
1768333700.427663,0.01126,0.01347,-0.92953,0.00462,-0.00204,0.00060,0.57857,0.00092,0.22804,-0.00052,0.70684,0.00056,0.70737,1,3,0.99770,0.06257,0.00497,-0.02556,0.07745,0.07979,0.63171,0,1
1768333700.429669,0.00244,-0.01702,-0.89115,0.00491,-0.00027,0.00024,0.57849,0.00092,0.22805,-0.00052,0.70684,0.00056,0.70738,1,3,0.99770,0.06257,0.00497,-0.02556,0.07745,0.07979,0.63171,0,1
1768333700.431662,-0.02385,0.00778,-0.67151,0.00543,0.00090,0.00056,0.57849,0.00092,0.22805,-0.00052,0.70684,0.00056,0.70738,1,3,0.99770,0.06257,0.00497,-0.02556,0.07745,0.07979,0.63171,0,1
1768333700.433743,-0.00663,0.00334,-0.65606,0.00537,-0.00032,0.00069,0.57845,0.00092,0.22805,-0.00052,0.70683,0.00056,0.70738,1,3,0.99770,0.06257,0.00497,-0.02556,0.07745,0.07979,0.63171,0,1
1768333700.435679,-0.01305,-0.01623,-0.89090,0.00382,-0.00123,0.00026,0.57845,0.00092,0.22805,-0.00052,0.70683,0.00056,0.70738,1,3,0.99770,0.06257,0.00497,-0.02556,0.07745,0.07979,0.63171,0,1
1768333700.437681,0.01875,-0.01643,-0.98207,0.00557,-0.00160,0.00055,0.57841,0.00092,0.22805,-0.00052,0.70684,0.00056,0.70738,1,3,0.99770,0.06257,0.00497,-0.02556,0.07745,0.07979,0.63171,0,1
1768333700.439670,0.00161,-0.01919,-0.72359,0.00182,-0.00153,0.00065,0.57841,0.00092,0.22805,-0.00052,0.70684,0.00056,0.70738,1,3,0.99770,0.06257,0.00497,-0.02556,0.07745,0.07979,0.63171,0,1
1768333700.441696,-0.01650,0.01958,-0.65637,0.00229,0.00017,0.00084,0.57841,0.00092,0.22805,-0.00052,0.70684,0.00056,0.70738,1,3,0.99770,0.06257,0.00497,-0.02556,0.07745,0.07979,0.63171,0,1
1768333700.443734,-0.00115,0.04189,-0.77063,-0.00006,-0.00154,0.00073,0.57841,0.00092,0.22805,-0.00052,0.70684,0.00056,0.70738,1,3,0.99770,0.06257,0.00497,-0.02556,0.07745,0.07979,0.63171,0,1
1768333700.445742,0.00900,0.03356,-1.05177,0.00202,-0.00037,0.00050,0.57837,0.00092,0.22805,-0.00052,0.70683,0.00056,0.70738,1,3,0.99770,0.06257,0.00497,-0.02556,0.07745,0.07979,0.63171,0,1
1768333700.447730,-0.02050,-0.04158,-0.89777,0.00264,-0.00060,0.00054,0.57833,0.00092,0.22805,-0.00052,0.70683,0.00056,0.70738,1,3,0.99770,0.06257,0.00497,-0.02556,0.07745,0.07979,0.63171,0,1
1768333700.449793,-0.01078,-0.02219,-0.65547,0.00157,-0.00025,0.00017,0.57833,0.00092,0.22805,-0.00052,0.70683,0.00056,0.70738,1,3,0.99770,0.06257,0.00497,-0.02556,0.07745,0.07979,0.63171,0,1
1768333700.451735,0.00303,-0.01905,-0.61769,0.00117,-0.00145,-0.00048,0.57833,0.00092,0.22805,-0.00052,0.70683,0.00056,0.70738,1,3,0.99770,0.06257,0.00497,-0.02556,0.07745,0.07979,0.63171,0,1
1768333700.453729,-0.01067,-0.00221,-0.93678,0.00137,-0.00126,0.00022,0.57829,0.00092,0.22804,-0.00052,0.70684,0.00056,0.70738,1,3,0.99770,0.06257,0.00497,-0.02556,0.07745,0.07979,0.63171,0,1
1768333700.455688,0.01213,0.01248,-1.05871,0.00352,-0.00141,0.00050,0.57829,0.00092,0.22804,-0.00052,0.70684,0.00056,0.70738,1,3,0.99776,0.06176,0.00499,-0.02536,0.07722,0.07982,0.63160,0,1
1768333700.457702,-0.02852,0.02429,-0.84599,0.00256,-0.00260,0.00044,0.57825,0.00092,0.22804,-0.00052,0.70684,0.00056,0.70737,1,3,0.99776,0.06176,0.00499,-0.02536,0.07722,0.07982,0.63160,0,1
1768333700.459679,-0.01071,0.01480,-0.67139,0.00245,-0.00308,-0.00038,0.57825,0.00092,0.22804,-0.00052,0.70684,0.00056,0.70737,1,3,0.99776,0.06176,0.00499,-0.02536,0.07722,0.07982,0.63160,0,1
1768333700.461697,-0.02182,-0.04802,-0.74533,0.00038,-0.00237,0.00067,0.57820,0.00092,0.22804,-0.00052,0.70684,0.00056,0.70737,1,3,0.99776,0.06176,0.00499,-0.02536,0.07722,0.07982,0.63160,0,1
1768333700.463706,0.00529,0.00237,-1.00510,0.00186,-0.00144,0.00082,0.57816,0.00092,0.22804,-0.00052,0.70684,0.00056,0.70737,1,3,0.99776,0.06176,0.00499,-0.02536,0.07722,0.07982,0.63160,0,1
1768333700.465757,-0.04269,0.02033,-1.00579,0.00339,-0.00013,0.00018,0.57812,0.00092,0.22804,-0.00052,0.70684,0.00056,0.70737,1,3,0.99776,0.06176,0.00499,-0.02536,0.07722,0.07982,0.63160,0,1
1768333700.467721,-0.01405,0.01579,-0.80010,0.00050,-0.00238,0.00087,0.57812,0.00092,0.22804,-0.00052,0.70684,0.00056,0.70737,1,3,0.99776,0.06176,0.00499,-0.02536,0.07722,0.07982,0.63160,0,1
1768333700.469801,-0.01307,-0.01381,-0.72370,0.00014,-0.00213,0.00013,0.57808,0.00092,0.22804,-0.00052,0.70684,0.00056,0.70737,1,3,0.99776,0.06176,0.00499,-0.02536,0.07722,0.07982,0.63160,0,1
1768333700.471679,0.00533,-0.02077,-0.82999,0.00289,-0.00247,0.00002,0.57808,0.00092,0.22804,-0.00052,0.70684,0.00056,0.70737,1,3,0.99776,0.06176,0.00499,-0.02536,0.07722,0.07982,0.63160,0,1
1768333700.473715,0.02276,-0.00807,-0.78493,0.00152,-0.00078,0.00044,0.57808,0.00092,0.22804,-0.00052,0.70684,0.00056,0.70737,1,3,0.99776,0.06176,0.00499,-0.02536,0.07722,0.07982,0.63160,0,1
1768333700.475721,-0.02535,0.01435,-0.80072,0.00266,0.00080,0.00046,0.57808,0.00092,0.22804,-0.00052,0.70684,0.00056,0.70737,1,3,0.99776,0.06176,0.00499,-0.02536,0.07722,0.07982,0.63160,0,1
1768333700.477700,-0.03319,0.02906,-0.80105,0.00197,0.00088,0.00047,0.57804,0.00092,0.22804,-0.00052,0.70684,0.00056,0.70737,1,3,0.99776,0.06176,0.00499,-0.02536,0.07722,0.07982,0.63160,0,1
1768333700.479694,-0.01104,0.02221,-0.86129,0.00123,-0.00102,0.00081,0.57804,0.00092,0.22804,-0.00052,0.70684,0.00056,0.70737,1,3,0.99776,0.06176,0.00499,-0.02536,0.07722,0.07982,0.63160,0,1
1768333700.481709,-0.00150,0.02161,-0.86113,-0.00009,-0.00113,0.00121,0.57800,0.00092,0.22804,-0.00052,0.70684,0.00056,0.70737,1,3,0.99776,0.06176,0.00499,-0.02536,0.07722,0.07982,0.63160,0,1
1768333700.483732,0.00592,0.08036,-0.76425,0.00063,-0.00026,0.00085,0.57800,0.00092,0.22804,-0.00052,0.70684,0.00056,0.70737,1,3,0.99784,0.06060,0.00437,-0.02492,0.07679,0.07992,0.63172,0,1
1768333700.485719,-0.01157,0.05575,-0.85519,0.00163,0.00072,-0.00014,0.57796,0.00092,0.22804,-0.00052,0.70684,0.00056,0.70738,1,3,0.99784,0.06060,0.00437,-0.02492,0.07679,0.07992,0.63172,0,1
1768333700.487724,-0.02528,0.01117,-0.90663,-0.00153,-0.00008,0.00066,0.57796,0.00092,0.22804,-0.00052,0.70684,0.00056,0.70738,1,3,0.99784,0.06060,0.00437,-0.02492,0.07679,0.07992,0.63172,0,1
1768333700.489721,-0.00233,0.00227,-0.89131,0.00121,-0.00098,0.00051,0.57792,0.00092,0.22804,-0.00052,0.70684,0.00056,0.70738,1,3,0.99784,0.06060,0.00437,-0.02492,0.07679,0.07992,0.63172,0,1
1768333700.491713,-0.01372,-0.03357,-0.80655,0.00055,-0.00222,0.00061,0.57788,0.00092,0.22804,-0.00052,0.70684,0.00056,0.70738,1,3,0.99784,0.06060,0.00437,-0.02492,0.07679,0.07992,0.63172,0,1
1768333700.493706,-0.01602,0.01028,-0.83090,0.00240,-0.00071,0.00017,0.57788,0.00092,0.22804,-0.00052,0.70684,0.00056,0.70738,1,3,0.99784,0.06060,0.00437,-0.02492,0.07679,0.07992,0.63172,0,1
1768333700.495710,-0.03894,-0.00488,-0.85315,0.00002,-0.00042,0.00018,0.57784,0.00092,0.22804,-0.00052,0.70684,0.00056,0.70738,1,3,0.99784,0.06060,0.00437,-0.02492,0.07679,0.07992,0.63172,0,1
1768333700.497720,-0.00482,0.02495,-0.92186,-0.00048,-0.00236,0.00090,0.57784,0.00092,0.22804,-0.00052,0.70684,0.00056,0.70738,1,3,0.99784,0.06060,0.00437,-0.02492,0.07679,0.07992,0.63172,0,1
1768333700.499719,0.00859,0.05057,-0.80148,-0.00148,-0.00078,0.00043,0.57780,0.00092,0.22804,-0.00052,0.70684,0.00056,0.70738,1,3,0.99784,0.06060,0.00437,-0.02492,0.07679,0.07992,0.63172,0,1
1768333700.501699,-0.02224,-0.02491,-0.77673,0.00022,-0.00035,0.00036,0.57780,0.00092,0.22804,-0.00052,0.70684,0.00056,0.70738,1,3,0.99784,0.06060,0.00437,-0.02492,0.07679,0.07992,0.63172,0,1
1768333700.503739,-0.02322,0.00705,-0.82245,-0.00332,-0.00187,0.00127,0.57776,0.00092,0.22804,-0.00052,0.70684,0.00056,0.70738,1,3,0.99784,0.06060,0.00437,-0.02492,0.07679,0.07992,0.63172,0,1
1768333700.505709,-0.02195,0.03963,-0.87687,-0.00031,-0.00141,0.00054,0.57776,0.00092,0.22804,-0.00052,0.70684,0.00056,0.70738,1,3,0.99784,0.06060,0.00437,-0.02492,0.07679,0.07992,0.63172,0,1
1768333700.507793,-0.00435,0.05051,-0.89223,-0.00039,-0.00329,0.00024,0.57776,0.00092,0.22804,-0.00052,0.70684,0.00056,0.70738,1,3,0.99784,0.06060,0.00437,-0.02492,0.07679,0.07992,0.63172,0,1
1768333700.509802,0.00692,0.03936,-0.81574,-0.00358,-0.00315,0.00097,0.57772,0.00092,0.22804,-0.00052,0.70683,0.00056,0.70738,1,3,0.99784,0.06060,0.00437,-0.02492,0.07679,0.07992,0.63172,0,1
1768333700.511708,-0.01874,-0.02653,-0.80685,0.00108,-0.00140,0.00061,0.57772,0.00092,0.22804,-0.00052,0.70683,0.00056,0.70738,1,3,0.99784,0.06060,0.00437,-0.02492,0.07679,0.07992,0.63172,0,1
1768333700.513725,-0.03560,-0.00631,-0.82232,0.00088,-0.00172,0.00088,0.57768,0.00092,0.22804,-0.00052,0.70683,0.00056,0.70738,1,3,0.99784,0.06060,0.00437,-0.02492,0.07679,0.07992,0.63172,0,1
1768333700.515707,-0.01436,0.05140,-0.89968,-0.00366,-0.00227,0.00079,0.57768,0.00092,0.22804,-0.00052,0.70683,0.00056,0.70738,1,3,0.99784,0.06060,0.00437,-0.02492,0.07679,0.07992,0.63172,0,1
1768333700.517744,-0.00653,0.03491,-1.03625,0.00116,-0.00196,0.00053,0.57764,0.00092,0.22805,-0.00052,0.70683,0.00056,0.70738,1,3,0.99784,0.06060,0.00437,-0.02492,0.07679,0.07992,0.63172,0,1
1768333700.519731,-0.02957,0.00036,-0.88342,-0.00079,-0.00154,0.00042,0.57764,0.00092,0.22805,-0.00052,0.70683,0.00056,0.70738,1,3,0.99784,0.06060,0.00437,-0.02492,0.07679,0.07992,0.63172,0,1
1768333700.521725,-0.03986,-0.00353,-0.76152,0.00092,-0.00193,0.00106,0.57760,0.00092,0.22805,-0.00052,0.70683,0.00056,0.70738,1,3,0.99784,0.06060,0.00437,-0.02492,0.07679,0.07992,0.63172,0,1
1768333700.523743,-0.01787,0.03946,-0.70952,-0.00402,-0.00236,0.00067,0.57760,0.00092,0.22805,-0.00052,0.70683,0.00056,0.70738,1,3,0.99787,0.05959,0.00621,-0.02574,0.07654,0.07993,0.63145,0,1
1768333700.525732,0.00123,0.05641,-0.93776,-0.00251,-0.00258,0.00101,0.57756,0.00092,0.22805,-0.00052,0.70683,0.00056,0.70739,1,3,0.99787,0.05959,0.00621,-0.02574,0.07654,0.07993,0.63145,0,1
1768333700.527727,0.00653,0.01174,-1.02064,0.00067,-0.00121,0.00054,0.57752,0.00092,0.22805,-0.00052,0.70683,0.00056,0.70739,1,3,0.99787,0.05959,0.00621,-0.02574,0.07654,0.07993,0.63145,0,1
1768333700.529739,-0.02049,0.02166,-0.86144,0.00188,0.00024,0.00081,0.57752,0.00092,0.22805,-0.00052,0.70683,0.00056,0.70739,1,3,0.99787,0.05959,0.00621,-0.02574,0.07654,0.07993,0.63145,0,1
1768333700.531753,-0.00001,0.03243,-0.68676,-0.00083,-0.00219,0.00067,0.57748,0.00092,0.22805,-0.00052,0.70683,0.00056,0.70738,1,3,0.99787,0.05959,0.00621,-0.02574,0.07654,0.07993,0.63145,0,1
1768333700.533744,-0.00357,0.01035,-0.78503,-0.00110,-0.00239,0.00020,0.57748,0.00092,0.22805,-0.00052,0.70683,0.00056,0.70738,1,3,0.99787,0.05959,0.00621,-0.02574,0.07654,0.07993,0.63145,0,1
1768333700.535754,0.00847,0.02661,-0.93732,-0.00112,-0.00189,0.00060,0.57744,0.00092,0.22805,-0.00052,0.70683,0.00056,0.70739,1,3,0.99787,0.05959,0.00621,-0.02574,0.07654,0.07993,0.63145,0,1
1768333700.537729,0.00055,0.03989,-0.96085,-0.00205,0.00009,0.00018,0.57744,0.00092,0.22805,-0.00052,0.70683,0.00056,0.70739,1,3,0.99787,0.05959,0.00621,-0.02574,0.07654,0.07993,0.63145,0,1
1768333700.539793,-0.02597,0.05609,-0.83197,-0.00076,-0.00024,0.00030,0.57740,0.00092,0.22805,-0.00052,0.70683,0.00055,0.70738,1,3,0.99787,0.05959,0.00621,-0.02574,0.07654,0.07993,0.63145,0,1
1768333700.541730,-0.02632,0.04300,-0.74041,0.00039,-0.00176,-0.00002,0.57740,0.00092,0.22805,-0.00052,0.70683,0.00055,0.70738,1,3,0.99787,0.05959,0.00621,-0.02574,0.07654,0.07993,0.63145,0,1
1768333700.543736,0.00884,0.02705,-0.83109,-0.00111,-0.00216,0.00028,0.57740,0.00092,0.22805,-0.00052,0.70683,0.00055,0.70738,1,3,0.99787,0.05959,0.00621,-0.02574,0.07654,0.07993,0.63145,0,1
1768333700.545759,-0.00385,0.03363,-0.88437,-0.00169,-0.00112,0.00065,0.57736,0.00092,0.22805,-0.00052,0.70683,0.00055,0.70738,1,3,0.99787,0.05959,0.00621,-0.02574,0.07654,0.07993,0.63145,0,1
1768333700.547733,-0.01532,0.04095,-0.81612,-0.00291,-0.00099,0.00072,0.57736,0.00092,0.22805,-0.00052,0.70683,0.00055,0.70738,1,3,0.99787,0.05959,0.00621,-0.02574,0.07654,0.07993,0.63145,0,1
1768333700.549757,-0.01617,0.05195,-0.78600,-0.00169,-0.00188,0.00047,0.57732,0.00092,0.22805,-0.00052,0.70683,0.00055,0.70739,1,3,0.99787,0.05959,0.00621,-0.02574,0.07654,0.07993,0.63145,0,1
1768333700.551744,-0.01775,0.04232,-0.79331,-0.00027,-0.00172,0.00073,0.57732,0.00092,0.22805,-0.00052,0.70683,0.00055,0.70739,1,3,0.99787,0.05959,0.00621,-0.02574,0.07654,0.07993,0.63145,0,1
1768333700.553742,0.02685,0.04196,-0.86935,-0.00202,-0.00328,0.00023,0.57728,0.00092,0.22806,-0.00052,0.70682,0.00055,0.70739,1,3,0.99787,0.05959,0.00621,-0.02574,0.07654,0.07993,0.63145,0,1
1768333700.555760,-0.00087,0.04856,-0.80838,-0.00457,-0.00243,0.00112,0.57728,0.00092,0.22806,-0.00052,0.70682,0.00055,0.70739,1,3,0.99791,0.05926,0.00444,-0.02550,0.07636,0.08001,0.63179,0,1
1768333700.557750,-0.01287,0.04489,-0.77824,-0.00068,-0.00204,0.00047,0.57724,0.00092,0.22806,-0.00052,0.70682,0.00055,0.70739,1,3,0.99791,0.05926,0.00444,-0.02550,0.07636,0.08001,0.63179,0,1
1768333700.559754,-0.01667,0.01704,-0.80776,-0.00145,-0.00146,0.00100,0.57724,0.00092,0.22806,-0.00052,0.70682,0.00055,0.70739,1,3,0.99791,0.05926,0.00444,-0.02550,0.07636,0.08001,0.63179,0,1
1768333700.561750,-0.01215,0.05400,-0.83907,-0.00188,-0.00179,0.00096,0.57720,0.00092,0.22806,-0.00052,0.70682,0.00055,0.70739,1,3,0.99791,0.05926,0.00444,-0.02550,0.07636,0.08001,0.63179,0,1
1768333700.563802,-0.00320,0.05384,-0.91500,-0.00232,-0.00215,0.00089,0.57716,0.00092,0.22806,-0.00052,0.70682,0.00055,0.70739,1,3,0.99791,0.05926,0.00444,-0.02550,0.07636,0.08001,0.63179,0,1
1768333700.565793,-0.01182,0.08838,-0.91612,-0.00212,-0.00170,0.00035,0.57716,0.00092,0.22806,-0.00052,0.70682,0.00055,0.70739,1,3,0.99791,0.05926,0.00444,-0.02550,0.07636,0.08001,0.63179,0,1
1768333700.567754,-0.01542,0.03705,-0.86153,-0.00231,-0.00213,0.00041,0.57712,0.00092,0.22806,-0.00052,0.70682,0.00055,0.70739,1,3,0.99791,0.05926,0.00444,-0.02550,0.07636,0.08001,0.63179,0,1
1768333700.569771,-0.01132,0.00973,-0.86100,-0.00198,-0.00178,0.00015,0.57712,0.00092,0.22806,-0.00052,0.70682,0.00055,0.70739,1,3,0.99791,0.05926,0.00444,-0.02550,0.07636,0.08001,0.63179,0,1
1768333700.571771,-0.01270,-0.00008,-0.84536,-0.00101,-0.00162,0.00084,0.57708,0.00092,0.22806,-0.00052,0.70682,0.00055,0.70739,1,3,0.99791,0.05926,0.00444,-0.02550,0.07636,0.08001,0.63179,0,1
1768333700.573761,-0.02740,0.01279,-0.91431,0.00111,-0.00107,0.00025,0.57708,0.00092,0.22806,-0.00052,0.70682,0.00055,0.70739,1,3,0.99791,0.05926,0.00444,-0.02550,0.07636,0.08001,0.63179,0,1
1768333700.575763,-0.01803,-0.00512,-0.86013,-0.00391,-0.00243,0.00097,0.57708,0.00092,0.22806,-0.00052,0.70682,0.00055,0.70739,1,3,0.99791,0.05926,0.00444,-0.02550,0.07636,0.08001,0.63179,0,1
1768333700.577763,-0.00967,0.03334,-0.88451,0.00093,-0.00258,-0.00029,0.57704,0.00092,0.22806,-0.00052,0.70682,0.00055,0.70739,1,3,0.99791,0.05926,0.00444,-0.02550,0.07636,0.08001,0.63179,0,1
1768333700.579796,-0.00870,0.01346,-0.85352,0.00003,-0.00271,-0.00012,0.57704,0.00092,0.22806,-0.00052,0.70682,0.00055,0.70739,1,3,0.99791,0.05926,0.00444,-0.02550,0.07636,0.08001,0.63179,0,1
1768333700.581779,-0.01523,0.00905,-0.82325,0.00107,0.00030,0.00057,0.57699,0.00092,0.22806,-0.00052,0.70682,0.00055,0.70739,1,3,0.99791,0.05926,0.00444,-0.02550,0.07636,0.08001,0.63179,0,1
1768333700.583773,-0.02386,0.04086,-0.83132,-0.00292,-0.00063,0.00071,0.57699,0.00092,0.22806,-0.00052,0.70682,0.00055,0.70739,1,3,0.99791,0.05926,0.00444,-0.02550,0.07636,0.08001,0.63179,0,1
1768333700.585776,-0.03102,0.01954,-0.93715,0.00010,-0.00065,0.00064,0.57695,0.00092,0.22806,-0.00052,0.70682,0.00055,0.70739,1,3,0.99797,0.05833,0.00609,-0.02492,0.07613,0.08004,0.63166,0,1
1768333700.587787,0.00487,0.03972,-0.89178,-0.00161,-0.00300,0.00091,0.57695,0.00092,0.22806,-0.00052,0.70682,0.00055,0.70739,1,3,0.99797,0.05833,0.00609,-0.02492,0.07613,0.08004,0.63166,0,1
1768333700.589765,0.00251,0.03997,-0.89951,0.00057,-0.00246,0.00090,0.57691,0.00092,0.22806,-0.00052,0.70682,0.00055,0.70739,1,3,0.99797,0.05833,0.00609,-0.02492,0.07613,0.08004,0.63166,0,1
1768333700.591777,-0.03402,0.00197,-0.86078,-0.00098,-0.00035,0.00057,0.57687,0.00092,0.22806,-0.00052,0.70682,0.00055,0.70740,1,3,0.99797,0.05833,0.00609,-0.02492,0.07613,0.08004,0.63166,0,1
1768333700.593787,-0.02068,0.00433,-0.86077,-0.00161,-0.00089,0.00069,0.57687,0.00092,0.22806,-0.00052,0.70682,0.00055,0.70740,1,3,0.99797,0.05833,0.00609,-0.02492,0.07613,0.08004,0.63166,0,1
1768333700.595776,-0.00911,-0.00268,-0.84543,-0.00038,-0.00128,0.00070,0.57683,0.00092,0.22806,-0.00052,0.70682,0.00055,0.70740,1,3,0.99797,0.05833,0.00609,-0.02492,0.07613,0.08004,0.63166,0,1
1768333700.597783,-0.02204,0.00029,-0.84536,-0.00013,-0.00151,0.00084,0.57683,0.00092,0.22806,-0.00052,0.70682,0.00055,0.70740,1,3,0.99797,0.05833,0.00609,-0.02492,0.07613,0.08004,0.63166,0,1
1768333700.599798,-0.03902,0.01601,-0.85335,0.00028,-0.00195,0.00045,0.57679,0.00092,0.22806,-0.00052,0.70682,0.00055,0.70740,1,3,0.99797,0.05833,0.00609,-0.02492,0.07613,0.08004,0.63166,0,1
1768333700.601769,0.00417,0.03923,-0.79319,-0.00118,-0.00198,0.00098,0.57679,0.00092,0.22806,-0.00052,0.70682,0.00055,0.70740,1,3,0.99797,0.05833,0.00609,-0.02492,0.07613,0.08004,0.63166,0,1
1768333700.603793,-0.03128,0.01023,-0.83799,0.00043,-0.00115,0.00099,0.57675,0.00092,0.22806,-0.00052,0.70682,0.00055,0.70740,1,3,0.99797,0.05833,0.00609,-0.02492,0.07613,0.08004,0.63166,0,1
1768333700.605790,-0.00900,0.02177,-0.83083,-0.00074,-0.00117,0.00083,0.57675,0.00092,0.22806,-0.00052,0.70682,0.00055,0.70740,1,3,0.99797,0.05833,0.00609,-0.02492,0.07613,0.08004,0.63166,0,1
1768333700.607807,-0.00960,0.07122,-0.82476,-0.00014,-0.00096,0.00029,0.57671,0.00092,0.22806,-0.00052,0.70681,0.00055,0.70740,1,3,0.99797,0.05833,0.00609,-0.02492,0.07613,0.08004,0.63166,0,1
1768333700.609781,-0.01228,0.05935,-0.86975,-0.00138,-0.00206,0.00040,0.57671,0.00092,0.22806,-0.00052,0.70681,0.00055,0.70740,1,3,0.99797,0.05833,0.00609,-0.02492,0.07613,0.08004,0.63166,0,1
1768333700.611807,-0.01305,0.04016,-0.93028,-0.00008,-0.00216,-0.00032,0.57671,0.00092,0.22806,-0.00052,0.70681,0.00055,0.70740,1,3,0.99797,0.05833,0.00609,-0.02492,0.07613,0.08004,0.63166,0,1
1768333700.613795,-0.02547,0.00997,-0.89075,-0.00482,-0.00299,0.00096,0.57667,0.00092,0.22806,-0.00052,0.70681,0.00055,0.70740,1,3,0.99797,0.05833,0.00609,-0.02492,0.07613,0.08004,0.63166,0,1
1768333700.615789,-0.03573,-0.01227,-0.89842,0.00081,-0.00044,0.00054,0.57667,0.00092,0.22806,-0.00052,0.70681,0.00055,0.70740,1,3,0.99797,0.05833,0.00609,-0.02492,0.07613,0.08004,0.63166,0,1
1768333700.617794,-0.02245,0.02116,-0.79280,0.00078,-0.00242,0.00034,0.57663,0.00092,0.22806,-0.00052,0.70681,0.00055,0.70740,1,3,0.99797,0.05833,0.00609,-0.02492,0.07613,0.08004,0.63166,0,1
1768333700.619816,0.00366,0.01147,-0.83052,0.00045,-0.00361,0.00016,0.57663,0.00092,0.22806,-0.00052,0.70681,0.00055,0.70740,1,3,0.99797,0.05833,0.00609,-0.02492,0.07613,0.08004,0.63166,0,1
1768333700.621789,-0.01160,-0.00330,-0.81481,-0.00105,-0.00367,0.00019,0.57659,0.00092,0.22806,-0.00052,0.70681,0.00055,0.70740,1,3,0.99797,0.05833,0.00609,-0.02492,0.07613,0.08004,0.63166,0,1
1768333700.623805,-0.01870,0.02415,-0.89136,-0.00355,-0.00194,0.00094,0.57659,0.00092,0.22806,-0.00052,0.70681,0.00055,0.70740,1,3,0.99804,0.05744,0.00498,-0.02451,0.07590,0.08008,0.63168,0,1
1768333700.625807,-0.02166,0.04409,-0.88470,-0.00069,-0.00091,0.00039,0.57655,0.00092,0.22806,-0.00052,0.70681,0.00055,0.70740,1,3,0.99804,0.05744,0.00498,-0.02451,0.07590,0.08008,0.63168,0,1
1768333700.627796,-0.01293,0.03898,-0.86916,-0.00119,-0.00126,0.00094,0.57655,0.00092,0.22806,-0.00052,0.70681,0.00055,0.70740,1,3,0.99804,0.05744,0.00498,-0.02451,0.07590,0.08008,0.63168,0,1
1768333700.629815,-0.02139,-0.01057,-0.89066,-0.00113,-0.00074,0.00108,0.57655,0.00092,0.22806,-0.00052,0.70681,0.00055,0.70740,1,3,0.99804,0.05744,0.00498,-0.02451,0.07590,0.08008,0.63168,0,1
1768333700.631803,-0.03092,-0.00863,-0.84504,0.00064,-0.00215,0.00072,0.57647,0.00092,0.22806,-0.00052,0.70682,0.00055,0.70739,1,3,0.99804,0.05744,0.00498,-0.02451,0.07590,0.08008,0.63168,0,1
1768333700.633795,-0.02760,-0.00808,-0.70838,-0.00176,-0.00336,0.00003,0.57647,0.00092,0.22806,-0.00052,0.70682,0.00055,0.70739,1,3,0.99804,0.05744,0.00498,-0.02451,0.07590,0.08008,0.63168,0,1
1768333700.635789,0.00858,-0.00217,-0.76178,-0.00081,-0.00251,0.00075,0.57643,0.00092,0.22806,-0.00052,0.70682,0.00055,0.70739,1,3,0.99804,0.05744,0.00498,-0.02451,0.07590,0.08008,0.63168,0,1
1768333700.637793,0.00350,-0.00104,-0.85299,-0.00080,-0.00092,0.00121,0.57643,0.00092,0.22806,-0.00052,0.70682,0.00055,0.70739,1,3,0.99804,0.05744,0.00498,-0.02451,0.07590,0.08008,0.63168,0,1
1768333700.639823,-0.02052,0.03164,-0.89236,0.00222,0.00035,0.00011,0.57639,0.00092,0.22806,-0.00052,0.70682,0.00055,0.70739,1,3,0.99804,0.05744,0.00498,-0.02451,0.07590,0.08008,0.63168,0,1
1768333700.641807,-0.02235,0.04485,-0.93019,0.00019,-0.00166,0.00036,0.57639,0.00092,0.22806,-0.00052,0.70682,0.00055,0.70739,1,3,0.99804,0.05744,0.00498,-0.02451,0.07590,0.08008,0.63168,0,1
1768333700.643817,-0.03027,0.02653,-0.87621,0.00019,-0.00321,0.00056,0.57635,0.00092,0.22806,-0.00052,0.70682,0.00055,0.70740,1,3,0.99804,0.05744,0.00498,-0.02451,0.07590,0.08008,0.63168,0,1
1768333700.645823,0.00393,0.03986,-0.83867,-0.00074,-0.00274,0.00095,0.57635,0.00092,0.22806,-0.00052,0.70682,0.00055,0.70740,1,3,0.99804,0.05744,0.00498,-0.02451,0.07590,0.08008,0.63168,0,1
1768333700.647836,-0.03292,0.00124,-0.86835,0.00250,-0.00138,0.00043,0.57635,0.00092,0.22806,-0.00052,0.70682,0.00055,0.70740,1,3,0.99804,0.05744,0.00498,-0.02451,0.07590,0.08008,0.63168,0,1
1768333700.649972,-0.02708,0.03452,-0.83089,-0.00343,-0.00211,0.00072,0.57630,0.00092,0.22806,-0.00052,0.70681,0.00055,0.70740,1,3,0.99804,0.05744,0.00498,-0.02451,0.07590,0.08008,0.63168,0,1
1768333700.651827,-0.01958,0.04505,-0.90717,-0.00221,-0.00284,0.00038,0.57630,0.00092,0.22806,-0.00052,0.70681,0.00055,0.70740,1,3,0.99804,0.05744,0.00498,-0.02451,0.07590,0.08008,0.63168,0,1
1768333700.653806,0.00363,0.05711,-0.86949,-0.00403,-0.00377,0.00026,0.57630,0.00092,0.22806,-0.00052,0.70681,0.00055,0.70740,1,3,0.99804,0.05744,0.00498,-0.02451,0.07590,0.08008,0.63168,0,1
1768333700.655808,-0.02617,0.01576,-0.76935,-0.00387,-0.00350,0.00092,0.57627,0.00092,0.22806,-0.00052,0.70681,0.00055,0.70740,1,3,0.99804,0.05717,0.00550,-0.02489,0.07569,0.08014,0.63175,0,1
1768333700.657818,-0.02730,0.01318,-0.81570,0.00134,-0.00122,-0.00008,0.57622,0.00092,0.22806,-0.00052,0.70681,0.00055,0.70740,1,3,0.99804,0.05717,0.00550,-0.02489,0.07569,0.08014,0.63175,0,1
1768333700.659809,0.00334,0.00229,-0.81476,-0.00403,-0.00308,0.00099,0.57622,0.00092,0.22806,-0.00052,0.70681,0.00055,0.70740,1,3,0.99804,0.05717,0.00550,-0.02489,0.07569,0.08014,0.63175,0,1
1768333700.661933,0.00763,0.02135,-0.92966,-0.00053,-0.00124,0.00074,0.57618,0.00092,0.22806,-0.00052,0.70682,0.00055,0.70740,1,3,0.99804,0.05717,0.00550,-0.02489,0.07569,0.08014,0.63175,0,1
1768333700.663847,-0.01402,0.05991,-0.96852,0.00037,-0.00228,0.00032,0.57614,0.00092,0.22807,-0.00052,0.70681,0.00055,0.70740,1,3,0.99804,0.05717,0.00550,-0.02489,0.07569,0.08014,0.63175,0,1
1768333700.665878,-0.02719,0.04181,-0.94551,0.00059,-0.00059,0.00021,0.57614,0.00092,0.22807,-0.00052,0.70681,0.00055,0.70740,1,3,0.99804,0.05717,0.00550,-0.02489,0.07569,0.08014,0.63175,0,1
1768333700.667805,-0.00748,0.03684,-0.87679,-0.00187,-0.00197,0.00039,0.57610,0.00092,0.22806,-0.00052,0.70681,0.00055,0.70740,1,3,0.99804,0.05717,0.00550,-0.02489,0.07569,0.08014,0.63175,0,1
1768333700.669827,-0.01864,-0.01135,-0.91365,0.00126,-0.00192,0.00012,0.57610,0.00092,0.22806,-0.00052,0.70681,0.00055,0.70740,1,3,0.99804,0.05717,0.00550,-0.02489,0.07569,0.08014,0.63175,0,1
1768333700.671808,-0.00376,-0.00513,-0.93665,-0.00107,-0.00172,0.00008,0.57606,0.00092,0.22807,-0.00052,0.70681,0.00055,0.70740,1,3,0.99804,0.05717,0.00550,-0.02489,0.07569,0.08014,0.63175,0,1
1768333700.673827,-0.01786,0.01297,-0.96755,0.00046,-0.00183,-0.00020,0.57606,0.00092,0.22807,-0.00052,0.70681,0.00055,0.70740,1,3,0.99804,0.05717,0.00550,-0.02489,0.07569,0.08014,0.63175,0,1
1768333700.675818,-0.02891,0.04056,-0.86919,-0.00117,-0.00261,0.00015,0.57603,0.00092,0.22807,-0.00052,0.70681,0.00055,0.70740,1,3,0.99804,0.05717,0.00550,-0.02489,0.07569,0.08014,0.63175,0,1
1768333700.677833,-0.00317,0.04043,-0.81587,-0.00161,-0.00342,0.00058,0.57603,0.00092,0.22807,-0.00052,0.70681,0.00055,0.70740,1,3,0.99804,0.05717,0.00550,-0.02489,0.07569,0.08014,0.63175,0,1
1768333700.679834,-0.00243,-0.00665,-0.78449,0.00154,-0.00199,0.00087,0.57603,0.00092,0.22807,-0.00052,0.70681,0.00055,0.70740,1,3,0.99804,0.05717,0.00550,-0.02489,0.07569,0.08014,0.63175,0,1
1768333700.681854,-0.02867,-0.00476,-0.84541,-0.00150,-0.00143,0.00018,0.57603,0.00092,0.22807,-0.00052,0.70681,0.00055,0.70740,1,3,0.99804,0.05717,0.00550,-0.02489,0.07569,0.08014,0.63175,0,1
1768333700.683831,-0.00082,0.04019,-0.88496,-0.00074,0.00036,0.00023,0.57599,0.00092,0.22807,-0.00052,0.70681,0.00055,0.70740,1,3,0.99804,0.05717,0.00550,-0.02489,0.07569,0.08014,0.63175,0,1
1768333700.685841,-0.02452,0.03741,-0.89948,-0.00165,-0.00214,0.00039,0.57599,0.00092,0.22807,-0.00052,0.70681,0.00055,0.70740,1,3,0.99804,0.05717,0.00550,-0.02489,0.07569,0.08014,0.63175,0,1
1768333700.687854,0.00024,0.04232,-0.89215,-0.00093,-0.00257,0.00024,0.57595,0.00092,0.22807,-0.00052,0.70681,0.00055,0.70740,1,3,0.99804,0.05717,0.00550,-0.02489,0.07569,0.08014,0.63175,0,1
1768333700.689857,-0.01494,0.00054,-0.89877,0.00140,-0.00147,0.00039,0.57590,0.00092,0.22806,-0.00052,0.70681,0.00055,0.70740,1,3,0.99804,0.05717,0.00550,-0.02489,0.07569,0.08014,0.63175,0,1
1768333700.691908,-0.01111,0.02203,-0.85373,0.00123,-0.00077,0.00081,0.57590,0.00092,0.22806,-0.00052,0.70681,0.00055,0.70740,1,3,0.99804,0.05717,0.00550,-0.02489,0.07569,0.08014,0.63175,0,1
1768333700.693832,-0.02309,0.04419,-0.94554,0.00062,-0.00064,0.00034,0.57586,0.00092,0.22807,-0.00052,0.70681,0.00055,0.70741,1,3,0.99804,0.05717,0.00550,-0.02489,0.07569,0.08014,0.63175,0,1
1768333700.695830,-0.01867,0.01490,-0.90608,-0.00345,-0.00281,0.00120,0.57586,0.00092,0.22807,-0.00052,0.70681,0.00055,0.70741,1,3,0.99804,0.05717,0.00550,-0.02489,0.07569,0.08014,0.63175,0,1
1768333700.697843,-0.02345,-0.00872,-0.91367,0.00173,-0.00187,0.00025,0.57582,0.00092,0.22807,-0.00052,0.70681,0.00055,0.70741,1,3,0.99806,0.05645,0.00629,-0.02533,0.07544,0.08013,0.63144,0,1
1768333700.699827,-0.02290,0.02361,-0.78492,-0.00269,-0.00368,0.00049,0.57582,0.00092,0.22807,-0.00052,0.70681,0.00055,0.70741,1,3,0.99806,0.05645,0.00629,-0.02533,0.07544,0.08013,0.63144,0,1
1768333700.701863,-0.03512,0.03776,-0.80086,0.00032,-0.00139,0.00048,0.57582,0.00092,0.22807,-0.00052,0.70681,0.00055,0.70741,1,3,0.99806,0.05645,0.00629,-0.02533,0.07544,0.08013,0.63144,0,1
1768333700.703850,-0.02047,0.00980,-0.87586,-0.00176,-0.00178,0.00095,0.57574,0.00092,0.22807,-0.00052,0.70681,0.00055,0.70741,1,3,0.99806,0.05645,0.00629,-0.02533,0.07544,0.08013,0.63144,0,1
1768333700.705879,-0.01081,0.01360,-0.91423,0.00178,-0.00242,0.00023,0.57574,0.00092,0.22807,-0.00052,0.70681,0.00055,0.70741,1,3,0.99806,0.05645,0.00629,-0.02533,0.07544,0.08013,0.63144,0,1
1768333700.707903,-0.01449,0.04941,-0.78603,0.00047,-0.00114,0.00073,0.57570,0.00092,0.22807,-0.00052,0.70681,0.00055,0.70740,1,3,0.99806,0.05645,0.00629,-0.02533,0.07544,0.08013,0.63144,0,1
1768333700.709850,-0.04380,0.01381,-0.79259,0.00091,-0.00177,0.00036,0.57570,0.00092,0.22807,-0.00052,0.70681,0.00055,0.70740,1,3,0.99806,0.05645,0.00629,-0.02533,0.07544,0.08013,0.63144,0,1
1768333700.711854,-0.00566,0.01549,-0.96741,0.00071,-0.00235,0.00032,0.57566,0.00092,0.22807,-0.00052,0.70681,0.00055,0.70740,1,3,0.99806,0.05645,0.00629,-0.02533,0.07544,0.08013,0.63144,0,1
1768333700.713861,-0.00242,0.02741,-1.02090,0.00129,-0.00188,0.00054,0.57566,0.00092,0.22807,-0.00052,0.70681,0.00055,0.70740,1,3,0.99806,0.05645,0.00629,-0.02533,0.07544,0.08013,0.63144,0,1
1768333700.715851,-0.02363,0.01491,-0.93719,0.00136,-0.00074,0.00036,0.57566,0.00092,0.22807,-0.00052,0.70681,0.00055,0.70740,1,3,0.99806,0.05645,0.00629,-0.02533,0.07544,0.08013,0.63144,0,1
1768333700.717941,-0.01841,0.03196,-0.80084,0.00026,-0.00082,0.00059,0.57566,0.00092,0.22807,-0.00052,0.70681,0.00055,0.70740,1,3,0.99806,0.05645,0.00629,-0.02533,0.07544,0.08013,0.63144,0,1
1768333700.719922,-0.02616,-0.02114,-0.73871,0.00048,-0.00171,0.00013,0.57562,0.00092,0.22807,-0.00052,0.70681,0.00055,0.70740,1,3,0.99806,0.05645,0.00629,-0.02533,0.07544,0.08013,0.63144,0,1
1768333700.721862,-0.02162,0.01508,-0.86867,-0.00039,-0.00153,0.00042,0.57562,0.00092,0.22807,-0.00052,0.70681,0.00055,0.70740,1,3,0.99806,0.05645,0.00629,-0.02533,0.07544,0.08013,0.63144,0,1
1768333700.723851,-0.02198,0.01456,-0.98991,-0.00061,-0.00137,0.00113,0.57558,0.00092,0.22806,-0.00052,0.70682,0.00055,0.70740,1,3,0.99806,0.05645,0.00629,-0.02533,0.07544,0.08013,0.63144,0,1
1768333700.725844,-0.03909,0.02513,-0.92978,0.00017,-0.00107,0.00011,0.57558,0.00092,0.22806,-0.00052,0.70682,0.00055,0.70740,1,3,0.99806,0.05645,0.00629,-0.02533,0.07544,0.08013,0.63144,0,1
1768333700.727874,-0.02290,-0.00356,-0.83024,0.00135,-0.00214,0.00018,0.57554,0.00092,0.22806,-0.00052,0.70681,0.00055,0.70740,1,3,0.99810,0.05541,0.00406,-0.02654,0.07522,0.08019,0.63151,0,1
1768333700.729858,-0.00505,0.00101,-0.73153,0.00032,-0.00249,0.00051,0.57554,0.00092,0.22806,-0.00052,0.70681,0.00055,0.70740,1,3,0.99810,0.05541,0.00406,-0.02654,0.07522,0.08019,0.63151,0,1
1768333700.731856,-0.02232,0.00443,-0.77627,-0.00335,-0.00493,0.00145,0.57550,0.00092,0.22807,-0.00052,0.70681,0.00055,0.70740,1,3,0.99810,0.05541,0.00406,-0.02654,0.07522,0.08019,0.63151,0,1
1768333700.733865,0.00206,0.03752,-0.87643,-0.00273,-0.00360,0.00079,0.57546,0.00092,0.22807,-0.00052,0.70681,0.00055,0.70740,1,3,0.99810,0.05541,0.00406,-0.02654,0.07522,0.08019,0.63151,0,1
1768333700.735866,-0.01315,0.06877,-0.96102,-0.00105,-0.00166,0.00086,0.57546,0.00092,0.22807,-0.00052,0.70681,0.00055,0.70740,1,3,0.99810,0.05541,0.00406,-0.02654,0.07522,0.08019,0.63151,0,1
1768333700.737892,-0.01323,0.04437,-0.89949,-0.00090,-0.00189,0.00118,0.57542,0.00092,0.22807,-0.00052,0.70681,0.00055,0.70740,1,3,0.99810,0.05541,0.00406,-0.02654,0.07522,0.08019,0.63151,0,1
1768333700.739919,-0.01873,0.02976,-0.83069,-0.00327,-0.00258,0.00085,0.57542,0.00092,0.22807,-0.00052,0.70681,0.00055,0.70740,1,3,0.99810,0.05541,0.00406,-0.02654,0.07522,0.08019,0.63151,0,1
1768333700.741872,-0.02950,0.00605,-0.81477,-0.00093,-0.00269,0.00115,0.57538,0.00092,0.22807,-0.00052,0.70681,0.00055,0.70740,1,3,0.99810,0.05541,0.00406,-0.02654,0.07522,0.08019,0.63151,0,1
1768333700.743881,0.00634,0.00493,-0.92115,-0.00291,-0.00324,0.00103,0.57534,0.00092,0.22807,-0.00052,0.70681,0.00055,0.70740,1,3,0.99810,0.05541,0.00406,-0.02654,0.07522,0.08019,0.63151,0,1
1768333700.745872,-0.02738,-0.00143,-0.95941,0.00138,-0.00182,0.00022,0.57534,0.00092,0.22807,-0.00052,0.70681,0.00055,0.70740,1,3,0.99810,0.05541,0.00406,-0.02654,0.07522,0.08019,0.63151,0,1
1768333700.747865,-0.03442,-0.00712,-0.85273,-0.00044,-0.00122,0.00085,0.57534,0.00092,0.22807,-0.00052,0.70681,0.00055,0.70740,1,3,0.99810,0.05541,0.00406,-0.02654,0.07522,0.08019,0.63151,0,1
1768333700.749878,-0.02438,-0.02680,-0.76852,-0.00177,-0.00197,0.00105,0.57534,0.00092,0.22807,-0.00052,0.70681,0.00055,0.70740,1,3,0.99810,0.05541,0.00406,-0.02654,0.07522,0.08019,0.63151,0,1
1768333700.751861,-0.00145,-0.01732,-0.85251,0.00032,-0.00161,0.00109,0.57530,0.00092,0.22807,-0.00052,0.70681,0.00055,0.70741,1,3,0.99810,0.05541,0.00406,-0.02654,0.07522,0.08019,0.63151,0,1
1768333700.753864,-0.02841,-0.00647,-0.95190,0.00241,-0.00117,-0.00005,0.57530,0.00092,0.22807,-0.00052,0.70681,0.00055,0.70741,1,3,0.99810,0.05541,0.00406,-0.02654,0.07522,0.08019,0.63151,0,1
1768333700.755867,-0.02329,0.04928,-0.98369,0.00090,-0.00077,0.00018,0.57526,0.00092,0.22807,-0.00052,0.70681,0.00055,0.70740,1,3,0.99811,0.05499,0.00558,-0.02677,0.07497,0.08020,0.63116,0,1
1768333700.757894,-0.01735,0.04203,-0.90723,-0.00072,-0.00172,0.00064,0.57526,0.00092,0.22807,-0.00052,0.70681,0.00055,0.70740,1,3,0.99811,0.05499,0.00558,-0.02677,0.07497,0.08020,0.63116,0,1
1768333700.759900,-0.01496,0.00114,-0.86071,0.00163,-0.00210,0.00042,0.57522,0.00092,0.22807,-0.00052,0.70681,0.00055,0.70740,1,3,0.99811,0.05499,0.00558,-0.02677,0.07497,0.08020,0.63116,0,1
1768333700.761919,-0.02177,0.00118,-0.84556,0.00032,-0.00228,0.00004,0.57522,0.00092,0.22807,-0.00052,0.70681,0.00055,0.70740,1,3,0.99811,0.05499,0.00558,-0.02677,0.07497,0.08020,0.63116,0,1
1768333700.763898,-0.01033,-0.01763,-0.86777,0.00053,-0.00086,0.00108,0.57518,0.00092,0.22807,-0.00052,0.70681,0.00055,0.70740,1,3,0.99811,0.05499,0.00558,-0.02677,0.07497,0.08020,0.63116,0,1
1768333700.765904,-0.01933,0.03201,-0.90703,0.00091,-0.00092,0.00091,0.57514,0.00092,0.22807,-0.00052,0.70681,0.00055,0.70740,1,3,0.99811,0.05499,0.00558,-0.02677,0.07497,0.08020,0.63116,0,1
1768333700.767895,-0.03925,0.04520,-0.86178,0.00019,-0.00147,0.00043,0.57514,0.00092,0.22807,-0.00052,0.70681,0.00055,0.70740,1,3,0.99811,0.05499,0.00558,-0.02677,0.07497,0.08020,0.63116,0,1
1768333700.769974,-0.01508,0.04475,-0.89975,0.00107,-0.00149,0.00078,0.57510,0.00092,0.22807,-0.00052,0.70681,0.00055,0.70740,1,3,0.99811,0.05499,0.00558,-0.02677,0.07497,0.08020,0.63116,0,1
1768333700.771923,-0.01425,0.00660,-0.92892,0.00104,-0.00325,0.00064,0.57510,0.00092,0.22807,-0.00052,0.70681,0.00055,0.70740,1,3,0.99811,0.05499,0.00558,-0.02677,0.07497,0.08020,0.63116,0,1
1768333700.773888,-0.01829,0.01238,-0.86859,0.00024,-0.00118,0.00068,0.57506,0.00092,0.22806,-0.00052,0.70681,0.00055,0.70740,1,3,0.99811,0.05499,0.00558,-0.02677,0.07497,0.08020,0.63116,0,1
1768333700.775882,-0.02270,0.02465,-0.83083,0.00017,-0.00101,0.00098,0.57506,0.00092,0.22806,-0.00052,0.70681,0.00055,0.70740,1,3,0.99811,0.05499,0.00558,-0.02677,0.07497,0.08020,0.63116,0,1
1768333700.777888,-0.03024,0.03966,-0.86943,-0.00031,-0.00107,0.00015,0.57502,0.00092,0.22806,-0.00052,0.70681,0.00055,0.70740,1,3,0.99811,0.05499,0.00558,-0.02677,0.07497,0.08020,0.63116,0,1
1768333700.779888,-0.03588,0.02905,-0.92964,0.00153,-0.00263,0.00024,0.57502,0.00092,0.22806,-0.00052,0.70681,0.00055,0.70740,1,3,0.99811,0.05499,0.00558,-0.02677,0.07497,0.08020,0.63116,0,1
1768333700.781909,0.01439,0.01005,-0.83022,-0.00241,-0.00335,0.00096,0.57502,0.00092,0.22806,-0.00052,0.70681,0.00055,0.70740,1,3,0.99811,0.05499,0.00558,-0.02677,0.07497,0.08020,0.63116,0,1
1768333700.783889,-0.01835,0.00943,-0.85346,0.00151,-0.00297,-0.00038,0.57498,0.00092,0.22806,-0.00052,0.70681,0.00055,0.70740,1,3,0.99811,0.05499,0.00558,-0.02677,0.07497,0.08020,0.63116,0,1
1768333700.785917,-0.01990,0.02401,-0.88418,0.00256,-0.00245,-0.00001,0.57498,0.00092,0.22806,-0.00052,0.70681,0.00055,0.70740,1,3,0.99811,0.05499,0.00558,-0.02677,0.07497,0.08020,0.63116,0,1
1768333700.787927,-0.01303,0.00039,-0.91384,-0.00035,-0.00200,0.00038,0.57494,0.00092,0.22806,-0.00052,0.70681,0.00055,0.70740,1,3,0.99811,0.05499,0.00558,-0.02677,0.07497,0.08020,0.63116,0,1
1768333700.789942,-0.00970,0.01375,-0.94413,0.00047,-0.00343,0.00102,0.57494,0.00092,0.22806,-0.00052,0.70681,0.00055,0.70740,1,3,0.99811,0.05499,0.00558,-0.02677,0.07497,0.08020,0.63116,0,1
1768333700.791916,0.00722,0.00861,-0.92899,0.00063,-0.00351,0.00075,0.57490,0.00092,0.22806,-0.00052,0.70682,0.00055,0.70739,1,3,0.99816,0.05441,0.00542,-0.02633,0.07477,0.08026,0.63136,0,1
1768333700.793918,-0.00037,0.00861,-0.92169,0.00019,-0.00318,-0.00004,0.57490,0.00092,0.22806,-0.00052,0.70682,0.00055,0.70739,1,3,0.99816,0.05441,0.00542,-0.02633,0.07477,0.08026,0.63136,0,1
1768333700.795925,-0.00575,-0.00898,-0.95146,0.00085,-0.00258,0.00061,0.57485,0.00092,0.22806,-0.00052,0.70682,0.00055,0.70739,1,3,0.99816,0.05441,0.00542,-0.02633,0.07477,0.08026,0.63136,0,1
1768333700.797912,-0.02495,-0.00335,-0.93632,0.00288,-0.00222,0.00091,0.57482,0.00092,0.22806,-0.00052,0.70682,0.00055,0.70739,1,3,0.99816,0.05441,0.00542,-0.02633,0.07477,0.08026,0.63136,0,1
1768333700.799914,0.00255,0.00116,-0.85308,0.00119,-0.00282,0.00041,0.57482,0.00092,0.22806,-0.00052,0.70682,0.00055,0.70739,1,3,0.99816,0.05441,0.00542,-0.02633,0.07477,0.08026,0.63136,0,1
1768333700.801944,-0.01858,0.02282,-0.85353,0.00058,-0.00182,0.00083,0.57482,0.00092,0.22806,-0.00052,0.70682,0.00055,0.70739,1,3,0.99816,0.05441,0.00542,-0.02633,0.07477,0.08026,0.63136,0,1
1768333700.803918,-0.01854,-0.01252,-0.88309,0.00037,-0.00090,0.00095,0.57474,0.00092,0.22805,-0.00052,0.70683,0.00055,0.70738,1,3,0.99816,0.05441,0.00542,-0.02633,0.07477,0.08026,0.63136,0,1
1768333700.805919,-0.03608,-0.00627,-0.92125,0.00154,-0.00159,0.00039,0.57474,0.00092,0.22805,-0.00052,0.70683,0.00055,0.70738,1,3,0.99816,0.05441,0.00542,-0.02633,0.07477,0.08026,0.63136,0,1
1768333700.807917,-0.00531,0.01517,-0.83834,0.00027,-0.00185,0.00042,0.57474,0.00092,0.22805,-0.00052,0.70683,0.00055,0.70738,1,3,0.99816,0.05441,0.00542,-0.02633,0.07477,0.08026,0.63136,0,1
1768333700.809910,-0.01971,0.01894,-0.87659,0.00250,-0.00220,-0.00027,0.57470,0.00092,0.22806,-0.00052,0.70682,0.00055,0.70739,1,3,0.99816,0.05441,0.00542,-0.02633,0.07477,0.08026,0.63136,0,1
1768333700.811914,-0.02802,0.02038,-0.86845,-0.00229,-0.00259,0.00070,0.57470,0.00092,0.22806,-0.00052,0.70682,0.00055,0.70739,1,3,0.99816,0.05441,0.00542,-0.02633,0.07477,0.08026,0.63136,0,1
1768333700.813921,-0.01802,0.03303,-0.89954,0.00049,-0.00222,0.00011,0.57470,0.00092,0.22806,-0.00052,0.70682,0.00055,0.70739,1,3,0.99816,0.05441,0.00542,-0.02633,0.07477,0.08026,0.63136,0,1
1768333700.815908,-0.00214,0.00472,-0.85295,0.00189,-0.00391,0.00055,0.57466,0.00092,0.22805,-0.00052,0.70683,0.00055,0.70738,1,3,0.99816,0.05441,0.00542,-0.02633,0.07477,0.08026,0.63136,0,1
1768333700.817926,-0.01802,0.00304,-0.79200,-0.00009,-0.00206,0.00142,0.57466,0.00092,0.22805,-0.00052,0.70683,0.00055,0.70738,1,3,0.99816,0.05441,0.00542,-0.02633,0.07477,0.08026,0.63136,0,1
1768333700.819933,-0.00456,0.00030,-0.89108,-0.00035,-0.00210,0.00039,0.57462,0.00092,0.22806,-0.00052,0.70683,0.00055,0.70739,1,3,0.99816,0.05441,0.00542,-0.02633,0.07477,0.08026,0.63136,0,1
1768333700.821957,-0.02502,0.00388,-0.92951,0.00210,0.00107,0.00063,0.57462,0.00092,0.22806,-0.00052,0.70683,0.00055,0.70739,1,3,0.99816,0.05441,0.00542,-0.02633,0.07477,0.08026,0.63136,0,1
1768333700.823945,-0.01474,0.05063,-0.93773,0.00114,-0.00277,0.00062,0.57458,0.00092,0.22806,-0.00052,0.70683,0.00055,0.70739,1,3,0.99820,0.05383,0.00675,-0.02567,0.07455,0.08030,0.63137,0,1
1768333700.825937,-0.02810,0.02899,-0.90675,0.00197,-0.00272,0.00066,0.57458,0.00092,0.22806,-0.00052,0.70683,0.00055,0.70739,1,3,0.99820,0.05383,0.00675,-0.02567,0.07455,0.08030,0.63137,0,1
1768333700.827942,-0.01282,0.02142,-0.83806,-0.00031,-0.00367,0.00071,0.57454,0.00092,0.22805,-0.00052,0.70683,0.00055,0.70738,1,3,0.99820,0.05383,0.00675,-0.02567,0.07455,0.08030,0.63137,0,1
1768333700.829979,-0.02270,-0.00884,-0.84492,0.00064,-0.00225,0.00112,0.57450,0.00092,0.22806,-0.00052,0.70683,0.00055,0.70739,1,3,0.99820,0.05383,0.00675,-0.02567,0.07455,0.08030,0.63137,0,1
1768333700.831931,-0.00230,-0.02611,-0.81443,0.00174,-0.00224,0.00059,0.57450,0.00092,0.22806,-0.00052,0.70683,0.00055,0.70739,1,3,0.99820,0.05383,0.00675,-0.02567,0.07455,0.08030,0.63137,0,1
1768333700.833927,-0.01437,0.02490,-0.86137,0.00061,-0.00137,0.00054,0.57446,0.00092,0.22805,-0.00052,0.70683,0.00055,0.70738,1,3,0.99820,0.05383,0.00675,-0.02567,0.07455,0.08030,0.63137,0,1
1768333700.835950,0.00277,0.02445,-0.98276,0.00016,-0.00181,0.00084,0.57446,0.00092,0.22805,-0.00052,0.70683,0.00055,0.70738,1,3,0.99820,0.05383,0.00675,-0.02567,0.07455,0.08030,0.63137,0,1
1768333700.837945,-0.00543,0.04441,-0.98308,-0.00025,-0.00211,0.00111,0.57442,0.00092,0.22805,-0.00052,0.70683,0.00055,0.70738,1,3,0.99820,0.05383,0.00675,-0.02567,0.07455,0.08030,0.63137,0,1
1768333700.839932,-0.00635,-0.00288,-0.92131,0.00202,-0.00347,0.00010,0.57442,0.00092,0.22805,-0.00052,0.70683,0.00055,0.70738,1,3,0.99820,0.05383,0.00675,-0.02567,0.07455,0.08030,0.63137,0,1
1768333700.841938,-0.01887,0.00355,-0.83791,0.00122,-0.00206,0.00058,0.57438,0.00092,0.22805,-0.00052,0.70683,0.00055,0.70738,1,3,0.99820,0.05383,0.00675,-0.02567,0.07455,0.08030,0.63137,0,1
1768333700.843941,-0.02316,-0.03837,-0.85215,0.00159,-0.00172,0.00031,0.57438,0.00092,0.22805,-0.00052,0.70683,0.00055,0.70738,1,3,0.99820,0.05383,0.00675,-0.02567,0.07455,0.08030,0.63137,0,1
1768333700.845937,-0.05026,0.00163,-0.98980,0.00294,-0.00142,0.00035,0.57438,0.00092,0.22805,-0.00052,0.70683,0.00055,0.70738,1,3,0.99820,0.05383,0.00675,-0.02567,0.07455,0.08030,0.63137,0,1
1768333700.847983,-0.02374,0.00229,-1.00483,0.00230,-0.00338,0.00032,0.57434,0.00092,0.22805,-0.00052,0.70683,0.00055,0.70738,1,3,0.99820,0.05383,0.00675,-0.02567,0.07455,0.08030,0.63137,0,1
1768333700.849971,-0.01546,0.02156,-0.89899,0.00210,-0.00300,0.00065,0.57434,0.00092,0.22805,-0.00052,0.70683,0.00055,0.70738,1,3,0.99820,0.05383,0.00675,-0.02567,0.07455,0.08030,0.63137,0,1
1768333700.851949,-0.01149,-0.00601,-0.84554,0.00263,-0.00202,0.00002,0.57430,0.00092,0.22805,-0.00052,0.70683,0.00055,0.70738,1,3,0.99820,0.05383,0.00675,-0.02567,0.07455,0.08030,0.63137,0,1
1768333700.853948,-0.02799,0.00812,-0.85320,0.00149,-0.00131,0.00084,0.57430,0.00092,0.22805,-0.00052,0.70683,0.00055,0.70738,1,3,0.99820,0.05383,0.00675,-0.02567,0.07455,0.08030,0.63137,0,1
1768333700.855956,-0.02378,0.02435,-0.95246,0.00104,-0.00048,0.00088,0.57425,0.00092,0.22805,-0.00052,0.70683,0.00055,0.70738,1,3,0.99820,0.05383,0.00675,-0.02567,0.07455,0.08030,0.63137,0,1
1768333700.857954,-0.02324,0.02512,-0.97508,0.00083,-0.00163,0.00087,0.57425,0.00092,0.22805,-0.00052,0.70683,0.00055,0.70738,1,3,0.99820,0.05383,0.00675,-0.02567,0.07455,0.08030,0.63137,0,1
1768333700.859947,0.00693,0.00223,-0.86071,0.00033,-0.00160,0.00094,0.57421,0.00092,0.22805,-0.00052,0.70683,0.00055,0.70738,1,3,0.99820,0.05383,0.00675,-0.02567,0.07455,0.08030,0.63137,0,1
1768333700.861953,-0.00754,-0.00475,-0.80760,0.00221,-0.00080,0.00058,0.57421,0.00092,0.22805,-0.00052,0.70683,0.00055,0.70738,1,3,0.99825,0.05311,0.00538,-0.02530,0.07435,0.08036,0.63149,0,1
1768333700.863963,-0.00292,-0.00248,-0.84522,0.00137,-0.00134,0.00149,0.57417,0.00092,0.22805,-0.00052,0.70684,0.00055,0.70738,1,3,0.99825,0.05311,0.00538,-0.02530,0.07435,0.08036,0.63149,0,1
1768333700.865947,0.00234,0.01971,-0.94479,0.00076,-0.00168,0.00060,0.57417,0.00092,0.22805,-0.00052,0.70684,0.00055,0.70738,1,3,0.99825,0.05311,0.00538,-0.02530,0.07435,0.08036,0.63149,0,1
1768333700.867948,-0.00680,0.02920,-1.00583,0.00109,-0.00094,0.00069,0.57413,0.00092,0.22805,-0.00052,0.70684,0.00055,0.70738,1,3,0.99825,0.05311,0.00538,-0.02530,0.07435,0.08036,0.63149,0,1
1768333700.869951,-0.01499,0.01952,-0.96002,0.00098,-0.00084,0.00060,0.57409,0.00092,0.22805,-0.00052,0.70684,0.00055,0.70738,1,3,0.99825,0.05311,0.00538,-0.02530,0.07435,0.08036,0.63149,0,1
1768333700.872297,0.00197,-0.01397,-0.84521,0.00167,-0.00217,0.00042,0.57409,0.00092,0.22805,-0.00052,0.70684,0.00055,0.70738,1,3,0.99825,0.05311,0.00538,-0.02530,0.07435,0.08036,0.63149,0,1
1768333700.873948,-0.01421,-0.00805,-0.80720,0.00130,-0.00300,0.00033,0.57405,0.00092,0.22805,-0.00052,0.70684,0.00055,0.70737,1,3,0.99825,0.05311,0.00538,-0.02530,0.07435,0.08036,0.63149,0,1
1768333700.875957,-0.00819,-0.01382,-0.93643,0.00320,-0.00166,0.00035,0.57405,0.00092,0.22805,-0.00052,0.70684,0.00055,0.70737,1,3,0.99825,0.05311,0.00538,-0.02530,0.07435,0.08036,0.63149,0,1
1768333700.877955,-0.00639,-0.01003,-0.98964,0.00106,-0.00117,0.00058,0.57401,0.00092,0.22805,-0.00052,0.70684,0.00055,0.70738,1,3,0.99825,0.05311,0.00538,-0.02530,0.07435,0.08036,0.63149,0,1
1768333700.880016,-0.01573,0.00519,-0.97463,0.00168,-0.00132,0.00100,0.57401,0.00092,0.22805,-0.00052,0.70684,0.00055,0.70738,1,3,0.99825,0.05311,0.00538,-0.02530,0.07435,0.08036,0.63149,0,1
1768333700.881994,-0.04601,-0.00979,-0.88298,0.00324,-0.00248,0.00057,0.57401,0.00092,0.22805,-0.00052,0.70684,0.00055,0.70738,1,3,0.99825,0.05311,0.00538,-0.02530,0.07435,0.08036,0.63149,0,1
1768333700.883983,-0.02270,0.04094,-0.78559,0.00080,-0.00255,0.00061,0.57397,0.00092,0.22805,-0.00052,0.70683,0.00055,0.70738,1,3,0.99825,0.05311,0.00538,-0.02530,0.07435,0.08036,0.63149,0,1
1768333700.885977,-0.01628,0.03048,-0.95996,0.00220,-0.00197,0.00114,0.57397,0.00092,0.22805,-0.00052,0.70683,0.00055,0.70738,1,3,0.99825,0.05311,0.00538,-0.02530,0.07435,0.08036,0.63149,0,1
1768333700.887979,-0.00214,0.00625,-1.01277,0.00038,-0.00046,0.00109,0.57393,0.00092,0.22805,-0.00052,0.70683,0.00055,0.70738,1,3,0.99825,0.05311,0.00538,-0.02530,0.07435,0.08036,0.63149,0,1
1768333700.889977,-0.02073,0.00486,-0.86828,-0.00139,-0.00152,0.00069,0.57393,0.00092,0.22805,-0.00052,0.70683,0.00055,0.70738,1,3,0.99825,0.05311,0.00538,-0.02530,0.07435,0.08036,0.63149,0,1
1768333700.891997,-0.02418,-0.01367,-0.82241,0.00232,-0.00148,0.00046,0.57389,0.00092,0.22805,-0.00052,0.70683,0.00055,0.70738,1,3,0.99833,0.05235,0.00311,-0.02428,0.07416,0.08044,0.63177,0,1
1768333700.893994,-0.02348,0.02172,-0.86891,0.00210,-0.00266,-0.00012,0.57389,0.00092,0.22805,-0.00052,0.70683,0.00055,0.70738,1,3,0.99833,0.05235,0.00311,-0.02428,0.07416,0.08044,0.63177,0,1
1768333700.895990,-0.01448,-0.01380,-0.94385,0.00123,-0.00222,0.00036,0.57385,0.00092,0.22805,-0.00052,0.70684,0.00055,0.70738,1,3,0.99833,0.05235,0.00311,-0.02428,0.07416,0.08044,0.63177,0,1
1768333700.897982,-0.01530,0.01639,-0.95976,0.00203,-0.00274,0.00034,0.57385,0.00092,0.22805,-0.00052,0.70684,0.00055,0.70738,1,3,0.99833,0.05235,0.00311,-0.02428,0.07416,0.08044,0.63177,0,1
1768333700.899983,0.00616,-0.00775,-0.84541,0.00109,-0.00108,0.00081,0.57381,0.00092,0.22805,-0.00052,0.70684,0.00055,0.70738,1,3,0.99833,0.05235,0.00311,-0.02428,0.07416,0.08044,0.63177,0,1
1768333700.901993,-0.05192,-0.02066,-0.79903,0.00049,-0.00189,0.00092,0.57377,0.00092,0.22805,-0.00052,0.70684,0.00055,0.70737,1,3,0.99833,0.05235,0.00311,-0.02428,0.07416,0.08044,0.63177,0,1
1768333700.903977,0.00228,0.02088,-0.89145,0.00122,-0.00296,0.00064,0.57377,0.00092,0.22805,-0.00052,0.70684,0.00055,0.70737,1,3,0.99833,0.05235,0.00311,-0.02428,0.07416,0.08044,0.63177,0,1
1768333700.905986,-0.04401,0.00960,-0.92159,0.00151,-0.00265,-0.00000,0.57373,0.00092,0.22805,-0.00052,0.70684,0.00055,0.70738,1,3,0.99833,0.05235,0.00311,-0.02428,0.07416,0.08044,0.63177,0,1
1768333700.907976,-0.01464,-0.01373,-0.92071,0.00101,-0.00259,0.00119,0.57373,0.00092,0.22805,-0.00052,0.70684,0.00055,0.70738,1,3,0.99833,0.05235,0.00311,-0.02428,0.07416,0.08044,0.63177,0,1
1768333700.909970,-0.04180,-0.04248,-0.90511,0.00328,-0.00174,0.00042,0.57369,0.00092,0.22804,-0.00052,0.70684,0.00055,0.70737,1,3,0.99833,0.05235,0.00311,-0.02428,0.07416,0.08044,0.63177,0,1
1768333700.911990,-0.01972,-0.04145,-0.87491,0.00199,-0.00099,0.00056,0.57369,0.00092,0.22804,-0.00052,0.70684,0.00055,0.70737,1,3,0.99833,0.05235,0.00311,-0.02428,0.07416,0.08044,0.63177,0,1
1768333700.913991,-0.00287,-0.02097,-0.90521,0.00180,-0.00297,0.00159,0.57369,0.00092,0.22804,-0.00052,0.70684,0.00055,0.70737,1,3,0.99833,0.05235,0.00311,-0.02428,0.07416,0.08044,0.63177,0,1
1768333700.915996,-0.00731,0.02422,-0.92904,-0.00137,-0.00487,0.00077,0.57365,0.00092,0.22805,-0.00052,0.70684,0.00055,0.70737,1,3,0.99833,0.05235,0.00311,-0.02428,0.07416,0.08044,0.63177,0,1
1768333700.917993,0.00268,0.05037,-0.99091,0.00070,-0.00323,0.00056,0.57365,0.00092,0.22805,-0.00052,0.70684,0.00055,0.70737,1,3,0.99833,0.05235,0.00311,-0.02428,0.07416,0.08044,0.63177,0,1
1768333700.919988,-0.01812,0.00293,-0.99760,0.00056,-0.00168,0.00004,0.57361,0.00092,0.22805,-0.00052,0.70684,0.00055,0.70737,1,3,0.99833,0.05235,0.00311,-0.02428,0.07416,0.08044,0.63177,0,1
1768333700.921992,-0.02803,-0.05012,-0.92026,0.00253,-0.00203,-0.00001,0.57361,0.00092,0.22805,-0.00052,0.70684,0.00055,0.70737,1,3,0.99833,0.05235,0.00311,-0.02428,0.07416,0.08044,0.63177,0,1
1768333700.924012,0.00184,-0.03426,-0.82938,0.00142,-0.00164,0.00097,0.57357,0.00092,0.22805,-0.00052,0.70684,0.00055,0.70738,1,3,0.99833,0.05235,0.00311,-0.02428,0.07416,0.08044,0.63177,0,1
1768333700.926001,-0.02515,-0.02362,-0.86010,0.00308,-0.00120,0.00070,0.57357,0.00092,0.22805,-0.00052,0.70684,0.00055,0.70738,1,3,0.99829,0.05190,0.00724,-0.02600,0.07389,0.08042,0.63117,0,1
1768333700.927993,-0.01629,0.02563,-0.95253,0.00258,-0.00172,0.00047,0.57353,0.00092,0.22805,-0.00052,0.70684,0.00055,0.70738,1,3,0.99829,0.05190,0.00724,-0.02600,0.07389,0.08042,0.63117,0,1
1768333700.930004,-0.01647,0.01816,-0.93667,-0.00122,-0.00310,0.00090,0.57353,0.00092,0.22805,-0.00052,0.70684,0.00055,0.70738,1,3,0.99829,0.05190,0.00724,-0.02600,0.07389,0.08042,0.63117,0,1
1768333700.931998,-0.01487,0.02561,-0.87666,0.00149,-0.00187,0.00013,0.57349,0.00092,0.22805,-0.00052,0.70684,0.00055,0.70738,1,3,0.99829,0.05190,0.00724,-0.02600,0.07389,0.08042,0.63117,0,1
1768333700.933994,-0.01447,0.03520,-0.83112,0.00073,-0.00188,0.00070,0.57345,0.00092,0.22805,-0.00052,0.70683,0.00055,0.70738,1,3,0.99829,0.05190,0.00724,-0.02600,0.07389,0.08042,0.63117,0,1
1768333700.935990,-0.02381,0.00162,-0.87602,0.00229,-0.00213,0.00001,0.57345,0.00092,0.22805,-0.00052,0.70683,0.00055,0.70738,1,3,0.99829,0.05190,0.00724,-0.02600,0.07389,0.08042,0.63117,0,1
1768333700.938003,-0.01841,0.02760,-0.88410,0.00042,-0.00170,0.00067,0.57341,0.00092,0.22805,-0.00052,0.70683,0.00055,0.70738,1,3,0.99829,0.05190,0.00724,-0.02600,0.07389,0.08042,0.63117,0,1
1768333700.940007,0.00634,0.01187,-0.86098,0.00067,-0.00122,0.00107,0.57341,0.00092,0.22805,-0.00052,0.70683,0.00055,0.70738,1,3,0.99829,0.05190,0.00724,-0.02600,0.07389,0.08042,0.63117,0,1
1768333700.941993,-0.02318,0.01053,-0.80779,0.00109,-0.00138,0.00060,0.57337,0.00092,0.22805,-0.00052,0.70683,0.00055,0.70738,1,3,0.99829,0.05190,0.00724,-0.02600,0.07389,0.08042,0.63117,0,1
1768333700.944028,0.00241,0.04479,-0.92268,0.00085,-0.00209,0.00034,0.57337,0.00092,0.22805,-0.00052,0.70683,0.00055,0.70738,1,3,0.99829,0.05190,0.00724,-0.02600,0.07389,0.08042,0.63117,0,1
1768333700.945997,-0.01561,0.01064,-1.00547,0.00218,-0.00159,0.00003,0.57337,0.00092,0.22805,-0.00052,0.70683,0.00055,0.70738,1,3,0.99829,0.05190,0.00724,-0.02600,0.07389,0.08042,0.63117,0,1
1768333700.948025,-0.01506,-0.00914,-0.94394,0.00150,-0.00183,0.00062,0.57332,0.00092,0.22805,-0.00052,0.70683,0.00055,0.70738,1,3,0.99829,0.05190,0.00724,-0.02600,0.07389,0.08042,0.63117,0,1
1768333700.950035,-0.01252,0.00735,-0.88400,0.00280,-0.00023,0.00039,0.57332,0.00092,0.22805,-0.00052,0.70683,0.00055,0.70738,1,3,0.99829,0.05190,0.00724,-0.02600,0.07389,0.08042,0.63117,0,1
1768333700.952013,-0.03186,0.02559,-0.88407,0.00127,-0.00154,0.00054,0.57328,0.00092,0.22806,-0.00052,0.70682,0.00055,0.70739,1,3,0.99829,0.05190,0.00724,-0.02600,0.07389,0.08042,0.63117,0,1
1768333700.954018,0.00372,0.02076,-0.97490,-0.00010,-0.00347,0.00058,0.57328,0.00092,0.22806,-0.00052,0.70682,0.00055,0.70739,1,3,0.99829,0.05190,0.00724,-0.02600,0.07389,0.08042,0.63117,0,1
1768333700.956016,0.01578,-0.00674,-0.96685,0.00066,-0.00297,0.00031,0.57324,0.00092,0.22806,-0.00052,0.70682,0.00055,0.70739,1,3,0.99829,0.05190,0.00724,-0.02600,0.07389,0.08042,0.63117,0,1
1768333700.958020,0.00631,-0.02152,-0.89060,0.00157,-0.00221,0.00038,0.57324,0.00092,0.22806,-0.00052,0.70682,0.00055,0.70739,1,3,0.99838,0.05141,0.00501,-0.02400,0.07371,0.08051,0.63157,0,1
1768333700.960032,-0.02484,-0.01840,-0.89077,0.00314,-0.00146,0.00014,0.57320,0.00092,0.22805,-0.00052,0.70683,0.00055,0.70739,1,3,0.99838,0.05141,0.00501,-0.02400,0.07371,0.08051,0.63157,0,1
1768333700.962025,-0.02690,-0.00702,-0.95947,0.00087,-0.00106,-0.00005,0.57320,0.00092,0.22805,-0.00052,0.70683,0.00055,0.70739,1,3,0.99838,0.05141,0.00501,-0.02400,0.07371,0.08051,0.63157,0,1
1768333700.964027,0.00237,0.01606,-1.04312,0.00115,-0.00345,0.00066,0.57316,0.00092,0.22806,-0.00052,0.70682,0.00055,0.70739,1,3,0.99838,0.05141,0.00501,-0.02400,0.07371,0.08051,0.63157,0,1
1768333700.966037,-0.00608,0.00700,-0.92130,0.00148,-0.00386,0.00064,0.57312,0.00092,0.22805,-0.00052,0.70683,0.00055,0.70739,1,3,0.99838,0.05141,0.00501,-0.02400,0.07371,0.08051,0.63157,0,1
1768333700.968026,-0.00586,0.01078,-0.80032,0.00109,-0.00210,0.00019,0.57312,0.00092,0.22805,-0.00052,0.70683,0.00055,0.70739,1,3,0.99838,0.05141,0.00501,-0.02400,0.07371,0.08051,0.63157,0,1
1768333700.970052,-0.02430,-0.01964,-0.86796,0.00203,-0.00032,0.00056,0.57308,0.00091,0.22806,-0.00052,0.70682,0.00055,0.70739,1,3,0.99838,0.05141,0.00501,-0.02400,0.07371,0.08051,0.63157,0,1
1768333700.972023,-0.01391,0.00994,-0.99785,0.00042,-0.00136,0.00004,0.57308,0.00091,0.22806,-0.00052,0.70682,0.00055,0.70739,1,3,0.99838,0.05141,0.00501,-0.02400,0.07371,0.08051,0.63157,0,1
1768333700.974031,-0.02104,0.02835,-1.02846,0.00305,-0.00191,0.00055,0.57304,0.00091,0.22805,-0.00052,0.70683,0.00055,0.70739,1,3,0.99838,0.05141,0.00501,-0.02400,0.07371,0.08051,0.63157,0,1
1768333700.976018,-0.00370,0.00808,-0.91406,0.00259,-0.00173,0.00076,0.57304,0.00091,0.22805,-0.00052,0.70683,0.00055,0.70739,1,3,0.99838,0.05141,0.00501,-0.02400,0.07371,0.08051,0.63157,0,1
1768333700.978051,-0.02426,-0.01886,-0.83746,0.00226,-0.00121,0.00058,0.57300,0.00091,0.22806,-0.00052,0.70682,0.00055,0.70739,1,3,0.99838,0.05141,0.00501,-0.02400,0.07371,0.08051,0.63157,0,1
1768333700.980053,-0.00968,-0.02198,-0.86799,0.00069,-0.00127,0.00001,0.57300,0.00091,0.22806,-0.00052,0.70682,0.00055,0.70739,1,3,0.99838,0.05141,0.00501,-0.02400,0.07371,0.08051,0.63157,0,1
1768333700.982065,-0.00837,-0.01936,-0.88302,0.00291,-0.00102,0.00093,0.57300,0.00091,0.22806,-0.00052,0.70682,0.00055,0.70739,1,3,0.99838,0.05141,0.00501,-0.02400,0.07371,0.08051,0.63157,0,1
1768333700.984031,0.00268,0.03487,-0.91471,0.00051,-0.00221,0.00062,0.57300,0.00091,0.22806,-0.00052,0.70682,0.00055,0.70739,1,3,0.99838,0.05141,0.00501,-0.02400,0.07371,0.08051,0.63157,0,1
1768333700.986047,-0.02399,0.04360,-0.93774,0.00083,0.00002,0.00116,0.57296,0.00091,0.22806,-0.00052,0.70682,0.00055,0.70739,1,3,0.99838,0.05141,0.00501,-0.02400,0.07371,0.08051,0.63157,0,1
1768333700.988037,-0.01487,0.04047,-0.89222,0.00145,-0.00201,0.00011,0.57292,0.00091,0.22806,-0.00052,0.70682,0.00055,0.70739,1,3,0.99838,0.05141,0.00501,-0.02400,0.07371,0.08051,0.63157,0,1
1768333700.990035,-0.01459,0.02062,-0.86110,0.00099,-0.00212,0.00068,0.57292,0.00091,0.22806,-0.00052,0.70682,0.00055,0.70739,1,3,0.99838,0.05141,0.00501,-0.02400,0.07371,0.08051,0.63157,0,1
1768333700.992072,-0.01976,-0.00121,-0.86054,0.00204,-0.00204,0.00069,0.57292,0.00091,0.22806,-0.00052,0.70682,0.00055,0.70739,1,3,0.99838,0.05141,0.00501,-0.02400,0.07371,0.08051,0.63157,0,1
1768333700.994058,0.00530,0.00977,-0.92902,-0.00198,-0.00272,0.00089,0.57288,0.00091,0.22806,-0.00052,0.70682,0.00055,0.70739,1,3,0.99838,0.05141,0.00501,-0.02400,0.07371,0.08051,0.63157,0,1
1768333700.996045,-0.01818,0.00139,-1.00526,-0.00012,-0.00002,0.00044,0.57288,0.00091,0.22806,-0.00052,0.70682,0.00055,0.70739,1,3,0.99844,0.05038,0.00445,-0.02375,0.07352,0.08059,0.63185,0,1
1768333700.998076,-0.02877,-0.02119,-0.97396,0.00245,-0.00152,0.00075,0.57284,0.00091,0.22806,-0.00052,0.70682,0.00055,0.70739,1,3,0.99844,0.05038,0.00445,-0.02375,0.07352,0.08059,0.63185,0,1
1768333701.000047,0.01112,-0.00433,-0.87577,0.00091,-0.00254,0.00052,0.57284,0.00091,0.22806,-0.00052,0.70682,0.00055,0.70739,1,3,0.99844,0.05038,0.00445,-0.02375,0.07352,0.08059,0.63185,0,1
1768333701.002046,0.00014,-0.01806,-0.91319,0.00337,-0.00289,0.00091,0.57280,0.00091,0.22806,-0.00052,0.70683,0.00055,0.70739,1,3,0.99844,0.05038,0.00445,-0.02375,0.07352,0.08059,0.63185,0,1
1768333701.004043,-0.00246,-0.01744,-0.98170,0.00119,-0.00133,0.00099,0.57280,0.00091,0.22806,-0.00052,0.70683,0.00055,0.70739,1,3,0.99844,0.05038,0.00445,-0.02375,0.07352,0.08059,0.63185,0,1
1768333701.006077,-0.00287,-0.01150,-0.95916,0.00213,-0.00210,0.00047,0.57276,0.00091,0.22805,-0.00052,0.70683,0.00055,0.70738,1,3,0.99844,0.05038,0.00445,-0.02375,0.07352,0.08059,0.63185,0,1
1768333701.008064,-0.00230,0.03277,-0.89192,0.00136,-0.00215,0.00051,0.57272,0.00091,0.22805,-0.00052,0.70683,0.00055,0.70738,1,3,0.99844,0.05038,0.00445,-0.02375,0.07352,0.08059,0.63185,0,1
1768333701.010062,0.00021,0.00579,-0.89906,0.00322,-0.00166,0.00023,0.57268,0.00091,0.22805,-0.00052,0.70683,0.00055,0.70738,1,3,0.99844,0.05038,0.00445,-0.02375,0.07352,0.08059,0.63185,0,1
1768333701.012063,-0.02406,0.02070,-0.97524,0.00208,-0.00162,0.00019,0.57268,0.00091,0.22805,-0.00052,0.70683,0.00055,0.70738,1,3,0.99844,0.05038,0.00445,-0.02375,0.07352,0.08059,0.63185,0,1
1768333701.014127,-0.01934,0.01777,-1.00547,0.00139,-0.00154,0.00044,0.57264,0.00091,0.22805,-0.00052,0.70683,0.00055,0.70738,1,3,0.99844,0.05038,0.00445,-0.02375,0.07352,0.08059,0.63185,0,1
1768333701.016081,-0.02024,0.00805,-0.88365,0.00215,-0.00128,0.00080,0.57264,0.00091,0.22805,-0.00052,0.70683,0.00055,0.70738,1,3,0.99844,0.05038,0.00445,-0.02375,0.07352,0.08059,0.63185,0,1
1768333701.018056,0.01070,-0.00413,-0.83020,0.00135,-0.00254,0.00056,0.57264,0.00091,0.22805,-0.00052,0.70683,0.00055,0.70738,1,3,0.99844,0.05038,0.00445,-0.02375,0.07352,0.08059,0.63185,0,1
1768333701.020067,-0.00926,-0.01087,-0.86813,0.00083,-0.00281,-0.00026,0.57260,0.00091,0.22805,-0.00052,0.70683,0.00055,0.70738,1,3,0.99844,0.05038,0.00445,-0.02375,0.07352,0.08059,0.63185,0,1
1768333701.022084,-0.02438,0.02043,-0.96753,0.00208,-0.00136,0.00060,0.57256,0.00091,0.22805,-0.00052,0.70683,0.00055,0.70738,1,3,0.99844,0.05038,0.00445,-0.02375,0.07352,0.08059,0.63185,0,1
1768333701.024061,-0.01131,0.02997,-0.98244,-0.00239,-0.00316,0.00113,0.57256,0.00091,0.22805,-0.00052,0.70683,0.00055,0.70738,1,3,0.99844,0.05038,0.00445,-0.02375,0.07352,0.08059,0.63185,0,1
1768333701.026055,0.00209,0.03591,-0.89940,0.00140,-0.00322,0.00063,0.57256,0.00091,0.22805,-0.00052,0.70683,0.00055,0.70738,1,3,0.99844,0.05038,0.00445,-0.02375,0.07352,0.08059,0.63185,0,1
1768333701.028083,-0.01392,0.00131,-0.83023,0.00076,-0.00263,0.00045,0.57256,0.00091,0.22805,-0.00052,0.70683,0.00055,0.70738,1,3,0.99844,0.05038,0.00445,-0.02375,0.07352,0.08059,0.63185,0,1
1768333701.030091,-0.02446,-0.00879,-0.87579,0.00260,-0.00135,0.00028,0.57252,0.00091,0.22806,-0.00052,0.70683,0.00055,0.70739,1,3,0.99844,0.05038,0.00445,-0.02375,0.07352,0.08059,0.63185,0,1
1768333701.032081,-0.02352,0.01078,-0.95188,0.00131,-0.00199,0.00089,0.57252,0.00091,0.22806,-0.00052,0.70683,0.00055,0.70739,1,3,0.99844,0.05038,0.00445,-0.02375,0.07352,0.08059,0.63185,0,1
1768333701.034068,-0.00231,0.01352,-1.01297,0.00178,-0.00277,0.00015,0.57248,0.00091,0.22806,-0.00052,0.70683,0.00055,0.70739,1,3,0.99844,0.05038,0.00445,-0.02375,0.07352,0.08059,0.63185,0,1
1768333701.036061,-0.00999,0.00891,-0.95209,0.00129,-0.00293,-0.00006,0.57248,0.00091,0.22806,-0.00052,0.70683,0.00055,0.70739,1,3,0.99834,0.04966,0.00865,-0.02782,0.07321,0.08053,0.63098,0,1
1768333701.038096,-0.03047,-0.01373,-0.84485,0.00014,-0.00215,0.00086,0.57244,0.00091,0.22806,-0.00052,0.70683,0.00055,0.70739,1,3,0.99834,0.04966,0.00865,-0.02782,0.07321,0.08053,0.63098,0,1
1768333701.040124,0.00689,-0.02692,-0.84488,0.00085,-0.00184,0.00055,0.57244,0.00091,0.22806,-0.00052,0.70683,0.00055,0.70739,1,3,0.99834,0.04966,0.00865,-0.02782,0.07321,0.08053,0.63098,0,1
1768333701.042111,-0.02006,-0.00212,-0.91368,0.00181,-0.00114,0.00105,0.57240,0.00091,0.22806,-0.00052,0.70683,0.00055,0.70739,1,3,0.99834,0.04966,0.00865,-0.02782,0.07321,0.08053,0.63098,0,1
1768333701.044125,-0.01057,0.02210,-0.98278,0.00079,-0.00127,0.00071,0.57240,0.00091,0.22806,-0.00052,0.70683,0.00055,0.70739,1,3,0.99834,0.04966,0.00865,-0.02782,0.07321,0.08053,0.63098,0,1
1768333701.046104,-0.01560,0.02339,-0.96005,0.00081,0.00032,0.00127,0.57236,0.00091,0.22806,-0.00052,0.70683,0.00055,0.70739,1,3,0.99834,0.04966,0.00865,-0.02782,0.07321,0.08053,0.63098,0,1
1768333701.048145,-0.00378,0.00533,-0.88341,-0.00116,-0.00262,0.00066,0.57232,0.00091,0.22805,-0.00052,0.70683,0.00055,0.70738,1,3,0.99834,0.04966,0.00865,-0.02782,0.07321,0.08053,0.63098,0,1
1768333701.050641,-0.01623,-0.04792,-0.89760,0.00322,-0.00180,0.00013,0.57228,0.00091,0.22806,-0.00052,0.70683,0.00055,0.70738,1,3,0.99834,0.04966,0.00865,-0.02782,0.07321,0.08053,0.63098,0,1
1768333701.052094,0.00130,0.00028,-0.89092,0.00162,-0.00178,0.00119,0.57228,0.00091,0.22806,-0.00052,0.70683,0.00055,0.70738,1,3,0.99834,0.04966,0.00865,-0.02782,0.07321,0.08053,0.63098,0,1
1768333701.054099,-0.01158,-0.00654,-0.95140,0.00197,-0.00212,0.00115,0.57228,0.00091,0.22806,-0.00052,0.70683,0.00055,0.70738,1,3,0.99834,0.04966,0.00865,-0.02782,0.07321,0.08053,0.63098,0,1
1768333701.056088,-0.02448,0.01661,-0.99792,0.00291,-0.00238,-0.00009,0.57224,0.00091,0.22806,-0.00052,0.70682,0.00055,0.70739,1,3,0.99834,0.04966,0.00865,-0.02782,0.07321,0.08053,0.63098,0,1
1768333701.058077,-0.04512,0.02406,-0.95230,0.00212,-0.00213,0.00037,0.57224,0.00091,0.22806,-0.00052,0.70682,0.00055,0.70739,1,3,0.99834,0.04966,0.00865,-0.02782,0.07321,0.08053,0.63098,0,1
1768333701.060119,-0.01261,0.00471,-0.89865,0.00364,-0.00302,0.00052,0.57220,0.00091,0.22806,-0.00052,0.70682,0.00055,0.70739,1,3,0.99834,0.04966,0.00865,-0.02782,0.07321,0.08053,0.63098,0,1
1768333701.062128,-0.02489,0.00495,-0.79193,-0.00051,-0.00427,0.00063,0.57220,0.00091,0.22806,-0.00052,0.70682,0.00055,0.70739,1,3,0.99834,0.04966,0.00865,-0.02782,0.07321,0.08053,0.63098,0,1
1768333701.064099,-0.01379,0.00155,-0.88316,0.00054,-0.00325,0.00081,0.57220,0.00091,0.22806,-0.00052,0.70682,0.00055,0.70739,1,3,0.99834,0.04966,0.00865,-0.02782,0.07321,0.08053,0.63098,0,1
1768333701.066091,0.00124,-0.00538,-0.93678,0.00177,-0.00064,0.00047,0.57216,0.00091,0.22806,-0.00052,0.70682,0.00055,0.70739,1,3,0.99834,0.04966,0.00865,-0.02782,0.07321,0.08053,0.63098,0,1
1768333701.068180,-0.01626,-0.00534,-0.89883,0.00221,0.00008,0.00052,0.57216,0.00091,0.22806,-0.00052,0.70682,0.00055,0.70739,1,3,0.99834,0.04966,0.00865,-0.02782,0.07321,0.08053,0.63098,0,1
1768333701.070129,-0.02145,0.00383,-0.92919,0.00363,-0.00164,0.00050,0.57212,0.00091,0.22806,-0.00052,0.70683,0.00055,0.70739,1,3,0.99834,0.04966,0.00865,-0.02782,0.07321,0.08053,0.63098,0,1
1768333701.072112,0.00734,0.00339,-0.89105,0.00057,-0.00300,0.00051,0.57212,0.00091,0.22806,-0.00052,0.70683,0.00055,0.70739,1,3,0.99834,0.04966,0.00865,-0.02782,0.07321,0.08053,0.63098,0,1
1768333701.074096,-0.01143,-0.02096,-0.93594,0.00224,-0.00237,0.00077,0.57208,0.00091,0.22806,-0.00052,0.70683,0.00055,0.70738,1,3,0.99834,0.04966,0.00865,-0.02782,0.07321,0.08053,0.63098,0,1
1768333701.076122,-0.00743,-0.02938,-0.92075,0.00213,-0.00114,0.00077,0.57208,0.00091,0.22806,-0.00052,0.70683,0.00055,0.70738,1,3,0.99853,0.04943,0.00319,-0.02217,0.07310,0.08069,0.63195,0,1
1768333701.078135,-0.02922,-0.03167,-0.91297,0.00254,-0.00062,0.00107,0.57204,0.00091,0.22805,-0.00052,0.70683,0.00055,0.70738,1,3,0.99853,0.04943,0.00319,-0.02217,0.07310,0.08069,0.63195,0,1
1768333701.080181,-0.00837,-0.00385,-0.95922,0.00310,-0.00204,0.00087,0.57204,0.00091,0.22805,-0.00052,0.70683,0.00055,0.70738,1,3,0.99853,0.04943,0.00319,-0.02217,0.07310,0.08069,0.63195,0,1
1768333701.082107,-0.01181,-0.02987,-1.01935,0.00322,-0.00325,0.00017,0.57199,0.00091,0.22805,-0.00052,0.70683,0.00055,0.70738,1,3,0.99853,0.04943,0.00319,-0.02217,0.07310,0.08069,0.63195,0,1
1768333701.084128,-0.01254,-0.02131,-0.95886,0.00310,-0.00159,0.00075,0.57195,0.00091,0.22805,-0.00052,0.70683,0.00055,0.70738,1,3,0.99853,0.04943,0.00319,-0.02217,0.07310,0.08069,0.63195,0,1
1768333701.086137,-0.01247,-0.01653,-0.80755,0.00338,-0.00074,-0.00008,0.57195,0.00091,0.22805,-0.00052,0.70683,0.00055,0.70738,1,3,0.99853,0.04943,0.00319,-0.02217,0.07310,0.08069,0.63195,0,1
1768333701.088107,-0.01220,-0.03155,-0.83720,0.00276,-0.00097,0.00071,0.57191,0.00091,0.22805,-0.00052,0.70683,0.00055,0.70738,1,3,0.99853,0.04943,0.00319,-0.02217,0.07310,0.08069,0.63195,0,1
1768333701.090121,0.00143,-0.00972,-0.97482,0.00215,-0.00115,-0.00023,0.57191,0.00091,0.22805,-0.00052,0.70683,0.00055,0.70738,1,3,0.99853,0.04943,0.00319,-0.02217,0.07310,0.08069,0.63195,0,1
1768333701.092122,0.00324,-0.04052,-1.04204,0.00462,-0.00227,0.00040,0.57187,0.00091,0.22805,-0.00052,0.70684,0.00055,0.70737,1,3,0.99853,0.04943,0.00319,-0.02217,0.07310,0.08069,0.63195,0,1
1768333701.094151,-0.02917,-0.00037,-0.91363,0.00314,-0.00256,0.00066,0.57187,0.00091,0.22805,-0.00052,0.70684,0.00055,0.70737,1,3,0.99853,0.04943,0.00319,-0.02217,0.07310,0.08069,0.63195,0,1
1768333701.096144,-0.00769,-0.01392,-0.82973,0.00232,-0.00192,0.00125,0.57183,0.00091,0.22805,-0.00052,0.70684,0.00055,0.70738,1,3,0.99853,0.04943,0.00319,-0.02217,0.07310,0.08069,0.63195,0,1
1768333701.098129,-0.00357,-0.01011,-0.94381,0.00324,-0.00349,0.00048,0.57183,0.00091,0.22805,-0.00052,0.70684,0.00055,0.70738,1,3,0.99853,0.04943,0.00319,-0.02217,0.07310,0.08069,0.63195,0,1
1768333701.100123,0.02545,-0.03052,-1.04254,0.00278,-0.00064,0.00064,0.57179,0.00091,0.22805,-0.00052,0.70683,0.00055,0.70738,1,3,0.99853,0.04943,0.00319,-0.02217,0.07310,0.08069,0.63195,0,1
1768333701.102171,0.01874,-0.01716,-0.93644,0.00513,-0.00083,0.00099,0.57179,0.00091,0.22805,-0.00052,0.70683,0.00055,0.70738,1,3,0.99853,0.04943,0.00319,-0.02217,0.07310,0.08069,0.63195,0,1
1768333701.104129,-0.01255,0.00305,-0.83074,0.00318,-0.00075,0.00016,0.57179,0.00091,0.22805,-0.00052,0.70683,0.00055,0.70738,1,3,0.99853,0.04943,0.00319,-0.02217,0.07310,0.08069,0.63195,0,1
1768333701.106118,0.00000,-0.01825,-0.86803,0.00380,-0.00215,0.00013,0.57175,0.00091,0.22805,-0.00052,0.70683,0.00055,0.70738,1,3,0.99853,0.04943,0.00319,-0.02217,0.07310,0.08069,0.63195,0,1
1768333701.108126,0.00383,-0.03104,-0.95853,0.00364,-0.00216,0.00100,0.57175,0.00091,0.22805,-0.00052,0.70683,0.00055,0.70738,1,3,0.99853,0.04943,0.00319,-0.02217,0.07310,0.08069,0.63195,0,1
1768333701.110152,-0.00915,-0.02945,-0.90552,0.00344,-0.00061,0.00119,0.57171,0.00091,0.22805,-0.00052,0.70683,0.00055,0.70738,1,3,0.99853,0.04943,0.00319,-0.02217,0.07310,0.08069,0.63195,0,1
1768333701.112118,0.00756,0.02449,-0.84653,0.00366,-0.00036,0.00053,0.57171,0.00091,0.22805,-0.00052,0.70683,0.00055,0.70738,1,3,0.99853,0.04943,0.00319,-0.02217,0.07310,0.08069,0.63195,0,1
1768333701.114133,0.00040,-0.00435,-0.90631,0.00287,-0.00152,0.00050,0.57167,0.00091,0.22805,-0.00052,0.70683,0.00055,0.70738,1,3,0.99848,0.04825,0.00374,-0.02619,0.07288,0.08071,0.63183,0,1
1768333701.116141,0.00063,0.04017,-0.98315,0.00232,-0.00218,0.00083,0.57167,0.00091,0.22805,-0.00052,0.70683,0.00055,0.70738,1,3,0.99848,0.04825,0.00374,-0.02619,0.07288,0.08071,0.63183,0,1
1768333701.118151,0.03009,-0.00054,-0.95169,0.00336,-0.00416,0.00058,0.57163,0.00091,0.22805,-0.00052,0.70683,0.00055,0.70739,1,3,0.99848,0.04825,0.00374,-0.02619,0.07288,0.08071,0.63183,0,1
1768333701.120153,-0.01229,-0.02052,-0.85259,0.00333,-0.00225,0.00043,0.57159,0.00091,0.22806,-0.00052,0.70683,0.00055,0.70739,1,3,0.99848,0.04825,0.00374,-0.02619,0.07288,0.08071,0.63183,0,1
1768333701.122151,0.01643,-0.01478,-0.81534,0.00384,-0.00058,0.00001,0.57159,0.00091,0.22806,-0.00052,0.70683,0.00055,0.70739,1,3,0.99848,0.04825,0.00374,-0.02619,0.07288,0.08071,0.63183,0,1
1768333701.124152,-0.03016,-0.03214,-0.95127,0.00341,0.00040,0.00063,0.57155,0.00091,0.22805,-0.00052,0.70683,0.00055,0.70739,1,3,0.99848,0.04825,0.00374,-0.02619,0.07288,0.08071,0.63183,0,1
1768333701.126188,0.04082,0.02488,-1.03621,0.00432,-0.00214,0.00075,0.57155,0.00091,0.22805,-0.00052,0.70683,0.00055,0.70739,1,3,0.99848,0.04825,0.00374,-0.02619,0.07288,0.08071,0.63183,0,1
1768333701.128191,-0.00836,-0.00794,-0.97463,0.00392,-0.00256,-0.00022,0.57151,0.00091,0.22806,-0.00052,0.70683,0.00055,0.70739,1,3,0.99848,0.04825,0.00374,-0.02619,0.07288,0.08071,0.63183,0,1
1768333701.130152,-0.02052,-0.02535,-0.89811,0.00327,-0.00214,0.00013,0.57151,0.00091,0.22806,-0.00052,0.70683,0.00055,0.70739,1,3,0.99848,0.04825,0.00374,-0.02619,0.07288,0.08071,0.63183,0,1
1768333701.132191,-0.00359,-0.03548,-0.88279,0.00337,-0.00222,-0.00001,0.57147,0.00091,0.22805,-0.00052,0.70683,0.00055,0.70739,1,3,0.99848,0.04825,0.00374,-0.02619,0.07288,0.08071,0.63183,0,1
1768333701.134161,-0.01362,-0.02582,-0.95887,0.00436,-0.00158,0.00048,0.57147,0.00091,0.22805,-0.00052,0.70683,0.00055,0.70739,1,3,0.99848,0.04825,0.00374,-0.02619,0.07288,0.08071,0.63183,0,1
1768333701.136178,-0.01247,-0.00612,-0.92138,0.00329,-0.00187,0.00037,0.57143,0.00091,0.22805,-0.00052,0.70683,0.00055,0.70739,1,3,0.99848,0.04825,0.00374,-0.02619,0.07288,0.08071,0.63183,0,1
1768333701.138180,-0.00482,0.00280,-0.94457,0.00362,-0.00082,0.00047,0.57143,0.00091,0.22805,-0.00052,0.70683,0.00055,0.70739,1,3,0.99848,0.04825,0.00374,-0.02619,0.07288,0.08071,0.63183,0,1
1768333701.140146,-0.02387,-0.01482,-0.89091,0.00165,-0.00033,0.00040,0.57139,0.00091,0.22805,-0.00052,0.70683,0.00055,0.70739,1,3,0.99848,0.04825,0.00374,-0.02619,0.07288,0.08071,0.63183,0,1
1768333701.142149,-0.01288,-0.00166,-0.95187,0.00334,-0.00136,0.00061,0.57139,0.00091,0.22805,-0.00052,0.70683,0.00055,0.70739,1,3,0.99848,0.04825,0.00374,-0.02619,0.07288,0.08071,0.63183,0,1
1768333701.144156,0.01300,0.00726,-0.91422,0.00258,-0.00117,0.00075,0.57139,0.00091,0.22805,-0.00052,0.70683,0.00055,0.70739,1,3,0.99848,0.04825,0.00374,-0.02619,0.07288,0.08071,0.63183,0,1
1768333701.146143,0.00508,0.00322,-0.94441,0.00253,-0.00209,0.00046,0.57135,0.00091,0.22805,-0.00052,0.70683,0.00055,0.70739,1,3,0.99848,0.04825,0.00374,-0.02619,0.07288,0.08071,0.63183,0,1
1768333701.148178,-0.02992,-0.02159,-0.89817,0.00332,-0.00050,0.00081,0.57135,0.00091,0.22805,-0.00052,0.70683,0.00055,0.70739,1,3,0.99848,0.04825,0.00374,-0.02619,0.07288,0.08071,0.63183,0,1
1768333701.150173,-0.00428,0.00295,-0.88376,0.00318,-0.00109,0.00052,0.57131,0.00091,0.22805,-0.00052,0.70683,0.00055,0.70738,1,3,0.99848,0.04825,0.00374,-0.02619,0.07288,0.08071,0.63183,0,1
1768333701.152179,-0.00330,-0.01131,-0.91360,0.00257,-0.00210,0.00050,0.57131,0.00091,0.22805,-0.00052,0.70683,0.00055,0.70738,1,3,0.99848,0.04825,0.00374,-0.02619,0.07288,0.08071,0.63183,0,1
1768333701.154166,-0.00496,0.00541,-0.98221,-0.00007,-0.00247,0.00059,0.57127,0.00091,0.22805,-0.00052,0.70683,0.00055,0.70739,1,3,0.99858,0.04829,0.00410,-0.02218,0.07266,0.08076,0.63184,0,1
1768333701.156183,0.01156,0.00730,-1.02064,0.00389,-0.00089,0.00066,0.57127,0.00091,0.22805,-0.00052,0.70683,0.00055,0.70739,1,3,0.99858,0.04829,0.00410,-0.02218,0.07266,0.08076,0.63184,0,1
1768333701.158185,-0.02164,-0.01428,-0.87511,-0.00052,-0.00212,0.00123,0.57123,0.00091,0.22805,-0.00052,0.70683,0.00055,0.70738,1,3,0.99858,0.04829,0.00410,-0.02218,0.07266,0.08076,0.63184,0,1
1768333701.160187,-0.01961,-0.03053,-0.85233,0.00234,-0.00215,0.00030,0.57123,0.00091,0.22805,-0.00052,0.70683,0.00055,0.70738,1,3,0.99858,0.04829,0.00410,-0.02218,0.07266,0.08076,0.63184,0,1
1768333701.162184,-0.00442,-0.03716,-0.88275,0.00313,-0.00029,0.00080,0.57123,0.00091,0.22805,-0.00052,0.70683,0.00055,0.70738,1,3,0.99858,0.04829,0.00410,-0.02218,0.07266,0.08076,0.63184,0,1
1768333701.164181,-0.01906,-0.04266,-0.97389,0.00590,-0.00126,-0.00007,0.57115,0.00091,0.22805,-0.00052,0.70684,0.00055,0.70738,1,3,0.99858,0.04829,0.00410,-0.02218,0.07266,0.08076,0.63184,0,1
1768333701.166181,-0.02599,-0.03308,-0.90565,0.00427,-0.00118,0.00013,0.57115,0.00091,0.22805,-0.00052,0.70684,0.00055,0.70738,1,3,0.99858,0.04829,0.00410,-0.02218,0.07266,0.08076,0.63184,0,1
1768333701.168189,0.02104,-0.01246,-0.86073,0.00322,-0.00100,0.00051,0.57110,0.00091,0.22805,-0.00052,0.70684,0.00055,0.70738,1,3,0.99858,0.04829,0.00410,-0.02218,0.07266,0.08076,0.63184,0,1
1768333701.170247,-0.00889,-0.00455,-0.89102,0.00331,-0.00089,0.00092,0.57110,0.00091,0.22805,-0.00052,0.70684,0.00055,0.70738,1,3,0.99858,0.04829,0.00410,-0.02218,0.07266,0.08076,0.63184,0,1
1768333701.172199,-0.00094,-0.00962,-1.04315,0.00412,-0.00073,0.00012,0.57106,0.00091,0.22805,-0.00052,0.70684,0.00055,0.70738,1,3,0.99858,0.04829,0.00410,-0.02218,0.07266,0.08076,0.63184,0,1
1768333701.174193,0.00296,-0.00215,-1.08132,0.00443,-0.00091,0.00008,0.57106,0.00091,0.22805,-0.00052,0.70684,0.00055,0.70738,1,3,0.99858,0.04829,0.00410,-0.02218,0.07266,0.08076,0.63184,0,1
1768333701.176178,-0.00140,-0.00887,-0.98231,0.00478,-0.00137,0.00017,0.57102,0.00091,0.22805,-0.00052,0.70684,0.00055,0.70737,1,3,0.99858,0.04829,0.00410,-0.02218,0.07266,0.08076,0.63184,0,1
1768333701.178199,-0.02563,-0.02427,-0.89061,0.00329,-0.00030,0.00067,0.57102,0.00091,0.22805,-0.00052,0.70684,0.00055,0.70737,1,3,0.99858,0.04829,0.00410,-0.02218,0.07266,0.08076,0.63184,0,1
1768333701.180160,-0.01257,-0.04051,-0.91284,0.00353,-0.00197,0.00052,0.57098,0.00091,0.22804,-0.00052,0.70684,0.00055,0.70737,1,3,0.99858,0.04829,0.00410,-0.02218,0.07266,0.08076,0.63184,0,1
1768333701.182171,-0.02130,-0.05527,-0.93543,0.00400,-0.00147,0.00011,0.57098,0.00091,0.22804,-0.00052,0.70684,0.00055,0.70737,1,3,0.99858,0.04829,0.00410,-0.02218,0.07266,0.08076,0.63184,0,1
1768333701.184186,-0.01504,-0.04559,-1.02677,0.00565,-0.00116,0.00056,0.57098,0.00091,0.22804,-0.00052,0.70684,0.00055,0.70737,1,3,0.99858,0.04829,0.00410,-0.02218,0.07266,0.08076,0.63184,0,1
1768333701.186188,-0.02284,-0.00361,-0.91342,0.00092,-0.00263,0.00093,0.57094,0.00091,0.22805,-0.00052,0.70684,0.00055,0.70737,1,3,0.99858,0.04829,0.00410,-0.02218,0.07266,0.08076,0.63184,0,1
1768333701.188196,-0.01613,-0.01431,-0.85275,0.00232,-0.00106,0.00083,0.57094,0.00091,0.22805,-0.00052,0.70684,0.00055,0.70737,1,3,0.99858,0.04829,0.00410,-0.02218,0.07266,0.08076,0.63184,0,1
1768333701.190198,-0.00251,-0.04085,-0.86740,0.00221,-0.00210,0.00014,0.57091,0.00091,0.22805,-0.00052,0.70684,0.00055,0.70737,1,3,0.99858,0.04829,0.00410,-0.02218,0.07266,0.08076,0.63184,0,1
1768333701.192185,0.01024,-0.03630,-0.93596,0.00555,-0.00110,0.00074,0.57091,0.00091,0.22805,-0.00052,0.70684,0.00055,0.70737,1,3,0.99854,0.04710,0.00930,-0.02495,0.07234,0.08072,0.63093,0,1
1768333701.194210,0.01107,-0.04717,-0.95883,0.00476,0.00004,0.00018,0.57087,0.00091,0.22805,-0.00052,0.70684,0.00055,0.70737,1,3,0.99854,0.04710,0.00930,-0.02495,0.07234,0.08072,0.63093,0,1
1768333701.196190,-0.00107,0.02721,-0.93748,0.00020,-0.00178,0.00020,0.57087,0.00091,0.22805,-0.00052,0.70684,0.00055,0.70737,1,3,0.99854,0.04710,0.00930,-0.02495,0.07234,0.08072,0.63093,0,1
1768333701.198201,-0.01260,0.00405,-0.98229,0.00341,-0.00238,0.00045,0.57082,0.00091,0.22804,-0.00052,0.70684,0.00055,0.70737,1,3,0.99854,0.04710,0.00930,-0.02495,0.07234,0.08072,0.63093,0,1
1768333701.200196,-0.00822,-0.00836,-0.93636,0.00326,-0.00242,0.00062,0.57082,0.00091,0.22804,-0.00052,0.70684,0.00055,0.70737,1,3,0.99854,0.04710,0.00930,-0.02495,0.07234,0.08072,0.63093,0,1
1768333701.202194,-0.00335,-0.02632,-0.86770,0.00261,-0.00171,0.00054,0.57078,0.00091,0.22805,-0.00052,0.70684,0.00055,0.70738,1,3,0.99854,0.04710,0.00930,-0.02495,0.07234,0.08072,0.63093,0,1
1768333701.204575,0.01278,-0.03243,-0.86759,0.00276,-0.00075,0.00106,0.57074,0.00091,0.22805,-0.00052,0.70683,0.00055,0.70738,1,3,0.99854,0.04710,0.00930,-0.02495,0.07234,0.08072,0.63093,0,1
1768333701.206221,0.00223,0.00285,-0.95987,0.00493,-0.00066,0.00045,0.57074,0.00091,0.22805,-0.00052,0.70683,0.00055,0.70738,1,3,0.99854,0.04710,0.00930,-0.02495,0.07234,0.08072,0.63093,0,1
1768333701.208215,0.00258,-0.00266,-1.05829,0.00421,-0.00051,0.00091,0.57070,0.00091,0.22805,-0.00052,0.70684,0.00055,0.70738,1,3,0.99854,0.04710,0.00930,-0.02495,0.07234,0.08072,0.63093,0,1
1768333701.210207,-0.01563,-0.00004,-0.99004,0.00183,-0.00069,0.00031,0.57070,0.00091,0.22805,-0.00052,0.70684,0.00055,0.70738,1,3,0.99854,0.04710,0.00930,-0.02495,0.07234,0.08072,0.63093,0,1
1768333701.212212,0.01022,-0.00472,-0.81514,0.00156,-0.00164,0.00056,0.57066,0.00091,0.22805,-0.00052,0.70684,0.00055,0.70737,1,3,0.99854,0.04710,0.00930,-0.02495,0.07234,0.08072,0.63093,0,1
1768333701.214211,-0.02491,-0.03788,-0.82165,0.00312,-0.00182,0.00074,0.57066,0.00091,0.22805,-0.00052,0.70684,0.00055,0.70737,1,3,0.99854,0.04710,0.00930,-0.02495,0.07234,0.08072,0.63093,0,1
1768333701.216219,-0.02932,-0.00570,-0.92889,0.00329,-0.00192,0.00038,0.57062,0.00091,0.22805,-0.00052,0.70684,0.00055,0.70738,1,3,0.99854,0.04710,0.00930,-0.02495,0.07234,0.08072,0.63093,0,1
1768333701.218213,-0.02273,0.00534,-0.99745,0.00059,-0.00162,0.00059,0.57062,0.00091,0.22805,-0.00052,0.70684,0.00055,0.70738,1,3,0.99854,0.04710,0.00930,-0.02495,0.07234,0.08072,0.63093,0,1
1768333701.220209,-0.00380,-0.01199,-0.96690,0.00278,-0.00120,0.00046,0.57062,0.00091,0.22805,-0.00052,0.70684,0.00055,0.70738,1,3,0.99854,0.04710,0.00930,-0.02495,0.07234,0.08072,0.63093,0,1
1768333701.222232,-0.01984,-0.02562,-0.79901,0.00218,-0.00227,0.00102,0.57058,0.00091,0.22805,-0.00052,0.70684,0.00055,0.70737,1,3,0.99854,0.04710,0.00930,-0.02495,0.07234,0.08072,0.63093,0,1
1768333701.224229,-0.00297,-0.00256,-0.94413,0.00159,-0.00121,0.00101,0.57058,0.00091,0.22805,-0.00052,0.70684,0.00055,0.70737,1,3,0.99854,0.04710,0.00930,-0.02495,0.07234,0.08072,0.63093,0,1
1768333701.226204,0.00924,0.00444,-0.99777,0.00211,-0.00086,0.00055,0.57054,0.00091,0.22804,-0.00052,0.70684,0.00055,0.70737,1,3,0.99854,0.04710,0.00930,-0.02495,0.07234,0.08072,0.63093,0,1
1768333701.228220,-0.00330,-0.03191,-1.04987,0.00232,-0.00131,0.00053,0.57054,0.00091,0.22804,-0.00052,0.70684,0.00055,0.70737,1,3,0.99854,0.04710,0.00930,-0.02495,0.07234,0.08072,0.63093,0,1
1768333701.230212,0.01176,-0.02741,-0.96692,0.00412,-0.00024,0.00004,0.57050,0.00091,0.22804,-0.00052,0.70685,0.00055,0.70737,1,3,0.99854,0.04710,0.00930,-0.02495,0.07234,0.08072,0.63093,0,1
1768333701.232221,-0.01264,-0.01580,-0.87561,0.00361,-0.00187,0.00027,0.57050,0.00091,0.22804,-0.00052,0.70685,0.00055,0.70737,1,3,0.99854,0.04710,0.00930,-0.02495,0.07234,0.08072,0.63093,0,1
1768333701.234204,-0.02920,-0.02890,-0.98125,0.00388,-0.00368,0.00021,0.57046,0.00091,0.22804,-0.00052,0.70685,0.00055,0.70737,1,3,0.99854,0.04710,0.00930,-0.02495,0.07234,0.08072,0.63093,0,1
1768333701.236311,0.00431,-0.01491,-1.02701,0.00362,-0.00408,0.00095,0.57046,0.00091,0.22804,-0.00052,0.70685,0.00055,0.70737,1,3,0.99859,0.04667,0.00759,-0.02421,0.07217,0.08080,0.63141,0,1
1768333701.238214,-0.01632,-0.02347,-0.95878,0.00286,-0.00193,0.00062,0.57042,0.00091,0.22804,-0.00052,0.70685,0.00055,0.70737,1,3,0.99859,0.04667,0.00759,-0.02421,0.07217,0.08080,0.63141,0,1
1768333701.240221,-0.03891,-0.04497,-0.89003,0.00456,-0.00127,0.00029,0.57042,0.00091,0.22804,-0.00052,0.70685,0.00055,0.70737,1,3,0.99859,0.04667,0.00759,-0.02421,0.07217,0.08080,0.63141,0,1
1768333701.242232,-0.04308,-0.01547,-0.85231,0.00033,-0.00264,0.00073,0.57038,0.00091,0.22804,-0.00052,0.70685,0.00055,0.70737,1,3,0.99859,0.04667,0.00759,-0.02421,0.07217,0.08080,0.63141,0,1
1768333701.244208,0.00035,-0.00886,-0.95922,0.00304,-0.00214,0.00060,0.57033,0.00091,0.22804,-0.00052,0.70685,0.00055,0.70736,1,3,0.99859,0.04667,0.00759,-0.02421,0.07217,0.08080,0.63141,0,1
1768333701.246217,0.00022,0.01500,-0.99807,0.00289,-0.00115,0.00029,0.57033,0.00091,0.22804,-0.00052,0.70685,0.00055,0.70736,1,3,0.99859,0.04667,0.00759,-0.02421,0.07217,0.08080,0.63141,0,1
1768333701.248340,0.02359,-0.01458,-0.95193,0.00494,-0.00103,0.00030,0.57029,0.00091,0.22803,-0.00052,0.70685,0.00055,0.70736,1,3,0.99859,0.04667,0.00759,-0.02421,0.07217,0.08080,0.63141,0,1
1768333701.250327,-0.00782,-0.00478,-0.84578,0.00265,-0.00054,0.00015,0.57029,0.00091,0.22803,-0.00052,0.70685,0.00055,0.70736,1,3,0.99859,0.04667,0.00759,-0.02421,0.07217,0.08080,0.63141,0,1
1768333701.252266,0.00865,-0.00011,-0.89885,0.00271,-0.00098,0.00076,0.57025,0.00091,0.22803,-0.00052,0.70685,0.00055,0.70736,1,3,0.99859,0.04667,0.00759,-0.02421,0.07217,0.08080,0.63141,0,1
1768333701.254261,-0.00385,0.00340,-0.98997,0.00297,-0.00198,0.00044,0.57025,0.00091,0.22803,-0.00052,0.70685,0.00055,0.70736,1,3,0.99859,0.04667,0.00759,-0.02421,0.07217,0.08080,0.63141,0,1
1768333701.256237,-0.00962,0.02375,-1.00558,0.00300,0.00025,0.00163,0.57021,0.00091,0.22803,-0.00052,0.70686,0.00055,0.70736,1,3,0.99859,0.04667,0.00759,-0.02421,0.07217,0.08080,0.63141,0,1
1768333701.258238,-0.00420,0.00687,-0.86891,0.00279,0.00017,0.00039,0.57021,0.00091,0.22803,-0.00052,0.70686,0.00055,0.70736,1,3,0.99859,0.04667,0.00759,-0.02421,0.07217,0.08080,0.63141,0,1
1768333701.260267,0.00490,-0.01707,-0.83763,0.00250,-0.00118,0.00069,0.57021,0.00091,0.22803,-0.00052,0.70686,0.00055,0.70736,1,3,0.99859,0.04667,0.00759,-0.02421,0.07217,0.08080,0.63141,0,1
1768333701.262259,-0.00004,-0.06380,-0.93525,0.00346,-0.00096,0.00049,0.57017,0.00091,0.22803,-0.00052,0.70686,0.00055,0.70736,1,3,0.99859,0.04667,0.00759,-0.02421,0.07217,0.08080,0.63141,0,1
1768333701.264245,0.00199,-0.01634,-1.02017,0.00557,-0.00114,0.00014,0.57017,0.00091,0.22803,-0.00052,0.70686,0.00055,0.70736,1,3,0.99859,0.04667,0.00759,-0.02421,0.07217,0.08080,0.63141,0,1
1768333701.266230,-0.02579,0.00509,-0.90660,0.00321,-0.00007,0.00065,0.57017,0.00091,0.22803,-0.00052,0.70686,0.00055,0.70736,1,3,0.99859,0.04667,0.00759,-0.02421,0.07217,0.08080,0.63141,0,1
1768333701.268258,-0.01741,0.00970,-0.86799,0.00020,-0.00423,0.00083,0.57013,0.00091,0.22803,-0.00052,0.70686,0.00055,0.70736,1,3,0.99859,0.04667,0.00759,-0.02421,0.07217,0.08080,0.63141,0,1
1768333701.270230,0.00080,-0.01394,-0.93624,0.00254,-0.00214,0.00075,0.57009,0.00091,0.22802,-0.00052,0.70686,0.00055,0.70735,1,3,0.99859,0.04667,0.00759,-0.02421,0.07217,0.08080,0.63141,0,1
1768333701.272243,-0.01633,-0.00853,-0.95931,0.00304,-0.00195,0.00021,0.57009,0.00091,0.22802,-0.00052,0.70686,0.00055,0.70735,1,3,0.99867,0.04583,0.00957,-0.02149,0.07181,0.08096,0.63191,0,1
1768333701.274230,0.00010,-0.03863,-0.93573,0.00333,-0.00174,0.00062,0.57009,0.00091,0.22802,-0.00052,0.70686,0.00055,0.70735,1,3,0.99867,0.04583,0.00957,-0.02149,0.07181,0.08096,0.63191,0,1
1768333701.276253,-0.01702,-0.03889,-0.89021,0.00333,-0.00077,0.00067,0.57005,0.00091,0.22802,-0.00052,0.70686,0.00055,0.70735,1,3,0.99867,0.04583,0.00957,-0.02149,0.07181,0.08096,0.63191,0,1
1768333701.278263,0.00398,-0.03184,-0.93604,0.00342,-0.00103,0.00061,0.57000,0.00091,0.22802,-0.00052,0.70686,0.00055,0.70735,1,3,0.99867,0.04583,0.00957,-0.02149,0.07181,0.08096,0.63191,0,1
1768333701.280247,0.00351,-0.02193,-1.01979,0.00375,-0.00115,0.00068,0.57000,0.00091,0.22802,-0.00052,0.70686,0.00055,0.70735,1,3,0.99867,0.04583,0.00957,-0.02149,0.07181,0.08096,0.63191,0,1
1768333701.282253,0.01624,0.00989,-1.05857,0.00348,-0.00145,0.00076,0.56996,0.00091,0.22802,-0.00052,0.70686,0.00055,0.70736,1,3,0.99867,0.04583,0.00957,-0.02149,0.07181,0.08096,0.63191,0,1
1768333701.284251,0.01200,-0.01644,-1.05009,0.00382,-0.00226,0.00092,0.56992,0.00091,0.22802,-0.00052,0.70686,0.00055,0.70736,1,3,0.99867,0.04583,0.00957,-0.02149,0.07181,0.08096,0.63191,0,1
1768333701.286253,-0.02085,-0.05545,-0.92765,0.00335,-0.00160,0.00052,0.56992,0.00091,0.22802,-0.00052,0.70686,0.00055,0.70736,1,3,0.99867,0.04583,0.00957,-0.02149,0.07181,0.08096,0.63191,0,1
1768333701.288263,-0.01950,-0.06661,-0.85934,0.00671,-0.00162,-0.00010,0.56988,0.00091,0.22803,-0.00052,0.70686,0.00055,0.70736,1,3,0.99867,0.04583,0.00957,-0.02149,0.07181,0.08096,0.63191,0,1
1768333701.290247,-0.00436,-0.04545,-0.86748,0.00412,-0.00170,-0.00013,0.56988,0.00091,0.22803,-0.00052,0.70686,0.00055,0.70736,1,3,0.99867,0.04583,0.00957,-0.02149,0.07181,0.08096,0.63191,0,1
1768333701.292265,-0.00196,-0.02092,-0.95883,0.00158,-0.00287,0.00034,0.56984,0.00091,0.22802,-0.00052,0.70686,0.00055,0.70736,1,3,0.99867,0.04583,0.00957,-0.02149,0.07181,0.08096,0.63191,0,1
1768333701.294312,0.01144,-0.01719,-1.05803,0.00425,-0.00099,0.00050,0.56984,0.00091,0.22802,-0.00052,0.70686,0.00055,0.70736,1,3,0.99867,0.04583,0.00957,-0.02149,0.07181,0.08096,0.63191,0,1
1768333701.296321,-0.01741,-0.00825,-1.01233,0.00392,-0.00218,0.00057,0.56984,0.00091,0.22802,-0.00052,0.70686,0.00055,0.70736,1,3,0.99867,0.04583,0.00957,-0.02149,0.07181,0.08096,0.63191,0,1
1768333701.298367,-0.00073,-0.01908,-0.91342,0.00379,-0.00136,0.00090,0.56984,0.00091,0.22802,-0.00052,0.70686,0.00055,0.70736,1,3,0.99867,0.04583,0.00957,-0.02149,0.07181,0.08096,0.63191,0,1
1768333701.300255,-0.00781,-0.04261,-0.92034,0.00328,-0.00266,0.00038,0.56980,0.00091,0.22803,-0.00052,0.70685,0.00055,0.70736,1,3,0.99867,0.04583,0.00957,-0.02149,0.07181,0.08096,0.63191,0,1
1768333701.302254,0.03253,-0.02910,-0.98927,0.00454,-0.00200,0.00068,0.56980,0.00091,0.22803,-0.00052,0.70685,0.00055,0.70736,1,3,0.99867,0.04583,0.00957,-0.02149,0.07181,0.08096,0.63191,0,1
1768333701.304254,-0.01223,-0.05327,-1.02674,0.00687,-0.00043,0.00056,0.56976,0.00091,0.22803,-0.00052,0.70685,0.00055,0.70737,1,3,0.99867,0.04583,0.00957,-0.02149,0.07181,0.08096,0.63191,0,1
1768333701.306249,-0.00075,-0.03894,-0.95103,0.00398,-0.00109,0.00061,0.56976,0.00091,0.22803,-0.00052,0.70685,0.00055,0.70737,1,3,0.99867,0.04583,0.00957,-0.02149,0.07181,0.08096,0.63191,0,1
1768333701.308285,0.00009,-0.04534,-0.90538,0.00740,-0.00110,0.00064,0.56972,0.00091,0.22803,-0.00052,0.70685,0.00055,0.70737,1,3,0.99867,0.04583,0.00957,-0.02149,0.07181,0.08096,0.63191,0,1
1768333701.310278,-0.00035,0.00623,-0.92181,0.00388,-0.00203,0.00022,0.56972,0.00091,0.22803,-0.00052,0.70685,0.00055,0.70737,1,3,0.99859,0.04458,0.01023,-0.02705,0.07151,0.08091,0.63107,0,1
1768333701.312297,0.01942,-0.00172,-1.03556,0.00487,-0.00187,0.00051,0.56968,0.00091,0.22803,-0.00052,0.70685,0.00055,0.70737,1,3,0.99859,0.04458,0.01023,-0.02705,0.07151,0.08091,0.63107,0,1
1768333701.314274,0.01837,-0.00335,-0.97478,0.00486,0.00019,0.00136,0.56968,0.00091,0.22803,-0.00052,0.70685,0.00055,0.70737,1,3,0.99859,0.04458,0.01023,-0.02705,0.07151,0.08091,0.63107,0,1
1768333701.316388,-0.01374,0.02228,-0.87685,0.00385,0.00002,0.00039,0.56964,0.00091,0.22804,-0.00052,0.70684,0.00055,0.70737,1,3,0.99859,0.04458,0.01023,-0.02705,0.07151,0.08091,0.63107,0,1
1768333701.318314,-0.01716,0.00114,-0.92162,0.00359,-0.00144,0.00037,0.56960,0.00091,0.22804,-0.00052,0.70683,0.00055,0.70738,1,3,0.99859,0.04458,0.01023,-0.02705,0.07151,0.08091,0.63107,0,1
1768333701.320287,0.02021,-0.02147,-1.01976,0.00420,-0.00211,0.00066,0.56960,0.00091,0.22804,-0.00052,0.70683,0.00055,0.70738,1,3,0.99859,0.04458,0.01023,-0.02705,0.07151,0.08091,0.63107,0,1
1768333701.322297,0.00323,-0.04117,-0.98139,0.00439,-0.00139,0.00045,0.56957,0.00091,0.22805,-0.00052,0.70683,0.00055,0.70738,1,3,0.99859,0.04458,0.01023,-0.02705,0.07151,0.08091,0.63107,0,1
1768333701.324290,0.00694,-0.03356,-0.85991,0.00471,-0.00157,0.00094,0.56957,0.00091,0.22805,-0.00052,0.70683,0.00055,0.70738,1,3,0.99859,0.04458,0.01023,-0.02705,0.07151,0.08091,0.63107,0,1
1768333701.326274,-0.02624,-0.01199,-0.87546,0.00475,-0.00285,0.00042,0.56952,0.00091,0.22805,-0.00052,0.70683,0.00055,0.70738,1,3,0.99859,0.04458,0.01023,-0.02705,0.07151,0.08091,0.63107,0,1
1768333701.328318,0.01170,0.02252,-1.05132,0.00386,-0.00154,0.00063,0.56952,0.00091,0.22805,-0.00052,0.70683,0.00055,0.70738,1,3,0.99859,0.04458,0.01023,-0.02705,0.07151,0.08091,0.63107,0,1
1768333701.330322,-0.01195,-0.02218,-1.14874,0.00702,-0.00260,0.00046,0.56948,0.00091,0.22804,-0.00052,0.70683,0.00055,0.70738,1,3,0.99859,0.04458,0.01023,-0.02705,0.07151,0.08091,0.63107,0,1
1768333701.332296,-0.00934,-0.04073,-0.92034,0.00549,-0.00417,-0.00002,0.56948,0.00091,0.22804,-0.00052,0.70683,0.00055,0.70738,1,3,0.99859,0.04458,0.01023,-0.02705,0.07151,0.08091,0.63107,0,1
1768333701.334288,-0.00714,-0.04271,-0.79121,0.00263,-0.00255,0.00048,0.56944,0.00091,0.22805,-0.00052,0.70683,0.00055,0.70738,1,3,0.99859,0.04458,0.01023,-0.02705,0.07151,0.08091,0.63107,0,1
1768333701.336287,-0.03003,-0.01561,-0.95896,0.00383,-0.00177,0.00063,0.56944,0.00091,0.22805,-0.00052,0.70683,0.00055,0.70738,1,3,0.99859,0.04458,0.01023,-0.02705,0.07151,0.08091,0.63107,0,1
1768333701.338303,-0.00580,-0.01652,-1.11868,0.00469,-0.00129,0.00047,0.56944,0.00091,0.22805,-0.00052,0.70683,0.00055,0.70738,1,3,0.99859,0.04458,0.01023,-0.02705,0.07151,0.08091,0.63107,0,1
1768333701.340297,0.02014,-0.04017,-1.00403,0.00484,-0.00312,0.00042,0.56940,0.00091,0.22805,-0.00052,0.70683,0.00055,0.70738,1,3,0.99859,0.04458,0.01023,-0.02705,0.07151,0.08091,0.63107,0,1
1768333701.342295,0.01222,-0.01987,-0.70070,0.00444,-0.00319,0.00052,0.56940,0.00091,0.22805,-0.00052,0.70683,0.00055,0.70738,1,3,0.99859,0.04458,0.01023,-0.02705,0.07151,0.08091,0.63107,0,1
1768333701.344301,-0.01269,-0.05570,-0.85938,0.00356,-0.00132,0.00056,0.56936,0.00091,0.22804,-0.00052,0.70684,0.00055,0.70738,1,3,0.99859,0.04458,0.01023,-0.02705,0.07151,0.08091,0.63107,0,1
1768333701.346297,0.00246,0.00713,-1.13498,0.00476,-0.00002,-0.00023,0.56936,0.00091,0.22804,-0.00052,0.70684,0.00055,0.70738,1,3,0.99859,0.04458,0.01023,-0.02705,0.07151,0.08091,0.63107,0,1
1768333701.348314,-0.00654,-0.02016,-1.17928,0.00596,-0.00255,0.00016,0.56932,0.00091,0.22804,-0.00052,0.70684,0.00055,0.70738,1,3,0.99868,0.04408,0.00966,-0.02460,0.07128,0.08096,0.63113,0,1
1768333701.350301,0.00017,-0.01846,-0.89843,0.00358,-0.00202,0.00011,0.56932,0.00091,0.22804,-0.00052,0.70684,0.00055,0.70738,1,3,0.99868,0.04408,0.00966,-0.02460,0.07128,0.08096,0.63113,0,1
1768333701.352311,-0.02097,-0.02094,-0.82988,0.00333,-0.00138,0.00045,0.56928,0.00091,0.22804,-0.00052,0.70684,0.00055,0.70737,1,3,0.99868,0.04408,0.00966,-0.02460,0.07128,0.08096,0.63113,0,1
1768333701.354315,0.03345,-0.06831,-1.00341,0.00407,-0.00249,0.00054,0.56928,0.00091,0.22804,-0.00052,0.70684,0.00055,0.70737,1,3,0.99868,0.04408,0.00966,-0.02460,0.07128,0.08096,0.63113,0,1
1768333701.356292,0.01908,-0.07016,-1.07177,0.00579,-0.00231,0.00037,0.56928,0.00091,0.22804,-0.00052,0.70684,0.00055,0.70737,1,3,0.99868,0.04408,0.00966,-0.02460,0.07128,0.08096,0.63113,0,1
1768333701.358325,0.02250,-0.04335,-0.92076,0.00634,-0.00150,0.00034,0.56924,0.00091,0.22804,-0.00052,0.70684,0.00055,0.70737,1,3,0.99868,0.04408,0.00966,-0.02460,0.07128,0.08096,0.63113,0,1
1768333701.360312,-0.00634,0.01760,-0.86912,0.00489,-0.00019,0.00052,0.56924,0.00091,0.22804,-0.00052,0.70684,0.00055,0.70737,1,3,0.99868,0.04408,0.00966,-0.02460,0.07128,0.08096,0.63113,0,1
1768333701.362343,0.00309,0.00246,-1.05099,0.00405,-0.00066,0.00038,0.56916,0.00091,0.22804,-0.00052,0.70684,0.00055,0.70737,1,3,0.99868,0.04408,0.00966,-0.02460,0.07128,0.08096,0.63113,0,1
1768333701.364314,0.01579,-0.04829,-1.08732,0.00453,-0.00241,0.00076,0.56916,0.00091,0.22804,-0.00052,0.70684,0.00055,0.70737,1,3,0.99868,0.04408,0.00966,-0.02460,0.07128,0.08096,0.63113,0,1
1768333701.366334,0.00295,-0.05536,-0.89759,0.00510,-0.00164,0.00011,0.56912,0.00091,0.22804,-0.00052,0.70684,0.00055,0.70737,1,3,0.99868,0.04408,0.00966,-0.02460,0.07128,0.08096,0.63113,0,1
1768333701.368340,-0.01472,-0.01113,-0.73913,0.00520,-0.00071,0.00064,0.56912,0.00091,0.22804,-0.00052,0.70684,0.00055,0.70737,1,3,0.99868,0.04408,0.00966,-0.02460,0.07128,0.08096,0.63113,0,1
1768333701.370335,-0.01734,-0.00996,-0.93665,0.00324,-0.00003,0.00062,0.56908,0.00091,0.22804,-0.00052,0.70684,0.00055,0.70738,1,3,0.99868,0.04408,0.00966,-0.02460,0.07128,0.08096,0.63113,0,1
1768333701.372335,0.00681,-0.00480,-1.08879,0.00462,-0.00082,0.00034,0.56908,0.00091,0.22804,-0.00052,0.70684,0.00055,0.70738,1,3,0.99868,0.04408,0.00966,-0.02460,0.07128,0.08096,0.63113,0,1
1768333701.374358,0.03658,-0.01614,-0.98215,0.00514,-0.00258,0.00014,0.56904,0.00091,0.22804,-0.00052,0.70684,0.00055,0.70737,1,3,0.99868,0.04408,0.00966,-0.02460,0.07128,0.08096,0.63113,0,1
1768333701.376329,0.00780,-0.02812,-0.78419,0.00434,-0.00211,0.00046,0.56904,0.00091,0.22804,-0.00052,0.70684,0.00055,0.70737,1,3,0.99868,0.04408,0.00966,-0.02460,0.07128,0.08096,0.63113,0,1
1768333701.378332,-0.01397,-0.01734,-0.81520,0.00425,0.00056,0.00031,0.56900,0.00091,0.22804,-0.00052,0.70684,0.00055,0.70738,1,3,0.99868,0.04408,0.00966,-0.02460,0.07128,0.08096,0.63113,0,1
1768333701.380338,0.00676,-0.02985,-1.05756,0.00431,-0.00054,0.00105,0.56900,0.00091,0.22804,-0.00052,0.70684,0.00055,0.70738,1,3,0.99868,0.04408,0.00966,-0.02460,0.07128,0.08096,0.63113,0,1
1768333701.382318,0.01688,-0.02620,-1.06535,0.00720,-0.00130,0.00076,0.56900,0.00091,0.22804,-0.00052,0.70684,0.00055,0.70738,1,3,0.99868,0.04408,0.00966,-0.02460,0.07128,0.08096,0.63113,0,1
1768333701.384337,-0.01341,0.00382,-0.89867,0.00385,-0.00186,0.00092,0.56896,0.00091,0.22804,-0.00052,0.70684,0.00055,0.70738,1,3,0.99868,0.04408,0.00966,-0.02460,0.07128,0.08096,0.63113,0,1
1768333701.386340,-0.01724,-0.02816,-0.84489,0.00390,-0.00155,0.00044,0.56896,0.00091,0.22804,-0.00052,0.70684,0.00055,0.70738,1,3,0.99868,0.04408,0.00966,-0.02460,0.07128,0.08096,0.63113,0,1
1768333701.388335,-0.02106,-0.04909,-0.96560,0.00408,-0.00325,0.00036,0.56892,0.00091,0.22804,-0.00052,0.70684,0.00055,0.70738,1,3,0.99868,0.04408,0.00966,-0.02460,0.07128,0.08096,0.63113,0,1
1768333701.390319,0.01717,-0.04524,-1.06485,0.00740,-0.00206,0.00050,0.56892,0.00091,0.22804,-0.00052,0.70684,0.00055,0.70738,1,3,0.99868,0.04408,0.00966,-0.02460,0.07128,0.08096,0.63113,0,1
1768333701.392321,0.00365,-0.05302,-0.97364,0.00797,-0.00075,0.00058,0.56888,0.00091,0.22804,-0.00052,0.70684,0.00055,0.70738,1,3,0.99868,0.04408,0.00966,-0.02460,0.07128,0.08096,0.63113,0,1
1768333701.394371,0.00167,-0.01213,-0.89140,0.00562,0.00011,0.00010,0.56888,0.00091,0.22804,-0.00052,0.70684,0.00055,0.70738,1,3,0.99870,0.04334,0.00675,-0.02594,0.07107,0.08103,0.63119,0,1
1768333701.396349,-0.01522,-0.04534,-1.00415,0.00609,-0.00117,0.00017,0.56884,0.00091,0.22805,-0.00052,0.70683,0.00055,0.70738,1,3,0.99870,0.04334,0.00675,-0.02594,0.07107,0.08103,0.63119,0,1
1768333701.398354,-0.00652,-0.02087,-1.08031,0.00529,-0.00191,0.00104,0.56884,0.00091,0.22805,-0.00052,0.70683,0.00055,0.70738,1,3,0.99870,0.04334,0.00675,-0.02594,0.07107,0.08103,0.63119,0,1
1768333701.400389,0.02335,-0.03745,-0.98907,0.00597,-0.00304,0.00015,0.56880,0.00091,0.22804,-0.00052,0.70684,0.00055,0.70738,1,3,0.99870,0.04334,0.00675,-0.02594,0.07107,0.08103,0.63119,0,1
1768333701.402351,-0.00919,-0.09691,-0.87357,0.00481,-0.00184,0.00029,0.56880,0.00091,0.22804,-0.00052,0.70684,0.00055,0.70738,1,3,0.99870,0.04334,0.00675,-0.02594,0.07107,0.08103,0.63119,0,1
1768333701.404381,0.00571,-0.05965,-0.89762,0.00548,0.00062,0.00077,0.56876,0.00091,0.22804,-0.00052,0.70684,0.00055,0.70737,1,3,0.99870,0.04334,0.00675,-0.02594,0.07107,0.08103,0.63119,0,1
1768333701.406353,0.00143,-0.04076,-1.04981,0.00615,-0.00136,0.00039,0.56872,0.00091,0.22804,-0.00052,0.70684,0.00055,0.70737,1,3,0.99870,0.04334,0.00675,-0.02594,0.07107,0.08103,0.63119,0,1
1768333701.408371,0.02239,-0.02688,-1.08035,0.00697,-0.00379,0.00021,0.56872,0.00091,0.22804,-0.00052,0.70684,0.00055,0.70737,1,3,0.99870,0.04334,0.00675,-0.02594,0.07107,0.08103,0.63119,0,1
1768333701.410355,-0.01440,0.01507,-0.93687,0.00529,-0.00313,0.00062,0.56868,0.00091,0.22804,-0.00052,0.70684,0.00055,0.70737,1,3,0.99870,0.04334,0.00675,-0.02594,0.07107,0.08103,0.63119,0,1
1768333701.412500,0.02290,-0.05776,-0.92047,0.00638,-0.00188,-0.00006,0.56868,0.00091,0.22804,-0.00052,0.70684,0.00055,0.70737,1,3,0.99870,0.04334,0.00675,-0.02594,0.07107,0.08103,0.63119,0,1
1768333701.414382,-0.01609,-0.05420,-1.01164,0.00751,-0.00179,-0.00037,0.56864,0.00091,0.22804,-0.00052,0.70684,0.00055,0.70737,1,3,0.99870,0.04334,0.00675,-0.02594,0.07107,0.08103,0.63119,0,1
1768333701.416354,-0.01242,-0.03950,-0.98861,0.00376,-0.00336,0.00046,0.56864,0.00091,0.22804,-0.00052,0.70684,0.00055,0.70737,1,3,0.99870,0.04334,0.00675,-0.02594,0.07107,0.08103,0.63119,0,1
1768333701.418346,-0.02774,0.02267,-0.93724,0.00604,-0.00260,0.00022,0.56860,0.00091,0.22804,-0.00052,0.70684,0.00055,0.70738,1,3,0.99870,0.04334,0.00675,-0.02594,0.07107,0.08103,0.63119,0,1
1768333701.420360,0.00616,0.05244,-0.89991,0.00116,-0.00252,0.00076,0.56860,0.00091,0.22804,-0.00052,0.70684,0.00055,0.70738,1,3,0.99870,0.04334,0.00675,-0.02594,0.07107,0.08103,0.63119,0,1
1768333701.422343,0.00794,-0.03055,-1.05016,0.00321,0.00008,0.00065,0.56856,0.00091,0.22804,-0.00052,0.70683,0.00055,0.70738,1,3,0.99870,0.04334,0.00675,-0.02594,0.07107,0.08103,0.63119,0,1
1768333701.424384,0.00128,-0.06584,-1.03431,0.00650,-0.00046,-0.00013,0.56856,0.00091,0.22804,-0.00052,0.70683,0.00055,0.70738,1,3,0.99870,0.04334,0.00675,-0.02594,0.07107,0.08103,0.63119,0,1
1768333701.426386,-0.00463,-0.06225,-0.85942,0.00807,-0.00103,0.00055,0.56856,0.00091,0.22804,-0.00052,0.70683,0.00055,0.70738,1,3,0.99870,0.04334,0.00675,-0.02594,0.07107,0.08103,0.63119,0,1
1768333701.428373,0.01073,-0.00146,-0.78493,0.00510,-0.00140,0.00071,0.56852,0.00091,0.22804,-0.00052,0.70684,0.00055,0.70738,1,3,0.99870,0.04334,0.00675,-0.02594,0.07107,0.08103,0.63119,0,1
1768333701.430383,0.00947,-0.02727,-1.05006,0.00566,-0.00032,0.00118,0.56852,0.00091,0.22804,-0.00052,0.70684,0.00055,0.70738,1,3,0.99870,0.04334,0.00675,-0.02594,0.07107,0.08103,0.63119,0,1
1768333701.432367,0.02684,-0.02193,-1.09591,0.00572,-0.00130,0.00059,0.56848,0.00091,0.22804,-0.00052,0.70684,0.00055,0.70737,1,3,0.99870,0.04334,0.00675,-0.02594,0.07107,0.08103,0.63119,0,1
1768333701.434357,0.00891,-0.05000,-0.97384,0.00756,-0.00159,-0.00010,0.56848,0.00091,0.22804,-0.00052,0.70684,0.00055,0.70737,1,3,0.99870,0.04334,0.00675,-0.02594,0.07107,0.08103,0.63119,0,1
1768333701.436390,0.02024,-0.03554,-0.82942,0.00447,-0.00262,0.00082,0.56844,0.00091,0.22804,-0.00052,0.70684,0.00055,0.70737,1,3,0.99882,0.04219,0.00535,-0.02329,0.07089,0.08112,0.63157,0,1
1768333701.438371,0.00744,-0.03905,-0.96645,0.00442,-0.00094,0.00018,0.56844,0.00091,0.22804,-0.00052,0.70684,0.00055,0.70737,1,3,0.99882,0.04219,0.00535,-0.02329,0.07089,0.08112,0.63157,0,1
1768333701.440375,-0.00234,-0.03868,-1.14855,0.00551,-0.00118,0.00045,0.56840,0.00091,0.22804,-0.00052,0.70684,0.00055,0.70738,1,3,0.99882,0.04219,0.00535,-0.02329,0.07089,0.08112,0.63157,0,1
1768333701.442608,-0.02066,-0.05880,-1.03334,0.00352,-0.00399,0.00098,0.56840,0.00091,0.22804,-0.00052,0.70684,0.00055,0.70738,1,3,0.99882,0.04219,0.00535,-0.02329,0.07089,0.08112,0.63157,0,1
1768333701.444376,-0.01407,-0.08310,-0.82837,0.00607,-0.00295,-0.00021,0.56836,0.00091,0.22804,-0.00052,0.70684,0.00055,0.70738,1,3,0.99882,0.04219,0.00535,-0.02329,0.07089,0.08112,0.63157,0,1
1768333701.446375,-0.01019,-0.05231,-0.78343,0.00535,-0.00187,0.00075,0.56832,0.00091,0.22805,-0.00052,0.70683,0.00055,0.70738,1,3,0.99882,0.04219,0.00535,-0.02329,0.07089,0.08112,0.63157,0,1
1768333701.448371,-0.01556,-0.05057,-1.02682,0.00624,-0.00078,0.00029,0.56832,0.00091,0.22805,-0.00052,0.70683,0.00055,0.70738,1,3,0.99882,0.04219,0.00535,-0.02329,0.07089,0.08112,0.63157,0,1
1768333701.450390,0.00916,-0.00180,-1.19536,0.00662,-0.00098,-0.00002,0.56828,0.00091,0.22804,-0.00052,0.70683,0.00055,0.70738,1,3,0.99882,0.04219,0.00535,-0.02329,0.07089,0.08112,0.63157,0,1
1768333701.452388,-0.00250,-0.03212,-1.04977,0.00625,-0.00285,0.00040,0.56828,0.00091,0.22804,-0.00052,0.70683,0.00055,0.70738,1,3,0.99882,0.04219,0.00535,-0.02329,0.07089,0.08112,0.63157,0,1
1768333701.454404,-0.00180,-0.03960,-0.81399,0.00201,-0.00376,0.00019,0.56824,0.00091,0.22804,-0.00052,0.70684,0.00055,0.70738,1,3,0.99882,0.04219,0.00535,-0.02329,0.07089,0.08112,0.63157,0,1
1768333701.456409,-0.01224,-0.06194,-0.88190,0.00720,-0.00170,0.00095,0.56824,0.00091,0.22804,-0.00052,0.70684,0.00055,0.70738,1,3,0.99882,0.04219,0.00535,-0.02329,0.07089,0.08112,0.63157,0,1
1768333701.458380,0.01085,-0.07433,-1.03365,0.00596,-0.00285,0.00014,0.56820,0.00091,0.22805,-0.00052,0.70683,0.00055,0.70738,1,3,0.99882,0.04219,0.00535,-0.02329,0.07089,0.08112,0.63157,0,1
1768333701.460383,0.02165,-0.06206,-1.06493,0.00807,-0.00212,-0.00085,0.56820,0.00091,0.22805,-0.00052,0.70683,0.00055,0.70738,1,3,0.99882,0.04219,0.00535,-0.02329,0.07089,0.08112,0.63157,0,1
1768333701.462381,-0.02569,-0.04290,-0.82931,0.00394,-0.00131,0.00046,0.56815,0.00091,0.22804,-0.00052,0.70683,0.00055,0.70738,1,3,0.99882,0.04219,0.00535,-0.02329,0.07089,0.08112,0.63157,0,1
1768333701.464377,-0.02378,-0.03489,-0.95109,0.00622,-0.00158,0.00036,0.56815,0.00091,0.22804,-0.00052,0.70683,0.00055,0.70738,1,3,0.99882,0.04219,0.00535,-0.02329,0.07089,0.08112,0.63157,0,1
1768333701.466372,-0.00804,-0.03998,-1.05753,0.00746,-0.00151,-0.00001,0.56815,0.00091,0.22804,-0.00052,0.70683,0.00055,0.70738,1,3,0.99882,0.04219,0.00535,-0.02329,0.07089,0.08112,0.63157,0,1
1768333701.468377,-0.00392,-0.04683,-1.10283,0.00782,-0.00231,-0.00005,0.56812,0.00091,0.22805,-0.00052,0.70683,0.00055,0.70738,1,3,0.99882,0.04219,0.00535,-0.02329,0.07089,0.08112,0.63157,0,1
1768333701.470391,-0.01265,-0.05160,-0.92815,0.00820,-0.00171,-0.00017,0.56812,0.00091,0.22805,-0.00052,0.70683,0.00055,0.70738,1,3,0.99882,0.04219,0.00535,-0.02329,0.07089,0.08112,0.63157,0,1
1768333701.472375,-0.04102,-0.05401,-0.82894,0.00664,-0.00149,0.00061,0.56808,0.00091,0.22805,-0.00052,0.70683,0.00055,0.70739,1,3,0.99882,0.04219,0.00535,-0.02329,0.07089,0.08112,0.63157,0,1
1768333701.474400,-0.00344,-0.05015,-0.91239,0.00298,-0.00283,0.00079,0.56808,0.00091,0.22805,-0.00052,0.70683,0.00055,0.70739,1,3,0.99880,0.04182,0.00618,-0.02460,0.07065,0.08113,0.63127,0,1
1768333701.476371,0.02434,-0.03817,-1.02690,0.00465,-0.00278,0.00053,0.56804,0.00091,0.22805,-0.00052,0.70682,0.00055,0.70739,1,3,0.99880,0.04182,0.00618,-0.02460,0.07065,0.08113,0.63127,0,1
1768333701.478391,0.00483,-0.04188,-1.01929,0.00744,-0.00268,0.00028,0.56804,0.00091,0.22805,-0.00052,0.70682,0.00055,0.70739,1,3,0.99880,0.04182,0.00618,-0.02460,0.07065,0.08113,0.63127,0,1
1768333701.480426,0.01358,-0.03325,-0.95891,0.00668,-0.00152,0.00045,0.56799,0.00091,0.22806,-0.00052,0.70682,0.00055,0.70739,1,3,0.99880,0.04182,0.00618,-0.02460,0.07065,0.08113,0.63127,0,1
1768333701.482414,-0.03706,-0.05199,-0.98868,0.00688,-0.00115,0.00021,0.56795,0.00091,0.22806,-0.00052,0.70682,0.00055,0.70740,1,3,0.99880,0.04182,0.00618,-0.02460,0.07065,0.08113,0.63127,0,1
1768333701.484407,-0.01172,-0.06174,-1.00369,0.00720,-0.00196,0.00004,0.56795,0.00091,0.22806,-0.00052,0.70682,0.00055,0.70740,1,3,0.99880,0.04182,0.00618,-0.02460,0.07065,0.08113,0.63127,0,1
1768333701.486831,-0.02154,-0.05577,-1.00363,0.00858,-0.00260,0.00032,0.56791,0.00091,0.22806,-0.00052,0.70682,0.00055,0.70739,1,3,0.99880,0.04182,0.00618,-0.02460,0.07065,0.08113,0.63127,0,1
1768333701.488403,0.01812,-0.05025,-0.90513,0.00647,-0.00207,0.00076,0.56791,0.00091,0.22806,-0.00052,0.70682,0.00055,0.70739,1,3,0.99880,0.04182,0.00618,-0.02460,0.07065,0.08113,0.63127,0,1
1768333701.490427,-0.00806,-0.05984,-0.92030,0.00744,-0.00112,0.00024,0.56787,0.00091,0.22806,-0.00052,0.70682,0.00055,0.70740,1,3,0.99880,0.04182,0.00618,-0.02460,0.07065,0.08113,0.63127,0,1
1768333701.492408,0.01880,-0.01134,-1.03538,0.00563,-0.00185,0.00038,0.56787,0.00091,0.22806,-0.00052,0.70682,0.00055,0.70740,1,3,0.99880,0.04182,0.00618,-0.02460,0.07065,0.08113,0.63127,0,1
1768333701.494424,-0.01491,-0.01180,-1.07338,0.00518,-0.00043,0.00038,0.56783,0.00091,0.22806,-0.00052,0.70682,0.00055,0.70740,1,3,0.99880,0.04182,0.00618,-0.02460,0.07065,0.08113,0.63127,0,1
1768333701.496408,0.00155,-0.04108,-1.02707,0.00592,-0.00099,0.00041,0.56783,0.00091,0.22806,-0.00052,0.70682,0.00055,0.70740,1,3,0.99880,0.04182,0.00618,-0.02460,0.07065,0.08113,0.63127,0,1
1768333701.498403,-0.00777,-0.06969,-0.86675,0.00711,-0.00124,0.00055,0.56783,0.00091,0.22806,-0.00052,0.70682,0.00055,0.70740,1,3,0.99880,0.04182,0.00618,-0.02460,0.07065,0.08113,0.63127,0,1
1768333701.500398,0.00298,-0.02425,-0.80679,0.00526,-0.00357,0.00058,0.56783,0.00091,0.22806,-0.00052,0.70682,0.00055,0.70740,1,3,0.99880,0.04182,0.00618,-0.02460,0.07065,0.08113,0.63127,0,1
1768333701.502400,-0.00790,-0.02534,-0.98198,0.00721,-0.00128,0.00004,0.56779,0.00091,0.22806,-0.00052,0.70681,0.00055,0.70740,1,3,0.99880,0.04182,0.00618,-0.02460,0.07065,0.08113,0.63127,0,1
1768333701.504407,0.02729,-0.01141,-1.13412,0.00563,-0.00220,0.00029,0.56775,0.00091,0.22806,-0.00052,0.70681,0.00055,0.70740,1,3,0.99880,0.04182,0.00618,-0.02460,0.07065,0.08113,0.63127,0,1
1768333701.506418,0.00774,-0.05487,-1.04968,0.00860,-0.00144,-0.00002,0.56775,0.00091,0.22806,-0.00052,0.70681,0.00055,0.70740,1,3,0.99880,0.04182,0.00618,-0.02460,0.07065,0.08113,0.63127,0,1
1768333701.508522,-0.00752,-0.03561,-0.79921,0.00643,-0.00089,0.00086,0.56775,0.00091,0.22806,-0.00052,0.70681,0.00055,0.70740,1,3,0.99887,0.04055,0.00714,-0.02361,0.07023,0.08124,0.63138,0,1
1768333701.510519,-0.02858,-0.04548,-0.85924,0.00238,-0.00189,0.00112,0.56771,0.00091,0.22806,-0.00052,0.70681,0.00055,0.70740,1,3,0.99887,0.04055,0.00714,-0.02361,0.07023,0.08124,0.63138,0,1
1768333701.512429,-0.00248,-0.03896,-1.11841,0.00573,-0.00056,0.00007,0.56771,0.00091,0.22806,-0.00052,0.70681,0.00055,0.70740,1,3,0.99887,0.04055,0.00714,-0.02361,0.07023,0.08124,0.63138,0,1
1768333701.514460,0.01179,-0.07957,-1.12439,0.00480,-0.00322,0.00061,0.56763,0.00091,0.22806,-0.00052,0.70681,0.00055,0.70740,1,3,0.99887,0.04055,0.00714,-0.02361,0.07023,0.08124,0.63138,0,1
1768333701.516431,0.00149,-0.04543,-0.87510,0.00631,-0.00125,0.00026,0.56763,0.00091,0.22806,-0.00052,0.70681,0.00055,0.70740,1,3,0.99887,0.04055,0.00714,-0.02361,0.07023,0.08124,0.63138,0,1
1768333701.518461,-0.01466,-0.05430,-0.77596,0.00598,-0.00195,0.00022,0.56759,0.00091,0.22807,-0.00052,0.70681,0.00055,0.70741,1,3,0.99887,0.04055,0.00714,-0.02361,0.07023,0.08124,0.63138,0,1
1768333701.520435,-0.00233,-0.04775,-0.98895,0.00606,-0.00158,0.00004,0.56759,0.00091,0.22807,-0.00052,0.70681,0.00055,0.70741,1,3,0.99887,0.04055,0.00714,-0.02361,0.07023,0.08124,0.63138,0,1
1768333701.522431,-0.00969,-0.05183,-1.13264,0.00514,-0.00324,0.00048,0.56755,0.00091,0.22806,-0.00052,0.70681,0.00055,0.70740,1,3,0.99887,0.04055,0.00714,-0.02361,0.07023,0.08124,0.63138,0,1
1768333701.524420,-0.00353,-0.04785,-0.99628,0.00672,-0.00142,0.00084,0.56755,0.00091,0.22806,-0.00052,0.70681,0.00055,0.70740,1,3,0.99887,0.04055,0.00714,-0.02361,0.07023,0.08124,0.63138,0,1
1768333701.526437,-0.04437,-0.03229,-0.81413,0.00537,-0.00134,0.00102,0.56751,0.00091,0.22807,-0.00052,0.70681,0.00055,0.70740,1,3,0.99887,0.04055,0.00714,-0.02361,0.07023,0.08124,0.63138,0,1
1768333701.528431,-0.00620,-0.02912,-0.88258,0.00585,-0.00332,0.00067,0.56751,0.00091,0.22807,-0.00052,0.70681,0.00055,0.70740,1,3,0.99887,0.04055,0.00714,-0.02361,0.07023,0.08124,0.63138,0,1
1768333701.530443,0.02253,-0.03354,-1.07265,0.00602,-0.00200,0.00075,0.56747,0.00091,0.22806,-0.00052,0.70681,0.00055,0.70740,1,3,0.99887,0.04055,0.00714,-0.02361,0.07023,0.08124,0.63138,0,1
1768333701.532427,0.00063,-0.04454,-1.08006,0.00741,-0.00237,0.00010,0.56747,0.00091,0.22806,-0.00052,0.70681,0.00055,0.70740,1,3,0.99887,0.04055,0.00714,-0.02361,0.07023,0.08124,0.63138,0,1
1768333701.534438,0.02275,-0.01355,-0.92146,0.00604,-0.00191,0.00033,0.56747,0.00091,0.22806,-0.00052,0.70681,0.00055,0.70740,1,3,0.99887,0.04055,0.00714,-0.02361,0.07023,0.08124,0.63138,0,1
1768333701.536426,0.00976,-0.02553,-0.88325,0.00655,-0.00162,0.00010,0.56747,0.00091,0.22806,-0.00052,0.70681,0.00055,0.70740,1,3,0.99887,0.04055,0.00714,-0.02361,0.07023,0.08124,0.63138,0,1
1768333701.538423,0.01392,-0.03378,-1.05750,0.00601,-0.00139,0.00077,0.56743,0.00091,0.22806,-0.00052,0.70681,0.00055,0.70740,1,3,0.99887,0.04055,0.00714,-0.02361,0.07023,0.08124,0.63138,0,1
1768333701.540454,0.03049,-0.04417,-1.11837,0.00654,-0.00095,0.00017,0.56743,0.00091,0.22806,-0.00052,0.70681,0.00055,0.70740,1,3,0.99887,0.04055,0.00714,-0.02361,0.07023,0.08124,0.63138,0,1
1768333701.542522,-0.02233,-0.07141,-0.95029,0.00905,-0.00119,0.00036,0.56739,0.00091,0.22806,-0.00052,0.70681,0.00055,0.70740,1,3,0.99887,0.04055,0.00714,-0.02361,0.07023,0.08124,0.63138,0,1
1768333701.544445,-0.02344,-0.04031,-0.85964,0.00550,-0.00120,0.00097,0.56739,0.00091,0.22806,-0.00052,0.70681,0.00055,0.70740,1,3,0.99887,0.04055,0.00714,-0.02361,0.07023,0.08124,0.63138,0,1
1768333701.546463,0.01428,-0.03215,-0.96609,0.00625,-0.00330,0.00085,0.56735,0.00091,0.22806,-0.00052,0.70682,0.00055,0.70739,1,3,0.99888,0.03989,0.00639,-0.02462,0.07000,0.08128,0.63128,0,1
1768333701.548443,0.00134,-0.06381,-1.14790,0.00718,-0.00312,-0.00021,0.56735,0.00091,0.22806,-0.00052,0.70682,0.00055,0.70739,1,3,0.99888,0.03989,0.00639,-0.02462,0.07000,0.08128,0.63128,0,1
1768333701.550455,-0.01732,-0.05138,-0.97303,0.00449,-0.00354,0.00062,0.56731,0.00091,0.22806,-0.00052,0.70682,0.00055,0.70739,1,3,0.99888,0.03989,0.00639,-0.02462,0.07000,0.08128,0.63128,0,1
1768333701.552449,-0.01941,-0.06144,-0.81373,0.00655,-0.00201,0.00020,0.56727,0.00091,0.22806,-0.00052,0.70682,0.00055,0.70739,1,3,0.99888,0.03989,0.00639,-0.02462,0.07000,0.08128,0.63128,0,1
1768333701.554452,-0.00960,-0.03298,-0.91293,0.00449,-0.00200,0.00092,0.56723,0.00091,0.22805,-0.00052,0.70682,0.00055,0.70739,1,3,0.99888,0.03989,0.00639,-0.02462,0.07000,0.08128,0.63128,0,1
1768333701.556438,0.03400,-0.03839,-1.07241,0.00356,-0.00328,0.00048,0.56723,0.00091,0.22805,-0.00052,0.70682,0.00055,0.70739,1,3,0.99888,0.03989,0.00639,-0.02462,0.07000,0.08128,0.63128,0,1
1768333701.558464,0.00686,-0.06470,-1.08715,0.00913,-0.00153,0.00063,0.56723,0.00091,0.22805,-0.00052,0.70682,0.00055,0.70739,1,3,0.99888,0.03989,0.00639,-0.02462,0.07000,0.08128,0.63128,0,1
1768333701.560482,0.01793,-0.05011,-0.92031,0.00669,-0.00220,0.00075,0.56719,0.00090,0.22805,-0.00052,0.70683,0.00055,0.70739,1,3,0.99888,0.03989,0.00639,-0.02462,0.07000,0.08128,0.63128,0,1
1768333701.562470,-0.02953,-0.07054,-0.91967,0.00819,-0.00237,0.00040,0.56719,0.00090,0.22805,-0.00052,0.70683,0.00055,0.70739,1,3,0.99888,0.03989,0.00639,-0.02462,0.07000,0.08128,0.63128,0,1
1768333701.564455,-0.00442,-0.05681,-1.07214,0.00814,-0.00204,0.00025,0.56715,0.00090,0.22805,-0.00052,0.70683,0.00055,0.70739,1,3,0.99888,0.03989,0.00639,-0.02462,0.07000,0.08128,0.63128,0,1
1768333701.566451,-0.00451,-0.04579,-1.08753,0.00871,-0.00332,-0.00003,0.56711,0.00090,0.22805,-0.00052,0.70683,0.00055,0.70739,1,3,0.99888,0.03989,0.00639,-0.02462,0.07000,0.08128,0.63128,0,1
1768333701.568469,-0.00060,-0.06930,-0.95051,0.00864,-0.00146,0.00007,0.56711,0.00090,0.22805,-0.00052,0.70683,0.00055,0.70739,1,3,0.99888,0.03989,0.00639,-0.02462,0.07000,0.08128,0.63128,0,1
1768333701.570474,-0.02914,-0.06711,-0.88969,0.00735,-0.00061,0.00028,0.56711,0.00090,0.22805,-0.00052,0.70683,0.00055,0.70739,1,3,0.99888,0.03989,0.00639,-0.02462,0.07000,0.08128,0.63128,0,1
1768333701.572474,0.01500,-0.05257,-0.99632,0.00579,-0.00241,0.00016,0.56711,0.00090,0.22805,-0.00052,0.70683,0.00055,0.70739,1,3,0.99888,0.03989,0.00639,-0.02462,0.07000,0.08128,0.63128,0,1
1768333701.574483,-0.00156,-0.05441,-1.12560,0.00947,-0.00157,-0.00007,0.56707,0.00090,0.22805,-0.00052,0.70683,0.00055,0.70738,1,3,0.99888,0.03989,0.00639,-0.02462,0.07000,0.08128,0.63128,0,1
1768333701.576466,0.01742,-0.04083,-0.97397,0.00702,-0.00131,0.00043,0.56707,0.00090,0.22805,-0.00052,0.70683,0.00055,0.70738,1,3,0.99888,0.03989,0.00639,-0.02462,0.07000,0.08128,0.63128,0,1
1768333701.578470,0.00091,-0.04073,-0.85240,0.00659,-0.00087,0.00054,0.56703,0.00090,0.22805,-0.00052,0.70683,0.00055,0.70739,1,3,0.99888,0.03989,0.00639,-0.02462,0.07000,0.08128,0.63128,0,1
1768333701.580460,-0.00948,-0.04738,-0.92803,0.00497,-0.00213,0.00010,0.56703,0.00090,0.22805,-0.00052,0.70683,0.00055,0.70739,1,3,0.99888,0.03989,0.00639,-0.02462,0.07000,0.08128,0.63128,0,1
1768333701.582484,0.00893,-0.05932,-1.03414,0.00767,-0.00246,0.00013,0.56699,0.00090,0.22805,-0.00052,0.70683,0.00055,0.70739,1,3,0.99887,0.03915,0.00738,-0.02589,0.06976,0.08130,0.63107,0,1
1768333701.584475,0.00417,-0.05216,-1.01180,0.00819,-0.00166,-0.00026,0.56699,0.00090,0.22805,-0.00052,0.70683,0.00055,0.70739,1,3,0.99887,0.03915,0.00738,-0.02589,0.06976,0.08130,0.63107,0,1
1768333701.586492,0.01309,-0.02333,-0.89837,0.00702,-0.00140,0.00063,0.56695,0.00090,0.22805,-0.00052,0.70683,0.00055,0.70739,1,3,0.99887,0.03915,0.00738,-0.02589,0.06976,0.08130,0.63107,0,1
1768333701.588488,-0.01831,-0.04756,-0.85214,0.00519,-0.00140,0.00017,0.56695,0.00090,0.22805,-0.00052,0.70683,0.00055,0.70739,1,3,0.99887,0.03915,0.00738,-0.02589,0.06976,0.08130,0.63107,0,1
1768333701.590488,0.00562,-0.04804,-1.01923,0.00628,-0.00154,0.00041,0.56695,0.00090,0.22805,-0.00052,0.70683,0.00055,0.70739,1,3,0.99887,0.03915,0.00738,-0.02589,0.06976,0.08130,0.63107,0,1
1768333701.592470,0.03029,-0.04835,-1.04974,0.00693,-0.00171,0.00036,0.56691,0.00090,0.22805,-0.00052,0.70683,0.00055,0.70738,1,3,0.99887,0.03915,0.00738,-0.02589,0.06976,0.08130,0.63107,0,1
1768333701.594476,-0.00258,-0.03776,-0.95135,0.00640,-0.00146,-0.00020,0.56687,0.00090,0.22805,-0.00052,0.70683,0.00055,0.70738,1,3,0.99887,0.03915,0.00738,-0.02589,0.06976,0.08130,0.63107,0,1
1768333701.596594,-0.01076,-0.04391,-0.93595,0.00545,-0.00008,0.00036,0.56683,0.00090,0.22805,-0.00052,0.70683,0.00055,0.70739,1,3,0.99887,0.03915,0.00738,-0.02589,0.06976,0.08130,0.63107,0,1
1768333701.598529,-0.01997,-0.00782,-1.04301,0.00654,-0.00165,0.00014,0.56683,0.00090,0.22805,-0.00052,0.70683,0.00055,0.70739,1,3,0.99887,0.03915,0.00738,-0.02589,0.06976,0.08130,0.63107,0,1
1768333701.600492,0.01393,-0.02178,-1.08050,0.00703,-0.00369,0.00008,0.56679,0.00090,0.22805,-0.00052,0.70682,0.00055,0.70739,1,3,0.99887,0.03915,0.00738,-0.02589,0.06976,0.08130,0.63107,0,1
1768333701.602498,-0.00471,-0.04455,-0.92794,0.00457,-0.00295,0.00023,0.56679,0.00090,0.22805,-0.00052,0.70682,0.00055,0.70739,1,3,0.99887,0.03915,0.00738,-0.02589,0.06976,0.08130,0.63107,0,1
1768333701.604504,-0.00842,-0.08427,-0.89694,0.00802,-0.00110,0.00013,0.56674,0.00090,0.22805,-0.00052,0.70683,0.00055,0.70738,1,3,0.99887,0.03915,0.00738,-0.02589,0.06976,0.08130,0.63107,0,1
1768333701.606498,-0.01359,-0.07145,-0.91991,0.00883,-0.00142,0.00038,0.56674,0.00090,0.22805,-0.00052,0.70683,0.00055,0.70738,1,3,0.99887,0.03915,0.00738,-0.02589,0.06976,0.08130,0.63107,0,1
1768333701.608495,-0.01701,-0.04860,-1.04940,0.00823,-0.00266,0.00028,0.56670,0.00090,0.22805,-0.00052,0.70684,0.00055,0.70738,1,3,0.99887,0.03915,0.00738,-0.02589,0.06976,0.08130,0.63107,0,1
1768333701.610502,0.00851,-0.04852,-1.04958,0.00846,-0.00336,-0.00015,0.56670,0.00090,0.22805,-0.00052,0.70684,0.00055,0.70738,1,3,0.99887,0.03915,0.00738,-0.02589,0.06976,0.08130,0.63107,0,1
1768333701.612489,-0.00405,-0.03585,-1.01951,0.00839,-0.00335,-0.00025,0.56670,0.00090,0.22805,-0.00052,0.70684,0.00055,0.70738,1,3,0.99887,0.03915,0.00738,-0.02589,0.06976,0.08130,0.63107,0,1
1768333701.614488,0.00498,-0.05209,-0.95061,0.00710,-0.00229,0.00060,0.56666,0.00090,0.22804,-0.00052,0.70684,0.00055,0.70737,1,3,0.99887,0.03915,0.00738,-0.02589,0.06976,0.08130,0.63107,0,1
1768333701.616484,-0.00802,-0.05489,-1.03421,0.00729,-0.00149,0.00041,0.56666,0.00090,0.22804,-0.00052,0.70684,0.00055,0.70737,1,3,0.99887,0.03915,0.00738,-0.02589,0.06976,0.08130,0.63107,0,1
1768333701.618482,-0.01002,-0.05927,-1.12539,0.00942,-0.00146,0.00007,0.56662,0.00090,0.22804,-0.00052,0.70684,0.00055,0.70737,1,3,0.99887,0.03915,0.00738,-0.02589,0.06976,0.08130,0.63107,0,1
1768333701.620524,0.00419,-0.07205,-0.98830,0.00795,-0.00163,0.00031,0.56662,0.00090,0.22804,-0.00052,0.70684,0.00055,0.70737,1,3,0.99891,0.03860,0.00799,-0.02487,0.06955,0.08136,0.63107,0,1
1768333701.622505,-0.01008,-0.07423,-0.91242,0.00946,-0.00083,0.00024,0.56658,0.00090,0.22804,-0.00052,0.70685,0.00055,0.70737,1,3,0.99891,0.03860,0.00799,-0.02487,0.06955,0.08136,0.63107,0,1
1768333701.624501,-0.01588,-0.07925,-0.99557,0.00699,-0.00164,0.00033,0.56658,0.00090,0.22804,-0.00052,0.70685,0.00055,0.70737,1,3,0.99891,0.03860,0.00799,-0.02487,0.06955,0.08136,0.63107,0,1
1768333701.626523,0.00456,-0.05067,-1.07193,0.00799,-0.00406,0.00051,0.56654,0.00090,0.22804,-0.00052,0.70684,0.00055,0.70737,1,3,0.99891,0.03860,0.00799,-0.02487,0.06955,0.08136,0.63107,0,1
1768333701.628544,0.01282,-0.05751,-1.03427,0.00769,-0.00175,0.00026,0.56650,0.00090,0.22804,-0.00052,0.70684,0.00055,0.70737,1,3,0.99891,0.03860,0.00799,-0.02487,0.06955,0.08136,0.63107,0,1
1768333701.630512,-0.00529,-0.07069,-0.92740,0.00928,-0.00254,0.00037,0.56650,0.00090,0.22804,-0.00052,0.70684,0.00055,0.70737,1,3,0.99891,0.03860,0.00799,-0.02487,0.06955,0.08136,0.63107,0,1
1768333701.632543,0.00411,-0.06238,-0.84406,0.00764,-0.00139,0.00096,0.56646,0.00090,0.22804,-0.00052,0.70684,0.00055,0.70737,1,3,0.99891,0.03860,0.00799,-0.02487,0.06955,0.08136,0.63107,0,1
1768333701.634514,0.03162,-0.03813,-0.93586,0.00575,-0.00250,0.00059,0.56646,0.00090,0.22804,-0.00052,0.70684,0.00055,0.70737,1,3,0.99891,0.03860,0.00799,-0.02487,0.06955,0.08136,0.63107,0,1
1768333701.636513,0.01997,-0.04789,-1.07276,0.00890,-0.00121,-0.00005,0.56642,0.00090,0.22804,-0.00052,0.70684,0.00055,0.70737,1,3,0.99891,0.03860,0.00799,-0.02487,0.06955,0.08136,0.63107,0,1
1768333701.638521,0.01655,-0.04124,-1.05763,0.00767,-0.00066,0.00036,0.56642,0.00090,0.22804,-0.00052,0.70684,0.00055,0.70737,1,3,0.99891,0.03860,0.00799,-0.02487,0.06955,0.08136,0.63107,0,1
1768333701.640516,0.02187,-0.05787,-0.90538,0.00725,-0.00136,-0.00005,0.56638,0.00090,0.22804,-0.00052,0.70684,0.00055,0.70737,1,3,0.99891,0.03860,0.00799,-0.02487,0.06955,0.08136,0.63107,0,1
1768333701.642532,0.01774,-0.07544,-0.85893,0.00661,-0.00128,0.00107,0.56638,0.00090,0.22804,-0.00052,0.70684,0.00055,0.70737,1,3,0.99891,0.03860,0.00799,-0.02487,0.06955,0.08136,0.63107,0,1
1768333701.644517,0.01261,-0.03823,-0.99677,0.00749,-0.00125,0.00055,0.56634,0.00090,0.22804,-0.00052,0.70684,0.00055,0.70737,1,3,0.99891,0.03860,0.00799,-0.02487,0.06955,0.08136,0.63107,0,1
1768333701.646574,0.00814,-0.04590,-1.09554,0.00783,-0.00068,0.00007,0.56634,0.00090,0.22804,-0.00052,0.70684,0.00055,0.70737,1,3,0.99891,0.03860,0.00799,-0.02487,0.06955,0.08136,0.63107,0,1
1768333701.648510,0.00716,-0.05942,-0.95076,0.00920,-0.00156,0.00019,0.56630,0.00090,0.22805,-0.00052,0.70684,0.00055,0.70738,1,3,0.99891,0.03860,0.00799,-0.02487,0.06955,0.08136,0.63107,0,1
1768333701.650525,0.03374,-0.04622,-0.82222,0.00762,-0.00063,0.00026,0.56630,0.00090,0.22805,-0.00052,0.70684,0.00055,0.70738,1,3,0.99891,0.03860,0.00799,-0.02487,0.06955,0.08136,0.63107,0,1
1768333701.652514,-0.00056,-0.06992,-0.95801,0.00820,-0.00094,0.00047,0.56626,0.00090,0.22805,-0.00052,0.70684,0.00055,0.70737,1,3,0.99891,0.03860,0.00799,-0.02487,0.06955,0.08136,0.63107,0,1
1768333701.654509,0.02837,-0.04457,-1.08062,0.00829,0.00034,0.00020,0.56626,0.00090,0.22805,-0.00052,0.70684,0.00055,0.70737,1,3,0.99891,0.03860,0.00799,-0.02487,0.06955,0.08136,0.63107,0,1
1768333701.656535,0.00766,-0.04521,-1.08028,0.00850,-0.00131,0.00009,0.56626,0.00090,0.22805,-0.00052,0.70684,0.00055,0.70737,1,3,0.99891,0.03860,0.00799,-0.02487,0.06955,0.08136,0.63107,0,1
1768333701.658543,-0.00828,-0.04424,-0.91297,0.00785,-0.00202,0.00024,0.56622,0.00090,0.22805,-0.00052,0.70684,0.00055,0.70737,1,3,0.99891,0.03860,0.00799,-0.02487,0.06955,0.08136,0.63107,0,1
1768333701.660548,-0.01635,-0.06354,-0.93527,0.00784,-0.00229,-0.00003,0.56622,0.00090,0.22805,-0.00052,0.70684,0.00055,0.70737,1,3,0.99891,0.03860,0.00799,-0.02487,0.06955,0.08136,0.63107,0,1
1768333701.662543,0.00925,-0.08455,-0.98807,0.00736,-0.00169,0.00004,0.56618,0.00090,0.22805,-0.00052,0.70684,0.00055,0.70738,1,3,0.99896,0.03789,0.00646,-0.02435,0.06937,0.08144,0.63133,0,1
1768333701.664557,0.00804,-0.06408,-1.05678,0.00849,-0.00244,0.00025,0.56618,0.00090,0.22805,-0.00052,0.70684,0.00055,0.70738,1,3,0.99896,0.03789,0.00646,-0.02435,0.06937,0.08144,0.63133,0,1
1768333701.666553,-0.01416,-0.07602,-0.96527,0.00943,-0.00179,0.00048,0.56614,0.00090,0.22805,-0.00052,0.70684,0.00055,0.70738,1,3,0.99896,0.03789,0.00646,-0.02435,0.06937,0.08144,0.63133,0,1
1768333701.668581,0.02180,-0.03837,-0.94359,0.00683,-0.00149,0.00059,0.56614,0.00090,0.22805,-0.00052,0.70684,0.00055,0.70738,1,3,0.99896,0.03789,0.00646,-0.02435,0.06937,0.08144,0.63133,0,1
1768333701.670567,0.02169,-0.05778,-1.08763,0.00747,-0.00173,-0.00019,0.56610,0.00090,0.22804,-0.00052,0.70684,0.00055,0.70737,1,3,0.99896,0.03789,0.00646,-0.02435,0.06937,0.08144,0.63133,0,1
1768333701.672580,-0.00156,-0.07441,-1.17046,0.00923,-0.00154,0.00044,0.56610,0.00090,0.22804,-0.00052,0.70684,0.00055,0.70737,1,3,0.99896,0.03789,0.00646,-0.02435,0.06937,0.08144,0.63133,0,1
1768333701.674584,-0.00930,-0.07720,-0.97262,0.00942,-0.00362,0.00034,0.56606,0.00090,0.22805,-0.00052,0.70683,0.00055,0.70738,1,3,0.99896,0.03789,0.00646,-0.02435,0.06937,0.08144,0.63133,0,1
1768333701.676543,-0.00727,-0.03490,-0.88279,0.00666,-0.00179,0.00039,0.56602,0.00090,0.22805,-0.00052,0.70684,0.00055,0.70738,1,3,0.99896,0.03789,0.00646,-0.02435,0.06937,0.08144,0.63133,0,1
1768333701.678545,-0.01131,-0.06640,-1.02604,0.00671,-0.00271,0.00057,0.56602,0.00090,0.22805,-0.00052,0.70684,0.00055,0.70738,1,3,0.99896,0.03789,0.00646,-0.02435,0.06937,0.08144,0.63133,0,1
1768333701.681044,0.00850,-0.09340,-1.12411,0.00813,-0.00317,0.00061,0.56598,0.00090,0.22804,-0.00052,0.70684,0.00055,0.70737,1,3,0.99896,0.03789,0.00646,-0.02435,0.06937,0.08144,0.63133,0,1
1768333701.682649,-0.00183,-0.10778,-0.98729,0.01014,-0.00229,0.00032,0.56598,0.00090,0.22804,-0.00052,0.70684,0.00055,0.70737,1,3,0.99896,0.03789,0.00646,-0.02435,0.06937,0.08144,0.63133,0,1
1768333701.684586,-0.00095,-0.06976,-0.85134,0.00820,-0.00119,0.00136,0.56594,0.00090,0.22805,-0.00052,0.70684,0.00055,0.70738,1,3,0.99896,0.03789,0.00646,-0.02435,0.06937,0.08144,0.63133,0,1
1768333701.686568,0.00325,-0.04232,-0.97355,0.00832,-0.00189,0.00112,0.56594,0.00090,0.22805,-0.00052,0.70684,0.00055,0.70738,1,3,0.99896,0.03789,0.00646,-0.02435,0.06937,0.08144,0.63133,0,1
1768333701.688567,0.01594,-0.04454,-1.15614,0.00894,-0.00242,0.00002,0.56590,0.00090,0.22805,-0.00052,0.70684,0.00055,0.70737,1,3,0.99896,0.03789,0.00646,-0.02435,0.06937,0.08144,0.63133,0,1
1768333701.690571,0.02464,-0.05962,-1.04930,0.00854,-0.00239,0.00051,0.56590,0.00090,0.22805,-0.00052,0.70684,0.00055,0.70737,1,3,0.99896,0.03789,0.00646,-0.02435,0.06937,0.08144,0.63133,0,1
1768333701.692548,0.01299,-0.04274,-0.86757,0.00744,-0.00152,0.00039,0.56586,0.00090,0.22805,-0.00052,0.70683,0.00055,0.70738,1,3,0.99896,0.03789,0.00646,-0.02435,0.06937,0.08144,0.63133,0,1
1768333701.694561,-0.00432,-0.04732,-0.93551,0.00760,-0.00167,0.00089,0.56586,0.00090,0.22805,-0.00052,0.70683,0.00055,0.70738,1,3,0.99896,0.03789,0.00646,-0.02435,0.06937,0.08144,0.63133,0,1
1768333701.696544,0.01123,-0.05285,-1.12575,0.00906,-0.00097,0.00005,0.56586,0.00090,0.22805,-0.00052,0.70683,0.00055,0.70738,1,3,0.99896,0.03789,0.00646,-0.02435,0.06937,0.08144,0.63133,0,1
1768333701.698579,0.00065,-0.08670,-1.11708,0.01105,-0.00093,0.00061,0.56582,0.00090,0.22805,-0.00052,0.70684,0.00055,0.70738,1,3,0.99896,0.03789,0.00646,-0.02435,0.06937,0.08144,0.63133,0,1
1768333701.700588,0.00373,-0.08187,-0.84367,0.00827,-0.00137,0.00069,0.56582,0.00090,0.22805,-0.00052,0.70684,0.00055,0.70738,1,3,0.99896,0.03789,0.00646,-0.02435,0.06937,0.08144,0.63133,0,1
1768333701.702569,0.00287,-0.02826,-0.79200,0.00849,-0.00039,0.00085,0.56578,0.00090,0.22805,-0.00052,0.70683,0.00055,0.70738,1,3,0.99896,0.03789,0.00646,-0.02435,0.06937,0.08144,0.63133,0,1
1768333701.704576,-0.00277,-0.05508,-1.05727,0.01012,-0.00041,0.00038,0.56578,0.00090,0.22805,-0.00052,0.70683,0.00055,0.70738,1,3,0.99896,0.03789,0.00646,-0.02435,0.06937,0.08144,0.63133,0,1
1768333701.706581,0.01097,-0.01829,-1.14912,0.00882,-0.00136,0.00069,0.56574,0.00090,0.22805,-0.00052,0.70683,0.00055,0.70738,1,3,0.99896,0.03789,0.00646,-0.02435,0.06937,0.08144,0.63133,0,1
1768333701.708585,0.01110,-0.03535,-0.98131,0.00512,-0.00263,0.00071,0.56574,0.00090,0.22805,-0.00052,0.70683,0.00055,0.70738,1,3,0.99896,0.03789,0.00646,-0.02435,0.06937,0.08144,0.63133,0,1
1768333701.710557,-0.02127,-0.03648,-0.87496,0.00795,-0.00212,0.00068,0.56570,0.00090,0.22805,-0.00052,0.70683,0.00055,0.70738,1,3,0.99896,0.03789,0.00646,-0.02435,0.06937,0.08144,0.63133,0,1
1768333701.712594,-0.00414,-0.07353,-0.88890,0.00422,-0.00394,0.00068,0.56570,0.00090,0.22805,-0.00052,0.70683,0.00055,0.70738,1,3,0.99896,0.03789,0.00646,-0.02435,0.06937,0.08144,0.63133,0,1
1768333701.714612,0.01450,-0.07302,-1.10198,0.01056,-0.00327,0.00048,0.56566,0.00090,0.22805,-0.00052,0.70683,0.00055,0.70738,1,3,0.99896,0.03789,0.00646,-0.02435,0.06937,0.08144,0.63133,0,1
1768333701.716583,0.00548,-0.06863,-1.08728,0.01105,-0.00190,-0.00005,0.56566,0.00090,0.22805,-0.00052,0.70683,0.00055,0.70738,1,3,0.99896,0.03789,0.00646,-0.02435,0.06937,0.08144,0.63133,0,1
1768333701.718582,-0.01722,-0.03992,-0.95089,0.00769,-0.00127,0.00089,0.56562,0.00090,0.22805,-0.00052,0.70683,0.00055,0.70738,1,3,0.99896,0.03789,0.00646,-0.02435,0.06937,0.08144,0.63133,0,1
1768333701.720582,0.00863,-0.04591,-0.97382,0.00718,-0.00082,0.00058,0.56562,0.00090,0.22805,-0.00052,0.70683,0.00055,0.70738,1,3,0.99896,0.03789,0.00646,-0.02435,0.06937,0.08144,0.63133,0,1
1768333701.722589,0.00284,-0.07605,-1.12494,0.00965,-0.00237,-0.00007,0.56558,0.00090,0.22805,-0.00052,0.70683,0.00055,0.70738,1,3,0.99896,0.03789,0.00646,-0.02435,0.06937,0.08144,0.63133,0,1
1768333701.724591,0.01098,-0.04735,-1.03438,0.00913,-0.00172,0.00079,0.56558,0.00090,0.22805,-0.00052,0.70683,0.00055,0.70738,1,3,0.99896,0.03789,0.00646,-0.02435,0.06937,0.08144,0.63133,0,1
1768333701.726605,-0.02170,-0.07048,-0.94992,0.00863,-0.00271,0.00077,0.56554,0.00090,0.22805,-0.00052,0.70683,0.00055,0.70738,1,3,0.99895,0.03718,0.00905,-0.02525,0.06911,0.08143,0.63087,0,1
1768333701.728596,0.00516,-0.05210,-0.92818,0.00732,-0.00193,-0.00019,0.56554,0.00090,0.22805,-0.00052,0.70683,0.00055,0.70738,1,3,0.99895,0.03718,0.00905,-0.02525,0.06911,0.08143,0.63087,0,1
1768333701.730629,-0.00954,-0.08285,-1.04091,0.00935,-0.00285,0.00042,0.56550,0.00090,0.22805,-0.00052,0.70683,0.00055,0.70738,1,3,0.99895,0.03718,0.00905,-0.02525,0.06911,0.08143,0.63087,0,1
1768333701.732600,-0.00032,-0.05936,-1.07976,0.00832,-0.00197,0.00010,0.56550,0.00090,0.22805,-0.00052,0.70683,0.00055,0.70738,1,3,0.99895,0.03718,0.00905,-0.02525,0.06911,0.08143,0.63087,0,1
1768333701.734582,-0.01906,-0.06860,-1.01125,0.01018,-0.00136,0.00004,0.56546,0.00090,0.22805,-0.00052,0.70683,0.00055,0.70738,1,3,0.99895,0.03718,0.00905,-0.02525,0.06911,0.08143,0.63087,0,1
1768333701.736576,-0.02663,-0.07369,-0.98823,0.00924,-0.00126,0.00020,0.56542,0.00090,0.22805,-0.00052,0.70683,0.00055,0.70738,1,3,0.99895,0.03718,0.00905,-0.02525,0.06911,0.08143,0.63087,0,1
1768333701.738632,0.00855,-0.05966,-0.98106,0.00788,-0.00183,0.00017,0.56542,0.00090,0.22805,-0.00052,0.70683,0.00055,0.70738,1,3,0.99895,0.03718,0.00905,-0.02525,0.06911,0.08143,0.63087,0,1
1768333701.740617,0.01973,-0.07144,-1.04148,0.00949,-0.00245,0.00025,0.56538,0.00090,0.22805,-0.00052,0.70683,0.00055,0.70738,1,3,0.99895,0.03718,0.00905,-0.02525,0.06911,0.08143,0.63087,0,1
1768333701.742576,0.00191,-0.06176,-0.98841,0.00983,-0.00161,0.00084,0.56538,0.00090,0.22805,-0.00052,0.70683,0.00055,0.70738,1,3,0.99895,0.03718,0.00905,-0.02525,0.06911,0.08143,0.63087,0,1
1768333701.744916,-0.01625,-0.05396,-0.95846,0.00773,-0.00192,-0.00032,0.56533,0.00090,0.22805,-0.00052,0.70683,0.00055,0.70738,1,3,0.99895,0.03718,0.00905,-0.02525,0.06911,0.08143,0.63087,0,1
1768333701.746676,0.02186,-0.04251,-1.04217,0.00722,-0.00250,0.00024,0.56533,0.00090,0.22805,-0.00052,0.70683,0.00055,0.70738,1,3,0.99895,0.03718,0.00905,-0.02525,0.06911,0.08143,0.63087,0,1
1768333701.748622,0.01703,-0.09017,-1.03362,0.00773,-0.00101,0.00013,0.56529,0.00090,0.22805,-0.00052,0.70684,0.00055,0.70738,1,3,0.99895,0.03718,0.00905,-0.02525,0.06911,0.08143,0.63087,0,1
1768333701.750597,-0.00626,-0.08689,-0.99566,0.00974,-0.00061,0.00031,0.56529,0.00090,0.22805,-0.00052,0.70684,0.00055,0.70738,1,3,0.99895,0.03718,0.00905,-0.02525,0.06911,0.08143,0.63087,0,1
1768333701.752605,0.00157,-0.09724,-0.91207,0.01027,0.00019,0.00023,0.56525,0.00090,0.22805,-0.00052,0.70683,0.00055,0.70738,1,3,0.99895,0.03718,0.00905,-0.02525,0.06911,0.08143,0.63087,0,1
1768333701.754628,0.01654,-0.05678,-1.00421,0.00748,0.00037,0.00041,0.56525,0.00090,0.22805,-0.00052,0.70683,0.00055,0.70738,1,3,0.99895,0.03718,0.00905,-0.02525,0.06911,0.08143,0.63087,0,1
1768333701.756608,0.00309,-0.04826,-1.08021,0.00846,-0.00049,0.00036,0.56522,0.00090,0.22805,-0.00052,0.70683,0.00055,0.70738,1,3,0.99895,0.03718,0.00905,-0.02525,0.06911,0.08143,0.63087,0,1
1768333701.758589,-0.01152,-0.05440,-1.02680,0.01057,-0.00082,0.00042,0.56522,0.00090,0.22805,-0.00052,0.70683,0.00055,0.70738,1,3,0.99895,0.03718,0.00905,-0.02525,0.06911,0.08143,0.63087,0,1
1768333701.760602,0.01224,-0.07203,-0.93500,0.00817,-0.00185,0.00075,0.56522,0.00090,0.22805,-0.00052,0.70683,0.00055,0.70738,1,3,0.99895,0.03718,0.00905,-0.02525,0.06911,0.08143,0.63087,0,1
1768333701.762607,0.00195,-0.06221,-0.96588,0.00982,-0.00085,0.00045,0.56522,0.00090,0.22805,-0.00052,0.70683,0.00055,0.70738,1,3,0.99895,0.03718,0.00905,-0.02525,0.06911,0.08143,0.63087,0,1
1768333701.764594,0.00299,-0.09684,-0.97247,0.00896,-0.00109,0.00059,0.56518,0.00090,0.22805,-0.00052,0.70683,0.00055,0.70738,1,3,0.99895,0.03718,0.00905,-0.02525,0.06911,0.08143,0.63087,0,1
1768333701.766591,0.00281,-0.07607,-1.00344,0.00965,-0.00212,0.00003,0.56513,0.00090,0.22805,-0.00052,0.70683,0.00055,0.70738,1,3,0.99895,0.03718,0.00905,-0.02525,0.06911,0.08143,0.63087,0,1
1768333701.768636,-0.01775,-0.08823,-0.95741,0.00907,-0.00187,0.00022,0.56513,0.00090,0.22805,-0.00052,0.70683,0.00055,0.70738,1,3,0.99895,0.03718,0.00905,-0.02525,0.06911,0.08143,0.63087,0,1
1768333701.770601,-0.00521,-0.04628,-0.98893,0.00914,-0.00231,0.00004,0.56509,0.00090,0.22805,-0.00052,0.70684,0.00055,0.70738,1,3,0.99902,0.03581,0.00722,-0.02499,0.06871,0.08157,0.63116,0,1
1768333701.772588,0.00593,-0.06881,-1.07950,0.01039,-0.00203,0.00037,0.56509,0.00090,0.22805,-0.00052,0.70684,0.00055,0.70738,1,3,0.99902,0.03581,0.00722,-0.02499,0.06871,0.08157,0.63116,0,1
1768333701.774607,0.01027,-0.03498,-1.03447,0.00600,-0.00287,0.00067,0.56505,0.00090,0.22805,-0.00052,0.70684,0.00055,0.70738,1,3,0.99902,0.03581,0.00722,-0.02499,0.06871,0.08157,0.63116,0,1
1768333701.776615,-0.00069,-0.05474,-0.99631,0.00838,-0.00146,0.00043,0.56505,0.00090,0.22805,-0.00052,0.70684,0.00055,0.70738,1,3,0.99902,0.03581,0.00722,-0.02499,0.06871,0.08157,0.63116,0,1
1768333701.778702,-0.00598,-0.07119,-1.00365,0.00993,-0.00164,-0.00010,0.56505,0.00090,0.22805,-0.00052,0.70684,0.00055,0.70738,1,3,0.99902,0.03581,0.00722,-0.02499,0.06871,0.08157,0.63116,0,1
1768333701.780636,-0.01258,-0.03730,-1.04992,0.00772,-0.00158,0.00013,0.56501,0.00090,0.22805,-0.00052,0.70683,0.00055,0.70738,1,3,0.99902,0.03581,0.00722,-0.02499,0.06871,0.08157,0.63116,0,1
1768333701.782621,0.00267,-0.06231,-1.10253,0.00916,-0.00123,0.00035,0.56501,0.00090,0.22805,-0.00052,0.70683,0.00055,0.70738,1,3,0.99902,0.03581,0.00722,-0.02499,0.06871,0.08157,0.63116,0,1
1768333701.784634,0.01697,-0.07431,-1.02588,0.00771,-0.00266,0.00094,0.56501,0.00090,0.22805,-0.00052,0.70683,0.00055,0.70738,1,3,0.99902,0.03581,0.00722,-0.02499,0.06871,0.08157,0.63116,0,1
1768333701.786625,0.00742,-0.04955,-0.95074,0.00866,-0.00194,0.00073,0.56497,0.00090,0.22805,-0.00052,0.70683,0.00055,0.70738,1,3,0.99902,0.03581,0.00722,-0.02499,0.06871,0.08157,0.63116,0,1
1768333701.788638,0.00600,-0.09740,-0.94178,0.00590,-0.00163,0.00103,0.56489,0.00090,0.22805,-0.00052,0.70684,0.00055,0.70738,1,3,0.99902,0.03581,0.00722,-0.02499,0.06871,0.08157,0.63116,0,1
1768333701.790653,-0.02937,-0.08954,-1.08658,0.01101,0.00045,0.00093,0.56489,0.00090,0.22805,-0.00052,0.70684,0.00055,0.70738,1,3,0.99902,0.03581,0.00722,-0.02499,0.06871,0.08157,0.63116,0,1
1768333701.792636,-0.00382,-0.06887,-1.09478,0.01149,-0.00128,0.00036,0.56485,0.00090,0.22805,-0.00052,0.70684,0.00055,0.70737,1,3,0.99902,0.03581,0.00722,-0.02499,0.06871,0.08157,0.63116,0,1
1768333701.794614,0.01536,-0.07955,-0.98048,0.00917,-0.00150,0.00071,0.56485,0.00090,0.22805,-0.00052,0.70684,0.00055,0.70737,1,3,0.99902,0.03581,0.00722,-0.02499,0.06871,0.08157,0.63116,0,1
1768333701.796631,-0.00142,-0.09364,-0.94995,0.00966,-0.00143,-0.00006,0.56481,0.00090,0.22805,-0.00052,0.70684,0.00055,0.70737,1,3,0.99902,0.03581,0.00722,-0.02499,0.06871,0.08157,0.63116,0,1
1768333701.798613,-0.00349,-0.08686,-1.00268,0.00690,-0.00202,0.00112,0.56481,0.00090,0.22805,-0.00052,0.70684,0.00055,0.70737,1,3,0.99902,0.03581,0.00722,-0.02499,0.06871,0.08157,0.63116,0,1
1768333701.800626,0.01496,-0.06938,-1.05677,0.00973,-0.00176,0.00037,0.56481,0.00090,0.22805,-0.00052,0.70684,0.00055,0.70737,1,3,0.99902,0.03581,0.00722,-0.02499,0.06871,0.08157,0.63116,0,1
1768333701.802624,0.00650,-0.04436,-1.02708,0.00982,-0.00181,0.00013,0.56481,0.00090,0.22805,-0.00052,0.70684,0.00055,0.70737,1,3,0.99902,0.03581,0.00722,-0.02499,0.06871,0.08157,0.63116,0,1
1768333701.804628,-0.01814,-0.05531,-0.96586,0.00837,-0.00023,0.00088,0.56477,0.00090,0.22805,-0.00052,0.70684,0.00055,0.70738,1,3,0.99902,0.03581,0.00722,-0.02499,0.06871,0.08157,0.63116,0,1
1768333701.806619,-0.00164,-0.02064,-1.07314,0.00879,-0.00096,0.00063,0.56477,0.00090,0.22805,-0.00052,0.70684,0.00055,0.70738,1,3,0.99902,0.03581,0.00722,-0.02499,0.06871,0.08157,0.63116,0,1
1768333701.808643,-0.02008,-0.07308,-1.07941,0.01121,-0.00172,0.00012,0.56473,0.00090,0.22805,-0.00052,0.70684,0.00055,0.70738,1,3,0.99902,0.03581,0.00722,-0.02499,0.06871,0.08157,0.63116,0,1
1768333701.810647,0.00644,-0.05810,-0.98098,0.01031,-0.00294,0.00017,0.56469,0.00090,0.22805,-0.00052,0.70683,0.00055,0.70738,1,3,0.99906,0.03514,0.00737,-0.02416,0.06850,0.08163,0.63124,0,1
1768333701.812651,0.02033,-0.09152,-0.89683,0.00903,-0.00182,0.00010,0.56469,0.00090,0.22805,-0.00052,0.70683,0.00055,0.70738,1,3,0.99906,0.03514,0.00737,-0.02416,0.06850,0.08163,0.63124,0,1
1768333701.814630,-0.01410,-0.07278,-0.91256,0.00882,0.00036,0.00038,0.56469,0.00090,0.22805,-0.00052,0.70683,0.00055,0.70738,1,3,0.99906,0.03514,0.00737,-0.02416,0.06850,0.08163,0.63124,0,1
1768333701.816630,0.01910,-0.02287,-1.05037,0.00942,-0.00159,0.00050,0.56461,0.00090,0.22806,-0.00052,0.70683,0.00055,0.70739,1,3,0.99906,0.03514,0.00737,-0.02416,0.06850,0.08163,0.63124,0,1
1768333701.818640,-0.00195,-0.03499,-1.10328,0.00949,-0.00120,0.00021,0.56461,0.00090,0.22806,-0.00052,0.70683,0.00055,0.70739,1,3,0.99906,0.03514,0.00737,-0.02416,0.06850,0.08163,0.63124,0,1
1768333701.820652,0.02972,-0.03864,-1.00443,0.00727,-0.00133,0.00053,0.56457,0.00090,0.22806,-0.00052,0.70683,0.00055,0.70739,1,3,0.99906,0.03514,0.00737,-0.02416,0.06850,0.08163,0.63124,0,1
1768333701.822640,0.01041,-0.10212,-1.00281,0.00977,-0.00066,0.00070,0.56457,0.00090,0.22806,-0.00052,0.70683,0.00055,0.70739,1,3,0.99906,0.03514,0.00737,-0.02416,0.06850,0.08163,0.63124,0,1
1768333701.824657,-0.00999,-0.07975,-0.99567,0.00895,-0.00056,0.00072,0.56453,0.00090,0.22806,-0.00052,0.70682,0.00055,0.70739,1,3,0.99906,0.03514,0.00737,-0.02416,0.06850,0.08163,0.63124,0,1
1768333701.826641,-0.01365,-0.04186,-1.04217,0.00875,-0.00169,0.00027,0.56453,0.00090,0.22806,-0.00052,0.70682,0.00055,0.70739,1,3,0.99906,0.03514,0.00737,-0.02416,0.06850,0.08163,0.63124,0,1
1768333701.828654,0.00660,-0.06110,-1.06390,0.00590,-0.00419,0.00079,0.56449,0.00090,0.22806,-0.00052,0.70682,0.00055,0.70739,1,3,0.99906,0.03514,0.00737,-0.02416,0.06850,0.08163,0.63124,0,1
1768333701.830631,0.01202,-0.06701,-1.01872,0.00845,-0.00198,0.00054,0.56449,0.00090,0.22806,-0.00052,0.70682,0.00055,0.70739,1,3,0.99906,0.03514,0.00737,-0.02416,0.06850,0.08163,0.63124,0,1
1768333701.832660,0.00687,-0.09376,-0.97241,0.00944,-0.00190,0.00073,0.56449,0.00090,0.22806,-0.00052,0.70682,0.00055,0.70739,1,3,0.99906,0.03514,0.00737,-0.02416,0.06850,0.08163,0.63124,0,1
1768333701.834630,0.00328,-0.10597,-0.96455,0.00907,-0.00197,0.00047,0.56445,0.00090,0.22806,-0.00052,0.70682,0.00055,0.70739,1,3,0.99906,0.03514,0.00737,-0.02416,0.06850,0.08163,0.63124,0,1
1768333701.836687,-0.01866,-0.06458,-1.03414,0.00935,-0.00060,0.00029,0.56445,0.00090,0.22806,-0.00052,0.70682,0.00055,0.70739,1,3,0.99906,0.03514,0.00737,-0.02416,0.06850,0.08163,0.63124,0,1
1768333701.838658,0.01433,-0.07418,-1.08681,0.01011,-0.00199,0.00089,0.56445,0.00090,0.22806,-0.00052,0.70682,0.00055,0.70739,1,3,0.99906,0.03514,0.00737,-0.02416,0.06850,0.08163,0.63124,0,1
1768333701.840651,-0.00866,-0.07628,-1.01852,0.01183,-0.00096,0.00083,0.56441,0.00090,0.22806,-0.00052,0.70682,0.00055,0.70739,1,3,0.99906,0.03514,0.00737,-0.02416,0.06850,0.08163,0.63124,0,1
1768333701.842646,0.01434,-0.06476,-0.95815,0.01001,-0.00112,0.00072,0.56441,0.00090,0.22806,-0.00052,0.70682,0.00055,0.70739,1,3,0.99912,0.03380,0.00607,-0.02427,0.06807,0.08173,0.63122,0,1
1768333701.844653,-0.02771,-0.06350,-1.03383,0.01002,-0.00163,0.00070,0.56437,0.00090,0.22806,-0.00052,0.70682,0.00055,0.70739,1,3,0.99912,0.03380,0.00607,-0.02427,0.06807,0.08173,0.63122,0,1
1768333701.846664,0.02380,-0.04068,-1.11839,0.00899,-0.00125,0.00031,0.56437,0.00090,0.22806,-0.00052,0.70682,0.00055,0.70739,1,3,0.99912,0.03380,0.00607,-0.02427,0.06807,0.08173,0.63122,0,1
1768333701.848677,-0.00658,-0.06667,-1.06434,0.00998,-0.00137,0.00052,0.56429,0.00090,0.22807,-0.00052,0.70682,0.00055,0.70740,1,3,0.99912,0.03380,0.00607,-0.02427,0.06807,0.08173,0.63122,0,1
1768333701.850649,0.02228,-0.05261,-0.92031,0.00666,-0.00225,0.00061,0.56429,0.00090,0.22807,-0.00052,0.70682,0.00055,0.70740,1,3,0.99912,0.03380,0.00607,-0.02427,0.06807,0.08173,0.63122,0,1
1768333701.852690,0.00847,-0.06547,-0.91267,0.00760,-0.00068,0.00036,0.56424,0.00090,0.22806,-0.00052,0.70682,0.00055,0.70740,1,3,0.99912,0.03380,0.00607,-0.02427,0.06807,0.08173,0.63122,0,1
1768333701.854666,0.03290,-0.07946,-1.10212,0.00896,-0.00235,0.00019,0.56424,0.00090,0.22806,-0.00052,0.70682,0.00055,0.70740,1,3,0.99912,0.03380,0.00607,-0.02427,0.06807,0.08173,0.63122,0,1
1768333701.856706,0.00984,-0.06763,-1.14048,0.01019,-0.00068,0.00044,0.56420,0.00090,0.22806,-0.00052,0.70682,0.00055,0.70739,1,3,0.99912,0.03380,0.00607,-0.02427,0.06807,0.08173,0.63122,0,1
1768333701.858668,-0.01131,-0.10283,-0.96458,0.01086,-0.00180,0.00062,0.56420,0.00090,0.22806,-0.00052,0.70682,0.00055,0.70739,1,3,0.99912,0.03380,0.00607,-0.02427,0.06807,0.08173,0.63122,0,1
1768333701.860693,0.02200,-0.04206,-0.86744,0.00723,-0.00277,0.00038,0.56420,0.00090,0.22806,-0.00052,0.70682,0.00055,0.70739,1,3,0.99912,0.03380,0.00607,-0.02427,0.06807,0.08173,0.63122,0,1
1768333701.862696,0.00604,-0.08467,-1.00334,0.00998,-0.00063,0.00043,0.56416,0.00090,0.22806,-0.00052,0.70682,0.00055,0.70739,1,3,0.99912,0.03380,0.00607,-0.02427,0.06807,0.08173,0.63122,0,1
1768333701.864701,0.01824,-0.03811,-1.09569,0.01011,-0.00080,0.00046,0.56416,0.00090,0.22806,-0.00052,0.70682,0.00055,0.70739,1,3,0.99912,0.03380,0.00607,-0.02427,0.06807,0.08173,0.63122,0,1
1768333701.866680,0.01563,-0.04531,-1.02718,0.00893,-0.00116,0.00012,0.56416,0.00090,0.22806,-0.00052,0.70682,0.00055,0.70739,1,3,0.99912,0.03380,0.00607,-0.02427,0.06807,0.08173,0.63122,0,1
1768333701.868689,0.00896,-0.03572,-0.97412,0.00708,-0.00121,0.00030,0.56412,0.00090,0.22806,-0.00052,0.70682,0.00055,0.70739,1,3,0.99912,0.03380,0.00607,-0.02427,0.06807,0.08173,0.63122,0,1
1768333701.870700,0.00111,-0.08070,-1.04119,0.00632,-0.00069,0.00068,0.56412,0.00090,0.22806,-0.00052,0.70682,0.00055,0.70739,1,3,0.99912,0.03380,0.00607,-0.02427,0.06807,0.08173,0.63122,0,1
1768333701.872687,0.01201,-0.09243,-1.12477,0.00858,-0.00094,-0.00007,0.56408,0.00090,0.22806,-0.00052,0.70682,0.00055,0.70739,1,3,0.99912,0.03380,0.00607,-0.02427,0.06807,0.08173,0.63122,0,1
1768333701.874690,0.02702,-0.09561,-1.01797,0.01073,-0.00290,0.00054,0.56408,0.00090,0.22806,-0.00052,0.70682,0.00055,0.70739,1,3,0.99916,0.03323,0.00512,-0.02331,0.06789,0.08181,0.63148,0,1
1768333701.876685,0.01409,-0.06731,-0.89711,0.00648,-0.00214,0.00064,0.56404,0.00090,0.22806,-0.00052,0.70683,0.00055,0.70739,1,3,0.99916,0.03323,0.00512,-0.02331,0.06789,0.08181,0.63148,0,1
1768333701.878693,0.00332,-0.03774,-1.04990,0.00837,-0.00139,0.00052,0.56404,0.00090,0.22806,-0.00052,0.70683,0.00055,0.70739,1,3,0.99916,0.03323,0.00512,-0.02331,0.06789,0.08181,0.63148,0,1
1768333701.880680,0.01022,-0.09630,-1.26142,0.01071,-0.00168,-0.00045,0.56400,0.00090,0.22805,-0.00052,0.70683,0.00055,0.70738,1,3,0.99916,0.03323,0.00512,-0.02331,0.06789,0.08181,0.63148,0,1
1768333701.882691,0.02462,-0.08441,-1.09450,0.00890,-0.00199,-0.00006,0.56396,0.00090,0.22805,-0.00052,0.70684,0.00055,0.70738,1,3,0.99916,0.03323,0.00512,-0.02331,0.06789,0.08181,0.63148,0,1
1768333701.884720,0.01957,-0.08175,-0.88172,0.00937,-0.00169,0.00065,0.56396,0.00090,0.22805,-0.00052,0.70684,0.00055,0.70738,1,3,0.99916,0.03323,0.00512,-0.02331,0.06789,0.08181,0.63148,0,1
1768333701.886677,-0.02678,-0.09819,-0.90412,0.00960,-0.00112,0.00014,0.56392,0.00090,0.22805,-0.00052,0.70684,0.00055,0.70738,1,3,0.99916,0.03323,0.00512,-0.02331,0.06789,0.08181,0.63148,0,1
1768333701.888752,0.01508,-0.07529,-1.12526,0.00944,-0.00061,0.00005,0.56392,0.00090,0.22805,-0.00052,0.70684,0.00055,0.70738,1,3,0.99916,0.03323,0.00512,-0.02331,0.06789,0.08181,0.63148,0,1
1768333701.890732,-0.01662,-0.11025,-1.15432,0.01186,-0.00159,0.00047,0.56388,0.00090,0.22804,-0.00052,0.70684,0.00055,0.70737,1,3,0.99916,0.03323,0.00512,-0.02331,0.06789,0.08181,0.63148,0,1
1768333701.892727,0.03262,-0.04958,-0.91318,0.00932,-0.00213,-0.00007,0.56388,0.00090,0.22804,-0.00052,0.70684,0.00055,0.70737,1,3,0.99916,0.03323,0.00512,-0.02331,0.06789,0.08181,0.63148,0,1
1768333701.894726,0.00244,-0.04226,-0.82209,0.00941,-0.00101,0.00043,0.56384,0.00090,0.22804,-0.00052,0.70684,0.00055,0.70737,1,3,0.99916,0.03323,0.00512,-0.02331,0.06789,0.08181,0.63148,0,1
1768333701.896729,0.01289,-0.05733,-1.04183,0.00769,-0.00200,0.00025,0.56384,0.00090,0.22804,-0.00052,0.70684,0.00055,0.70737,1,3,0.99916,0.03323,0.00512,-0.02331,0.06789,0.08181,0.63148,0,1
1768333701.898700,0.01242,-0.07730,-1.15507,0.00789,-0.00196,0.00071,0.56384,0.00090,0.22804,-0.00052,0.70684,0.00055,0.70737,1,3,0.99916,0.03323,0.00512,-0.02331,0.06789,0.08181,0.63148,0,1
1768333701.900699,0.00431,-0.07041,-1.08005,0.01147,0.00065,-0.00005,0.56380,0.00090,0.22804,-0.00052,0.70684,0.00055,0.70737,1,3,0.99916,0.03323,0.00512,-0.02331,0.06789,0.08181,0.63148,0,1
1768333701.902730,0.00244,-0.06226,-0.86695,0.00917,-0.00099,0.00094,0.56380,0.00090,0.22804,-0.00052,0.70684,0.00055,0.70737,1,3,0.99916,0.03323,0.00512,-0.02331,0.06789,0.08181,0.63148,0,1
1768333701.904701,0.02397,-0.05002,-1.03476,0.00931,-0.00151,-0.00016,0.56376,0.00090,0.22804,-0.00052,0.70685,0.00055,0.70737,1,3,0.99916,0.03323,0.00512,-0.02331,0.06789,0.08181,0.63148,0,1
1768333701.906694,0.00534,-0.08458,-1.18582,0.01086,-0.00061,-0.00012,0.56376,0.00090,0.22804,-0.00052,0.70685,0.00055,0.70737,1,3,0.99916,0.03323,0.00512,-0.02331,0.06789,0.08181,0.63148,0,1
1768333701.908693,0.01045,-0.07097,-1.06406,0.01015,-0.00271,0.00065,0.56372,0.00090,0.22804,-0.00052,0.70684,0.00055,0.70737,1,3,0.99916,0.03323,0.00512,-0.02331,0.06789,0.08181,0.63148,0,1
1768333701.910694,0.00286,-0.08570,-0.85911,0.00997,-0.00188,-0.00039,0.56372,0.00090,0.22804,-0.00052,0.70684,0.00055,0.70737,1,3,0.99916,0.03323,0.00512,-0.02331,0.06789,0.08181,0.63148,0,1
1768333701.912748,0.02342,-0.05090,-0.87510,0.00909,-0.00036,0.00077,0.56368,0.00090,0.22805,-0.00052,0.70684,0.00055,0.70737,1,3,0.99921,0.03237,0.00611,-0.02231,0.06767,0.08186,0.63140,0,1
1768333701.914738,0.02278,-0.06066,-1.11035,0.00984,-0.00059,0.00045,0.56368,0.00090,0.22805,-0.00052,0.70684,0.00055,0.70737,1,3,0.99921,0.03237,0.00611,-0.02231,0.06767,0.08186,0.63140,0,1
1768333701.916734,0.02193,-0.05097,-1.10322,0.01061,0.00005,0.00018,0.56364,0.00090,0.22805,-0.00052,0.70684,0.00055,0.70737,1,3,0.99921,0.03237,0.00611,-0.02231,0.06767,0.08186,0.63140,0,1
1768333701.918717,0.01125,-0.04789,-0.92053,0.00869,-0.00097,0.00088,0.56360,0.00090,0.22805,-0.00052,0.70684,0.00055,0.70738,1,3,0.99921,0.03237,0.00611,-0.02231,0.06767,0.08186,0.63140,0,1
1768333701.920746,0.04486,-0.05453,-0.86769,0.00861,0.00039,0.00062,0.56360,0.00090,0.22805,-0.00052,0.70684,0.00055,0.70738,1,3,0.99921,0.03237,0.00611,-0.02231,0.06767,0.08186,0.63140,0,1
1768333701.922728,0.00293,-0.06798,-1.04910,0.00844,-0.00059,0.00093,0.56356,0.00090,0.22805,-0.00052,0.70683,0.00055,0.70738,1,3,0.99921,0.03237,0.00611,-0.02231,0.06767,0.08186,0.63140,0,1
1768333701.924734,0.03012,-0.07108,-1.16350,0.01081,0.00022,0.00027,0.56356,0.00090,0.22805,-0.00052,0.70683,0.00055,0.70738,1,3,0.99921,0.03237,0.00611,-0.02231,0.06767,0.08186,0.63140,0,1
1768333701.926723,0.01846,-0.05313,-1.03440,0.00971,-0.00067,0.00092,0.56352,0.00090,0.22805,-0.00052,0.70684,0.00055,0.70738,1,3,0.99921,0.03237,0.00611,-0.02231,0.06767,0.08186,0.63140,0,1
1768333701.928725,-0.00518,-0.04746,-0.92077,0.00869,-0.00079,0.00009,0.56352,0.00090,0.22805,-0.00052,0.70684,0.00055,0.70738,1,3,0.99921,0.03237,0.00611,-0.02231,0.06767,0.08186,0.63140,0,1
1768333701.930712,0.01647,-0.06483,-1.02671,0.00848,-0.00154,-0.00014,0.56348,0.00090,0.22805,-0.00052,0.70684,0.00055,0.70738,1,3,0.99921,0.03237,0.00611,-0.02231,0.06767,0.08186,0.63140,0,1
1768333701.932719,0.01020,-0.09637,-1.13216,0.01050,-0.00155,0.00006,0.56348,0.00090,0.22805,-0.00052,0.70684,0.00055,0.70738,1,3,0.99921,0.03237,0.00611,-0.02231,0.06767,0.08186,0.63140,0,1
1768333701.934726,-0.00261,-0.09440,-1.04093,0.01008,-0.00064,0.00068,0.56348,0.00090,0.22805,-0.00052,0.70684,0.00055,0.70738,1,3,0.99921,0.03237,0.00611,-0.02231,0.06767,0.08186,0.63140,0,1
1768333701.936711,-0.01024,-0.08828,-0.94991,0.00994,-0.00170,0.00022,0.56344,0.00090,0.22805,-0.00052,0.70684,0.00055,0.70738,1,3,0.99921,0.03237,0.00611,-0.02231,0.06767,0.08186,0.63140,0,1
1768333701.938740,-0.01713,-0.07611,-1.02626,0.01205,-0.00073,0.00043,0.56344,0.00090,0.22805,-0.00052,0.70684,0.00055,0.70738,1,3,0.99921,0.03237,0.00611,-0.02231,0.06767,0.08186,0.63140,0,1
1768333701.940745,0.01475,-0.05441,-1.11029,0.00991,-0.00202,0.00033,0.56340,0.00090,0.22805,-0.00052,0.70684,0.00055,0.70738,1,3,0.99921,0.03237,0.00611,-0.02231,0.06767,0.08186,0.63140,0,1
1768333701.942737,0.01558,-0.06831,-1.04915,0.00975,-0.00304,-0.00002,0.56340,0.00090,0.22805,-0.00052,0.70684,0.00055,0.70738,1,3,0.99921,0.03237,0.00611,-0.02231,0.06767,0.08186,0.63140,0,1
1768333701.944771,-0.01014,-0.06397,-0.99590,0.00936,-0.00171,0.00072,0.56335,0.00090,0.22805,-0.00052,0.70684,0.00055,0.70738,1,3,0.99923,0.03182,0.00608,-0.02209,0.06744,0.08191,0.63137,0,1
1768333701.946739,0.00616,-0.06511,-0.97354,0.00979,-0.00040,0.00031,0.56335,0.00090,0.22805,-0.00052,0.70684,0.00055,0.70738,1,3,0.99923,0.03182,0.00608,-0.02209,0.06744,0.08191,0.63137,0,1
1768333701.948758,0.00618,-0.08451,-1.07129,0.00955,-0.00137,0.00118,0.56331,0.00090,0.22805,-0.00052,0.70684,0.00055,0.70737,1,3,0.99923,0.03182,0.00608,-0.02209,0.06744,0.08191,0.63137,0,1
1768333701.950763,0.02011,-0.09669,-1.05581,0.00875,-0.00217,0.00092,0.56327,0.00090,0.22804,-0.00052,0.70684,0.00055,0.70737,1,3,0.99923,0.03182,0.00608,-0.02209,0.06744,0.08191,0.63137,0,1
1768333701.952752,0.01664,-0.11158,-1.05589,0.01206,-0.00060,0.00051,0.56327,0.00090,0.22804,-0.00052,0.70684,0.00055,0.70737,1,3,0.99923,0.03182,0.00608,-0.02209,0.06744,0.08191,0.63137,0,1
1768333701.954817,0.02592,-0.10284,-0.95748,0.01086,0.00029,0.00071,0.56323,0.00090,0.22804,-0.00052,0.70684,0.00055,0.70737,1,3,0.99923,0.03182,0.00608,-0.02209,0.06744,0.08191,0.63137,0,1
1768333701.956775,0.01783,-0.07772,-1.05648,0.01029,-0.00063,0.00118,0.56323,0.00090,0.22804,-0.00052,0.70684,0.00055,0.70737,1,3,0.99923,0.03182,0.00608,-0.02209,0.06744,0.08191,0.63137,0,1
1768333701.958775,0.00764,-0.06631,-1.17841,0.01261,-0.00154,0.00041,0.56319,0.00090,0.22804,-0.00052,0.70684,0.00055,0.70737,1,3,0.99923,0.03182,0.00608,-0.02209,0.06744,0.08191,0.63137,0,1
1768333701.960748,-0.01274,-0.05379,-1.13311,0.01189,-0.00131,0.00033,0.56319,0.00090,0.22804,-0.00052,0.70684,0.00055,0.70737,1,3,0.99923,0.03182,0.00608,-0.02209,0.06744,0.08191,0.63137,0,1
1768333701.962742,0.01113,-0.05545,-0.97333,0.00990,-0.00351,0.00031,0.56315,0.00090,0.22805,-0.00052,0.70684,0.00055,0.70738,1,3,0.99923,0.03182,0.00608,-0.02209,0.06744,0.08191,0.63137,0,1
1768333701.964742,-0.00330,-0.09776,-0.94978,0.01157,-0.00178,0.00008,0.56315,0.00090,0.22805,-0.00052,0.70684,0.00055,0.70738,1,3,0.99923,0.03182,0.00608,-0.02209,0.06744,0.08191,0.63137,0,1
1768333701.966740,-0.00503,-0.13275,-1.00944,0.01268,-0.00108,0.00098,0.56315,0.00090,0.22805,-0.00052,0.70684,0.00055,0.70738,1,3,0.99923,0.03182,0.00608,-0.02209,0.06744,0.08191,0.63137,0,1
1768333701.968740,0.00912,-0.06688,-1.06448,0.01107,-0.00118,0.00050,0.56311,0.00090,0.22804,-0.00052,0.70684,0.00055,0.70737,1,3,0.99923,0.03182,0.00608,-0.02209,0.06744,0.08191,0.63137,0,1
1768333701.970760,0.00931,-0.05343,-1.06505,0.01036,0.00033,0.00050,0.56311,0.00090,0.22804,-0.00052,0.70684,0.00055,0.70737,1,3,0.99923,0.03182,0.00608,-0.02209,0.06744,0.08191,0.63137,0,1
1768333701.972773,0.01420,-0.06207,-0.98077,0.00655,-0.00265,0.00044,0.56307,0.00090,0.22805,-0.00052,0.70684,0.00055,0.70738,1,3,0.99923,0.03182,0.00608,-0.02209,0.06744,0.08191,0.63137,0,1
1768333701.974773,0.01469,-0.05876,-0.95832,0.01030,-0.00228,0.00018,0.56307,0.00090,0.22805,-0.00052,0.70684,0.00055,0.70738,1,3,0.99923,0.03182,0.00608,-0.02209,0.06744,0.08191,0.63137,0,1
1768333701.976811,0.01359,-0.11882,-1.01743,0.01088,-0.00119,0.00096,0.56303,0.00090,0.22805,-0.00052,0.70684,0.00055,0.70738,1,3,0.99915,0.03129,0.00721,-0.02592,0.06719,0.08192,0.63097,0,1
1768333701.978782,-0.00487,-0.08965,-1.08669,0.01189,0.00016,0.00091,0.56303,0.00090,0.22805,-0.00052,0.70684,0.00055,0.70738,1,3,0.99915,0.03129,0.00721,-0.02592,0.06719,0.08192,0.63097,0,1
1768333701.980761,0.01042,-0.08780,-1.06419,0.00973,-0.00004,0.00024,0.56299,0.00090,0.22805,-0.00052,0.70683,0.00055,0.70738,1,3,0.99915,0.03129,0.00721,-0.02592,0.06719,0.08192,0.63097,0,1
1768333701.982785,0.01386,-0.05608,-1.04987,0.01011,0.00040,0.00037,0.56295,0.00090,0.22805,-0.00052,0.70683,0.00055,0.70738,1,3,0.99915,0.03129,0.00721,-0.02592,0.06719,0.08192,0.63097,0,1
1768333701.984758,-0.00792,-0.05126,-1.04989,0.01170,-0.00126,-0.00028,0.56295,0.00090,0.22805,-0.00052,0.70683,0.00055,0.70738,1,3,0.99915,0.03129,0.00721,-0.02592,0.06719,0.08192,0.63097,0,1
1768333701.986778,0.00252,-0.03234,-1.02711,0.00909,-0.00176,0.00080,0.56291,0.00090,0.22805,-0.00052,0.70683,0.00055,0.70738,1,3,0.99915,0.03129,0.00721,-0.02592,0.06719,0.08192,0.63097,0,1
1768333701.988772,0.02004,-0.07819,-1.02637,0.00853,-0.00042,0.00039,0.56291,0.00090,0.22805,-0.00052,0.70683,0.00055,0.70738,1,3,0.99915,0.03129,0.00721,-0.02592,0.06719,0.08192,0.63097,0,1
1768333701.990792,0.00894,-0.10965,-0.96446,0.00728,-0.00127,0.00074,0.56287,0.00090,0.22805,-0.00052,0.70683,0.00055,0.70738,1,3,0.99915,0.03129,0.00721,-0.02592,0.06719,0.08192,0.63097,0,1
1768333701.992774,0.00068,-0.12196,-0.95678,0.01084,0.00023,0.00088,0.56287,0.00090,0.22805,-0.00052,0.70683,0.00055,0.70738,1,3,0.99915,0.03129,0.00721,-0.02592,0.06719,0.08192,0.63097,0,1
1768333701.994797,-0.00031,-0.08095,-1.00330,0.01222,-0.00131,0.00056,0.56283,0.00090,0.22805,-0.00052,0.70683,0.00055,0.70738,1,3,0.99915,0.03129,0.00721,-0.02592,0.06719,0.08192,0.63097,0,1
1768333701.996768,0.01827,-0.04226,-1.07278,0.01050,-0.00157,0.00021,0.56283,0.00090,0.22805,-0.00052,0.70683,0.00055,0.70738,1,3,0.99915,0.03129,0.00721,-0.02592,0.06719,0.08192,0.63097,0,1
1768333701.998781,0.00071,-0.05432,-1.08726,0.00729,-0.00261,0.00037,0.56283,0.00090,0.22805,-0.00052,0.70683,0.00055,0.70738,1,3,0.99915,0.03129,0.00721,-0.02592,0.06719,0.08192,0.63097,0,1
1768333702.000776,0.00243,-0.06106,-1.05661,0.00962,-0.00275,0.00079,0.56279,0.00090,0.22805,-0.00052,0.70683,0.00055,0.70739,1,3,0.99915,0.03129,0.00721,-0.02592,0.06719,0.08192,0.63097,0,1
1768333702.002781,0.01039,-0.09573,-0.99553,0.01072,-0.00195,-0.00024,0.56279,0.00090,0.22805,-0.00052,0.70683,0.00055,0.70739,1,3,0.99915,0.03129,0.00721,-0.02592,0.06719,0.08192,0.63097,0,1
1768333702.004813,-0.00182,-0.10416,-1.00269,0.00953,-0.00090,0.00058,0.56275,0.00090,0.22806,-0.00052,0.70682,0.00055,0.70739,1,3,0.99915,0.03129,0.00721,-0.02592,0.06719,0.08192,0.63097,0,1
1768333702.006791,0.00934,-0.07761,-1.10979,0.01051,-0.00041,0.00074,0.56275,0.00090,0.22806,-0.00052,0.70682,0.00055,0.70739,1,3,0.99915,0.03129,0.00721,-0.02592,0.06719,0.08192,0.63097,0,1
1768333702.008792,0.00364,-0.07957,-1.10240,0.01223,-0.00009,0.00021,0.56271,0.00090,0.22806,-0.00052,0.70682,0.00055,0.70739,1,3,0.99919,0.03074,0.00744,-0.02472,0.06700,0.08200,0.63121,0,1
1768333702.010794,0.01851,-0.08141,-1.06400,0.01046,-0.00204,0.00050,0.56271,0.00090,0.22806,-0.00052,0.70682,0.00055,0.70739,1,3,0.99919,0.03074,0.00744,-0.02472,0.06700,0.08200,0.63121,0,1
1768333702.012793,0.02336,-0.09573,-1.04129,0.00941,0.00019,0.00025,0.56267,0.00090,0.22806,-0.00052,0.70682,0.00055,0.70739,1,3,0.99919,0.03074,0.00744,-0.02472,0.06700,0.08200,0.63121,0,1
1768333702.014782,-0.01781,-0.08160,-1.07178,0.01242,0.00004,0.00052,0.56263,0.00090,0.22806,-0.00052,0.70682,0.00055,0.70739,1,3,0.99919,0.03074,0.00744,-0.02472,0.06700,0.08200,0.63121,0,1
1768333702.016774,0.00991,-0.07672,-1.04126,0.01030,-0.00156,0.00080,0.56263,0.00090,0.22806,-0.00052,0.70682,0.00055,0.70739,1,3,0.99919,0.03074,0.00744,-0.02472,0.06700,0.08200,0.63121,0,1
1768333702.018791,-0.00297,-0.06550,-0.94238,0.00716,-0.00383,0.00063,0.56259,0.00090,0.22806,-0.00052,0.70682,0.00055,0.70739,1,3,0.99919,0.03074,0.00744,-0.02472,0.06700,0.08200,0.63121,0,1
1768333702.020807,0.01857,-0.11027,-0.98737,0.01099,-0.00254,0.00017,0.56259,0.00090,0.22806,-0.00052,0.70682,0.00055,0.70739,1,3,0.99919,0.03074,0.00744,-0.02472,0.06700,0.08200,0.63121,0,1
1768333702.022806,-0.01606,-0.12678,-0.94914,0.01078,0.00069,0.00063,0.56255,0.00090,0.22806,-0.00052,0.70682,0.00055,0.70739,1,3,0.99919,0.03074,0.00744,-0.02472,0.06700,0.08200,0.63121,0,1
1768333702.024803,-0.00081,-0.05184,-1.04214,0.01235,-0.00069,0.00052,0.56255,0.00090,0.22806,-0.00052,0.70682,0.00055,0.70739,1,3,0.99919,0.03074,0.00744,-0.02472,0.06700,0.08200,0.63121,0,1
1768333702.026809,0.02817,-0.01826,-1.06594,0.00904,-0.00146,-0.00007,0.56251,0.00090,0.22806,-0.00052,0.70682,0.00055,0.70740,1,3,0.99919,0.03074,0.00744,-0.02472,0.06700,0.08200,0.63121,0,1
1768333702.028797,0.02841,-0.04259,-1.06494,0.00875,-0.00219,0.00062,0.56251,0.00090,0.22806,-0.00052,0.70682,0.00055,0.70740,1,3,0.99919,0.03074,0.00744,-0.02472,0.06700,0.08200,0.63121,0,1
1768333702.030800,0.01447,-0.10912,-1.01776,0.01013,-0.00121,0.00068,0.56251,0.00090,0.22806,-0.00052,0.70682,0.00055,0.70740,1,3,0.99919,0.03074,0.00744,-0.02472,0.06700,0.08200,0.63121,0,1
1768333702.032810,0.00579,-0.09459,-0.99559,0.01030,-0.00037,0.00030,0.56246,0.00090,0.22806,-0.00052,0.70682,0.00055,0.70739,1,3,0.99919,0.03074,0.00744,-0.02472,0.06700,0.08200,0.63121,0,1
1768333702.034811,0.00092,-0.08153,-1.04905,0.01111,-0.00095,0.00012,0.56246,0.00090,0.22806,-0.00052,0.70682,0.00055,0.70739,1,3,0.99919,0.03074,0.00744,-0.02472,0.06700,0.08200,0.63121,0,1
1768333702.036798,0.01472,-0.06014,-1.11783,0.00963,-0.00112,0.00046,0.56242,0.00090,0.22806,-0.00052,0.70682,0.00055,0.70739,1,3,0.99919,0.03074,0.00744,-0.02472,0.06700,0.08200,0.63121,0,1
1768333702.038812,0.01400,-0.05934,-1.04959,0.01073,-0.00151,0.00011,0.56242,0.00090,0.22806,-0.00052,0.70682,0.00055,0.70739,1,3,0.99919,0.03074,0.00744,-0.02472,0.06700,0.08200,0.63121,0,1
1768333702.040812,-0.01468,-0.08240,-1.00332,0.00936,0.00000,0.00058,0.56238,0.00090,0.22806,-0.00052,0.70682,0.00055,0.70739,1,3,0.99919,0.03074,0.00744,-0.02472,0.06700,0.08200,0.63121,0,1
1768333702.042835,-0.00450,-0.08693,-0.96480,0.00777,-0.00151,0.00115,0.56238,0.00090,0.22806,-0.00052,0.70682,0.00055,0.70739,1,3,0.99923,0.02988,0.00576,-0.02493,0.06679,0.08205,0.63123,0,1
1768333702.044815,-0.00338,-0.07961,-1.03377,0.01070,-0.00038,0.00068,0.56234,0.00090,0.22806,-0.00052,0.70682,0.00055,0.70739,1,3,0.99923,0.02988,0.00576,-0.02493,0.06679,0.08205,0.63123,0,1
1768333702.046811,0.00035,-0.06124,-1.08753,0.01180,-0.00147,-0.00005,0.56234,0.00090,0.22806,-0.00052,0.70682,0.00055,0.70739,1,3,0.99923,0.02988,0.00576,-0.02493,0.06679,0.08205,0.63123,0,1
1768333702.048817,0.00596,-0.07500,-1.03394,0.00988,-0.00050,0.00053,0.56230,0.00090,0.22806,-0.00052,0.70682,0.00055,0.70739,1,3,0.99923,0.02988,0.00576,-0.02493,0.06679,0.08205,0.63123,0,1
1768333702.050840,0.00185,-0.07232,-1.01907,0.01013,-0.00034,-0.00013,0.56226,0.00090,0.22805,-0.00052,0.70683,0.00055,0.70738,1,3,0.99923,0.02988,0.00576,-0.02493,0.06679,0.08205,0.63123,0,1
1768333702.052843,-0.00735,-0.09521,-1.03311,0.01117,-0.00223,0.00056,0.56226,0.00090,0.22805,-0.00052,0.70683,0.00055,0.70738,1,3,0.99923,0.02988,0.00576,-0.02493,0.06679,0.08205,0.63123,0,1
1768333702.054846,0.02728,-0.06010,-1.06448,0.01094,-0.00408,-0.00004,0.56222,0.00090,0.22805,-0.00052,0.70684,0.00055,0.70738,1,3,0.99923,0.02988,0.00576,-0.02493,0.06679,0.08205,0.63123,0,1
1768333702.056832,0.00008,-0.08980,-1.10942,0.01254,-0.00258,-0.00005,0.56222,0.00090,0.22805,-0.00052,0.70684,0.00055,0.70738,1,3,0.99923,0.02988,0.00576,-0.02493,0.06679,0.08205,0.63123,0,1
1768333702.058827,-0.03006,-0.07742,-1.09443,0.01269,-0.00172,0.00025,0.56218,0.00090,0.22805,-0.00052,0.70684,0.00055,0.70738,1,3,0.99923,0.02988,0.00576,-0.02493,0.06679,0.08205,0.63123,0,1
1768333702.060824,0.01888,-0.07172,-1.03400,0.01014,-0.00181,0.00025,0.56218,0.00090,0.22805,-0.00052,0.70684,0.00055,0.70738,1,3,0.99923,0.02988,0.00576,-0.02493,0.06679,0.08205,0.63123,0,1
1768333702.062842,-0.00285,-0.10716,-1.01783,0.01146,-0.00254,-0.00010,0.56214,0.00090,0.22804,-0.00052,0.70684,0.00055,0.70737,1,3,0.99923,0.02988,0.00576,-0.02493,0.06679,0.08205,0.63123,0,1
1768333702.064822,0.01477,-0.08903,-1.06399,0.01015,-0.00162,0.00010,0.56214,0.00090,0.22804,-0.00052,0.70684,0.00055,0.70737,1,3,0.99923,0.02988,0.00576,-0.02493,0.06679,0.08205,0.63123,0,1
1768333702.066833,-0.00840,-0.05694,-1.07246,0.01163,-0.00047,0.00024,0.56214,0.00090,0.22804,-0.00052,0.70684,0.00055,0.70737,1,3,0.99923,0.02988,0.00576,-0.02493,0.06679,0.08205,0.63123,0,1
1768333702.068822,0.00008,-0.07447,-1.01106,0.00792,-0.00158,0.00016,0.56210,0.00090,0.22804,-0.00052,0.70684,0.00055,0.70737,1,3,0.99923,0.02988,0.00576,-0.02493,0.06679,0.08205,0.63123,0,1
1768333702.070853,-0.01640,-0.07968,-1.08692,0.01223,-0.00240,-0.00029,0.56210,0.00090,0.22804,-0.00052,0.70684,0.00055,0.70737,1,3,0.99923,0.02988,0.00576,-0.02493,0.06679,0.08205,0.63123,0,1
1768333702.072893,-0.00067,-0.11477,-1.08582,0.01290,-0.00216,0.00065,0.56210,0.00090,0.22804,-0.00052,0.70684,0.00055,0.70737,1,3,0.99923,0.02988,0.00576,-0.02493,0.06679,0.08205,0.63123,0,1
1768333702.074849,0.00988,-0.10093,-1.01785,0.01066,-0.00192,0.00069,0.56206,0.00090,0.22804,-0.00052,0.70685,0.00055,0.70737,1,3,0.99923,0.02904,0.00792,-0.02503,0.06654,0.08206,0.63091,0,1
1768333702.076900,0.01455,-0.08532,-0.99585,0.00976,-0.00010,0.00042,0.56206,0.00090,0.22804,-0.00052,0.70685,0.00055,0.70737,1,3,0.99923,0.02904,0.00792,-0.02503,0.06654,0.08206,0.63091,0,1
1768333702.078892,0.01256,-0.07416,-1.14046,0.01208,-0.00109,0.00004,0.56202,0.00090,0.22804,-0.00052,0.70684,0.00055,0.70737,1,3,0.99923,0.02904,0.00792,-0.02503,0.06654,0.08206,0.63091,0,1
1768333702.080840,0.00823,-0.10645,-1.12419,0.01191,-0.00088,0.00074,0.56202,0.00090,0.22804,-0.00052,0.70684,0.00055,0.70737,1,3,0.99923,0.02904,0.00792,-0.02503,0.06654,0.08206,0.63091,0,1
1768333702.082861,0.01362,-0.10453,-1.04826,0.01062,-0.00069,0.00093,0.56194,0.00090,0.22804,-0.00052,0.70685,0.00055,0.70736,1,3,0.99923,0.02904,0.00792,-0.02503,0.06654,0.08206,0.63091,0,1
1768333702.084875,-0.01269,-0.09824,-0.99530,0.01200,-0.00090,0.00045,0.56194,0.00090,0.22804,-0.00052,0.70685,0.00055,0.70736,1,3,0.99923,0.02904,0.00792,-0.02503,0.06654,0.08206,0.63091,0,1
1768333702.086870,0.00454,-0.06193,-0.95027,0.00742,-0.00227,0.00088,0.56190,0.00090,0.22804,-0.00052,0.70685,0.00055,0.70736,1,3,0.99923,0.02904,0.00792,-0.02503,0.06654,0.08206,0.63091,0,1
1768333702.088852,0.02564,-0.07756,-1.10225,0.01117,-0.00073,0.00073,0.56190,0.00090,0.22804,-0.00052,0.70685,0.00055,0.70736,1,3,0.99923,0.02904,0.00792,-0.02503,0.06654,0.08206,0.63091,0,1
1768333702.090861,0.00479,-0.08480,-1.11737,0.01107,-0.00022,0.00033,0.56186,0.00090,0.22804,-0.00052,0.70685,0.00055,0.70736,1,3,0.99923,0.02904,0.00792,-0.02503,0.06654,0.08206,0.63091,0,1
1768333702.092861,-0.01068,-0.06474,-0.97328,0.00957,-0.00057,0.00073,0.56186,0.00090,0.22804,-0.00052,0.70685,0.00055,0.70736,1,3,0.99923,0.02904,0.00792,-0.02503,0.06654,0.08206,0.63091,0,1
1768333702.094862,-0.00594,-0.04641,-0.92790,0.00936,-0.00216,0.00090,0.56186,0.00090,0.22804,-0.00052,0.70685,0.00055,0.70736,1,3,0.99923,0.02904,0.00792,-0.02503,0.06654,0.08206,0.63091,0,1
1768333702.096857,0.01150,-0.05579,-0.98854,0.00946,-0.00326,0.00030,0.56182,0.00090,0.22804,-0.00052,0.70685,0.00055,0.70737,1,3,0.99923,0.02904,0.00792,-0.02503,0.06654,0.08206,0.63091,0,1
1768333702.098893,0.00387,-0.07399,-1.07969,0.01230,-0.00086,0.00009,0.56182,0.00090,0.22804,-0.00052,0.70685,0.00055,0.70737,1,3,0.99923,0.02904,0.00792,-0.02503,0.06654,0.08206,0.63091,0,1
1768333702.100863,0.00944,-0.06861,-1.02676,0.01018,0.00084,0.00053,0.56178,0.00090,0.22804,-0.00052,0.70685,0.00055,0.70737,1,3,0.99923,0.02904,0.00792,-0.02503,0.06654,0.08206,0.63091,0,1
1768333702.102866,-0.03248,-0.07187,-0.95807,0.01036,0.00020,0.00036,0.56178,0.00090,0.22804,-0.00052,0.70685,0.00055,0.70737,1,3,0.99923,0.02904,0.00792,-0.02503,0.06654,0.08206,0.63091,0,1
1768333702.104892,0.03633,-0.04209,-1.00434,0.00963,-0.00255,0.00025,0.56178,0.00090,0.22804,-0.00052,0.70685,0.00055,0.70737,1,3,0.99923,0.02904,0.00792,-0.02503,0.06654,0.08206,0.63091,0,1
1768333702.106906,0.00139,-0.05127,-1.08745,0.01061,-0.00224,0.00049,0.56174,0.00090,0.22804,-0.00052,0.70685,0.00055,0.70736,1,3,0.99932,0.02869,0.00620,-0.02226,0.06638,0.08218,0.63140,0,1
1768333702.108887,0.01030,-0.07765,-1.09454,0.00963,-0.00067,0.00075,0.56174,0.00090,0.22804,-0.00052,0.70685,0.00055,0.70736,1,3,0.99932,0.02869,0.00620,-0.02226,0.06638,0.08218,0.63140,0,1
1768333702.110905,-0.00844,-0.09943,-1.00258,0.00762,-0.00120,0.00086,0.56170,0.00090,0.22804,-0.00052,0.70685,0.00055,0.70736,1,3,0.99932,0.02869,0.00620,-0.02226,0.06638,0.08218,0.63140,0,1
1768333702.112889,-0.01257,-0.08799,-1.05635,0.01213,-0.00142,0.00013,0.56166,0.00090,0.22803,-0.00052,0.70685,0.00055,0.70736,1,3,0.99932,0.02869,0.00620,-0.02226,0.06638,0.08218,0.63140,0,1
1768333702.114890,0.01286,-0.10521,-1.04012,0.00821,-0.00385,0.00081,0.56162,0.00090,0.22803,-0.00052,0.70686,0.00055,0.70736,1,3,0.99932,0.02869,0.00620,-0.02226,0.06638,0.08218,0.63140,0,1
1768333702.116869,-0.00320,-0.07769,-1.07178,0.01160,-0.00243,-0.00016,0.56162,0.00090,0.22803,-0.00052,0.70686,0.00055,0.70736,1,3,0.99932,0.02869,0.00620,-0.02226,0.06638,0.08218,0.63140,0,1
1768333702.118895,-0.01149,-0.07986,-1.07174,0.01026,-0.00003,0.00065,0.56158,0.00090,0.22803,-0.00052,0.70686,0.00055,0.70736,1,3,0.99932,0.02869,0.00620,-0.02226,0.06638,0.08218,0.63140,0,1
1768333702.120870,-0.01727,-0.11063,-1.10887,0.01229,-0.00082,0.00051,0.56158,0.00090,0.22803,-0.00052,0.70686,0.00055,0.70736,1,3,0.99932,0.02869,0.00620,-0.02226,0.06638,0.08218,0.63140,0,1
1768333702.122927,-0.01700,-0.12425,-1.10051,0.01234,-0.00246,0.00092,0.56154,0.00090,0.22803,-0.00052,0.70686,0.00055,0.70735,1,3,0.99932,0.02869,0.00620,-0.02226,0.06638,0.08218,0.63140,0,1
1768333702.124876,0.02233,-0.09696,-1.00264,0.01159,-0.00386,0.00042,0.56154,0.00090,0.22803,-0.00052,0.70686,0.00055,0.70735,1,3,0.99932,0.02869,0.00620,-0.02226,0.06638,0.08218,0.63140,0,1
1768333702.126901,0.00072,-0.08583,-1.01822,0.01128,-0.00183,0.00069,0.56154,0.00090,0.22803,-0.00052,0.70686,0.00055,0.70735,1,3,0.99932,0.02869,0.00620,-0.02226,0.06638,0.08218,0.63140,0,1
1768333702.128875,0.00982,-0.08067,-1.07890,0.01069,-0.00282,0.00091,0.56149,0.00090,0.22802,-0.00052,0.70686,0.00055,0.70735,1,3,0.99932,0.02869,0.00620,-0.02226,0.06638,0.08218,0.63140,0,1
1768333702.130875,0.02170,-0.09866,-1.12446,0.01156,-0.00181,0.00032,0.56149,0.00090,0.22802,-0.00052,0.70686,0.00055,0.70735,1,3,0.99932,0.02869,0.00620,-0.02226,0.06638,0.08218,0.63140,0,1
1768333702.132883,0.01835,-0.09163,-1.06406,0.01077,-0.00128,-0.00004,0.56149,0.00090,0.22802,-0.00052,0.70686,0.00055,0.70735,1,3,0.99932,0.02869,0.00620,-0.02226,0.06638,0.08218,0.63140,0,1
1768333702.134900,-0.01617,-0.09676,-0.97243,0.01071,-0.00009,0.00101,0.56145,0.00090,0.22802,-0.00052,0.70686,0.00055,0.70735,1,3,0.99932,0.02869,0.00620,-0.02226,0.06638,0.08218,0.63140,0,1
1768333702.136907,-0.00742,-0.07173,-1.00385,0.01101,-0.00048,-0.00011,0.56145,0.00090,0.22802,-0.00052,0.70686,0.00055,0.70735,1,3,0.99932,0.02869,0.00620,-0.02226,0.06638,0.08218,0.63140,0,1
1768333702.138910,0.00455,-0.05307,-1.12539,0.01190,-0.00278,0.00033,0.56141,0.00090,0.22802,-0.00052,0.70686,0.00055,0.70735,1,3,0.99932,0.02869,0.00620,-0.02226,0.06638,0.08218,0.63140,0,1
1768333702.140909,0.02365,-0.03910,-1.01944,0.00967,-0.00291,0.00039,0.56141,0.00090,0.22802,-0.00052,0.70686,0.00055,0.70735,1,3,0.99932,0.02869,0.00620,-0.02226,0.06638,0.08218,0.63140,0,1
1768333702.143002,-0.00939,-0.05818,-0.92014,0.00921,-0.00263,0.00024,0.56137,0.00090,0.22803,-0.00052,0.70686,0.00055,0.70735,1,3,0.99931,0.02791,0.00703,-0.02332,0.06615,0.08221,0.63120,0,1
1768333702.144921,0.00409,-0.10146,-0.97993,0.00825,-0.00174,0.00032,0.56137,0.00090,0.22803,-0.00052,0.70686,0.00055,0.70735,1,3,0.99931,0.02791,0.00703,-0.02332,0.06615,0.08221,0.63120,0,1
1768333702.146902,0.00788,-0.11587,-1.05580,0.01267,-0.00088,0.00025,0.56133,0.00090,0.22803,-0.00052,0.70686,0.00055,0.70735,1,3,0.99931,0.02791,0.00703,-0.02332,0.06615,0.08221,0.63120,0,1
1768333702.148894,0.00847,-0.08211,-1.03403,0.01176,-0.00015,0.00012,0.56133,0.00090,0.22803,-0.00052,0.70686,0.00055,0.70735,1,3,0.99931,0.02791,0.00703,-0.02332,0.06615,0.08221,0.63120,0,1
1768333702.150915,-0.01383,-0.05404,-1.08767,0.01276,-0.00053,0.00037,0.56129,0.00090,0.22802,-0.00052,0.70686,0.00055,0.70735,1,3,0.99931,0.02791,0.00703,-0.02332,0.06615,0.08221,0.63120,0,1
1768333702.152913,-0.00826,-0.07510,-1.07942,0.01228,-0.00224,-0.00002,0.56125,0.00089,0.22803,-0.00052,0.70686,0.00055,0.70735,1,3,0.99931,0.02791,0.00703,-0.02332,0.06615,0.08221,0.63120,0,1
1768333702.154970,0.01950,-0.07572,-1.04121,0.00988,-0.00320,0.00039,0.56125,0.00089,0.22803,-0.00052,0.70686,0.00055,0.70735,1,3,0.99931,0.02791,0.00703,-0.02332,0.06615,0.08221,0.63120,0,1
1768333702.156964,0.00229,-0.07496,-1.03350,0.01032,-0.00351,0.00041,0.56121,0.00089,0.22802,-0.00052,0.70686,0.00055,0.70735,1,3,0.99931,0.02791,0.00703,-0.02332,0.06615,0.08221,0.63120,0,1
1768333702.158927,0.00191,-0.07596,-1.06406,0.01031,-0.00223,0.00038,0.56121,0.00089,0.22802,-0.00052,0.70686,0.00055,0.70735,1,3,0.99931,0.02791,0.00703,-0.02332,0.06615,0.08221,0.63120,0,1
1768333702.160907,0.01429,-0.08854,-1.10156,0.01038,-0.00248,0.00089,0.56117,0.00089,0.22802,-0.00052,0.70687,0.00055,0.70735,1,3,0.99931,0.02791,0.00703,-0.02332,0.06615,0.08221,0.63120,0,1
1768333702.162951,0.00916,-0.10091,-1.07106,0.01132,-0.00178,0.00065,0.56117,0.00089,0.22802,-0.00052,0.70687,0.00055,0.70735,1,3,0.99931,0.02791,0.00703,-0.02332,0.06615,0.08221,0.63120,0,1
1768333702.164955,0.00943,-0.12063,-1.03268,0.01130,-0.00165,0.00041,0.56113,0.00089,0.22802,-0.00052,0.70686,0.00055,0.70735,1,3,0.99931,0.02791,0.00703,-0.02332,0.06615,0.08221,0.63120,0,1
1768333702.166906,0.00506,-0.09321,-1.03358,0.01163,-0.00163,-0.00013,0.56113,0.00089,0.22802,-0.00052,0.70686,0.00055,0.70735,1,3,0.99931,0.02791,0.00703,-0.02332,0.06615,0.08221,0.63120,0,1
1768333702.168915,-0.00819,-0.07130,-1.10238,0.01167,-0.00110,0.00022,0.56113,0.00089,0.22802,-0.00052,0.70686,0.00055,0.70735,1,3,0.99931,0.02791,0.00703,-0.02332,0.06615,0.08221,0.63120,0,1
1768333702.170908,-0.01340,-0.07289,-1.13232,0.01253,-0.00203,0.00088,0.56109,0.00089,0.22802,-0.00052,0.70686,0.00055,0.70735,1,3,0.99931,0.02791,0.00703,-0.02332,0.06615,0.08221,0.63120,0,1
1768333702.172904,0.00638,-0.06894,-1.07949,0.00996,-0.00203,0.00037,0.56109,0.00089,0.22802,-0.00052,0.70686,0.00055,0.70735,1,3,0.99931,0.02791,0.00703,-0.02332,0.06615,0.08221,0.63120,0,1
1768333702.174905,0.00157,-0.11033,-1.01757,0.01077,-0.00220,0.00057,0.56105,0.00089,0.22803,-0.00052,0.70686,0.00055,0.70735,1,3,0.99931,0.02791,0.00703,-0.02332,0.06615,0.08221,0.63120,0,1
1768333702.176930,0.00080,-0.10532,-0.98001,0.01170,-0.00170,0.00005,0.56105,0.00089,0.22803,-0.00052,0.70686,0.00055,0.70735,1,3,0.99931,0.02791,0.00703,-0.02332,0.06615,0.08221,0.63120,0,1
1768333702.179000,0.01357,-0.08771,-1.01053,0.01148,-0.00287,0.00055,0.56101,0.00089,0.22803,-0.00052,0.70686,0.00055,0.70735,1,3,0.99931,0.02731,0.00815,-0.02372,0.06592,0.08225,0.63101,0,1
1768333702.180947,0.00984,-0.07612,-1.08710,0.01096,-0.00195,-0.00005,0.56101,0.00089,0.22803,-0.00052,0.70686,0.00055,0.70735,1,3,0.99931,0.02731,0.00815,-0.02372,0.06592,0.08225,0.63101,0,1
1768333702.182971,0.01578,-0.07234,-1.10990,0.01232,-0.00048,0.00100,0.56097,0.00089,0.22803,-0.00052,0.70686,0.00055,0.70735,1,3,0.99931,0.02731,0.00815,-0.02372,0.06592,0.08225,0.63101,0,1
1768333702.184944,-0.01583,-0.10137,-1.08644,0.01087,-0.00047,0.00025,0.56093,0.00089,0.22802,-0.00052,0.70686,0.00055,0.70735,1,3,0.99931,0.02731,0.00815,-0.02372,0.06592,0.08225,0.63101,0,1
1768333702.186953,0.00891,-0.08096,-1.03381,0.01178,-0.00168,0.00013,0.56093,0.00089,0.22802,-0.00052,0.70686,0.00055,0.70735,1,3,0.99931,0.02731,0.00815,-0.02372,0.06592,0.08225,0.63101,0,1
1768333702.188993,0.01509,-0.10304,-0.98753,0.01020,-0.00250,0.00017,0.56089,0.00089,0.22803,-0.00052,0.70686,0.00055,0.70736,1,3,0.99931,0.02731,0.00815,-0.02372,0.06592,0.08225,0.63101,0,1
1768333702.190944,0.02154,-0.06864,-1.05681,0.01171,-0.00222,0.00037,0.56089,0.00089,0.22803,-0.00052,0.70686,0.00055,0.70736,1,3,0.99931,0.02731,0.00815,-0.02372,0.06592,0.08225,0.63101,0,1
1768333702.192935,0.00563,-0.05972,-1.11021,0.01029,-0.00114,0.00047,0.56085,0.00089,0.22803,-0.00052,0.70686,0.00055,0.70735,1,3,0.99931,0.02731,0.00815,-0.02372,0.06592,0.08225,0.63101,0,1
1768333702.195019,0.00077,-0.06221,-1.07970,0.01069,-0.00082,0.00077,0.56085,0.00089,0.22803,-0.00052,0.70686,0.00055,0.70735,1,3,0.99931,0.02731,0.00815,-0.02372,0.06592,0.08225,0.63101,0,1
1768333702.196929,-0.00848,-0.09547,-1.07156,0.01247,-0.00121,-0.00029,0.56080,0.00089,0.22803,-0.00052,0.70686,0.00055,0.70736,1,3,0.99931,0.02731,0.00815,-0.02372,0.06592,0.08225,0.63101,0,1
1768333702.199025,-0.00869,-0.12530,-1.00975,0.01233,-0.00105,0.00058,0.56080,0.00089,0.22803,-0.00052,0.70686,0.00055,0.70736,1,3,0.99931,0.02731,0.00815,-0.02372,0.06592,0.08225,0.63101,0,1
1768333702.200943,0.00948,-0.12112,-1.00238,0.01107,-0.00102,0.00043,0.56080,0.00089,0.22803,-0.00052,0.70686,0.00055,0.70736,1,3,0.99931,0.02731,0.00815,-0.02372,0.06592,0.08225,0.63101,0,1
1768333702.202933,0.00106,-0.07129,-1.07954,0.01102,-0.00159,0.00023,0.56076,0.00089,0.22803,-0.00052,0.70686,0.00055,0.70736,1,3,0.99931,0.02731,0.00815,-0.02372,0.06592,0.08225,0.63101,0,1
1768333702.204929,0.00976,-0.07714,-1.07172,0.01030,-0.00105,0.00077,0.56076,0.00089,0.22803,-0.00052,0.70686,0.00055,0.70736,1,3,0.99931,0.02731,0.00815,-0.02372,0.06592,0.08225,0.63101,0,1
1768333702.206946,0.00971,-0.06155,-1.04196,0.01092,-0.00158,-0.00002,0.56072,0.00089,0.22803,-0.00052,0.70686,0.00055,0.70736,1,3,0.99931,0.02731,0.00815,-0.02372,0.06592,0.08225,0.63101,0,1
1768333702.208963,0.00883,-0.07616,-1.02643,0.01184,-0.00143,-0.00000,0.56072,0.00089,0.22803,-0.00052,0.70686,0.00055,0.70736,1,3,0.99931,0.02731,0.00815,-0.02372,0.06592,0.08225,0.63101,0,1
1768333702.210957,0.01848,-0.08212,-1.04893,0.01024,-0.00115,0.00051,0.56068,0.00089,0.22803,-0.00052,0.70685,0.00055,0.70736,1,3,0.99931,0.02731,0.00815,-0.02372,0.06592,0.08225,0.63101,0,1
1768333702.212966,0.01431,-0.08028,-1.11013,0.01025,-0.00010,-0.00021,0.56068,0.00089,0.22803,-0.00052,0.70685,0.00055,0.70736,1,3,0.99924,0.02648,0.01102,-0.02634,0.06566,0.08225,0.63058,0,1
1768333702.214958,0.01307,-0.09263,-1.13984,0.01229,-0.00261,-0.00022,0.56064,0.00089,0.22803,-0.00052,0.70685,0.00055,0.70736,1,3,0.99924,0.02648,0.01102,-0.02634,0.06566,0.08225,0.63058,0,1
1768333702.216964,-0.01515,-0.07477,-1.02590,0.01076,-0.00304,0.00043,0.56064,0.00089,0.22803,-0.00052,0.70685,0.00055,0.70736,1,3,0.99924,0.02648,0.01102,-0.02634,0.06566,0.08225,0.63058,0,1
1768333702.218958,0.00128,-0.06937,-1.03366,0.01148,-0.00388,0.00028,0.56060,0.00089,0.22804,-0.00052,0.70685,0.00055,0.70736,1,3,0.99924,0.02648,0.01102,-0.02634,0.06566,0.08225,0.63058,0,1
1768333702.221006,-0.01608,-0.11427,-1.12394,0.01203,-0.00249,-0.00017,0.56056,0.00089,0.22803,-0.00052,0.70685,0.00055,0.70736,1,3,0.99924,0.02648,0.01102,-0.02634,0.06566,0.08225,0.63058,0,1
1768333702.222975,-0.01657,-0.09075,-1.07916,0.01187,-0.00099,-0.00002,0.56056,0.00089,0.22803,-0.00052,0.70685,0.00055,0.70736,1,3,0.99924,0.02648,0.01102,-0.02634,0.06566,0.08225,0.63058,0,1
1768333702.225030,0.00624,-0.08277,-1.01080,0.01066,-0.00279,0.00002,0.56052,0.00089,0.22804,-0.00052,0.70685,0.00055,0.70736,1,3,0.99924,0.02648,0.01102,-0.02634,0.06566,0.08225,0.63058,0,1
1768333702.227051,0.01356,-0.04196,-1.01169,0.00723,-0.00291,0.00028,0.56052,0.00089,0.22804,-0.00052,0.70685,0.00055,0.70736,1,3,0.99924,0.02648,0.01102,-0.02634,0.06566,0.08225,0.63058,0,1
1768333702.229048,-0.00688,-0.06186,-1.16329,0.01026,-0.00124,0.00031,0.56048,0.00089,0.22803,-0.00052,0.70685,0.00055,0.70736,1,3,0.99924,0.02648,0.01102,-0.02634,0.06566,0.08225,0.63058,0,1
1768333702.230946,-0.01073,-0.09341,-1.10149,0.01010,-0.00180,0.00064,0.56048,0.00089,0.22803,-0.00052,0.70685,0.00055,0.70736,1,3,0.99924,0.02648,0.01102,-0.02634,0.06566,0.08225,0.63058,0,1
1768333702.232974,0.00050,-0.10492,-1.01016,0.01192,-0.00232,0.00043,0.56044,0.00089,0.22804,-0.00052,0.70685,0.00055,0.70736,1,3,0.99924,0.02648,0.01102,-0.02634,0.06566,0.08225,0.63058,0,1
1768333702.234967,-0.00127,-0.07855,-0.98788,0.00919,-0.00232,0.00072,0.56044,0.00089,0.22804,-0.00052,0.70685,0.00055,0.70736,1,3,0.99924,0.02648,0.01102,-0.02634,0.06566,0.08225,0.63058,0,1
1768333702.236976,-0.01335,-0.06400,-1.17099,0.01242,-0.00065,0.00017,0.56044,0.00089,0.22804,-0.00052,0.70685,0.00055,0.70736,1,3,0.99924,0.02648,0.01102,-0.02634,0.06566,0.08225,0.63058,0,1
1768333702.238965,0.01194,-0.09158,-1.16207,0.00837,-0.00257,0.00111,0.56040,0.00089,0.22804,-0.00052,0.70685,0.00055,0.70736,1,3,0.99924,0.02648,0.01102,-0.02634,0.06566,0.08225,0.63058,0,1
1768333702.240965,-0.00315,-0.08818,-1.06391,0.01125,-0.00178,0.00012,0.56040,0.00089,0.22804,-0.00052,0.70685,0.00055,0.70736,1,3,0.99924,0.02648,0.01102,-0.02634,0.06566,0.08225,0.63058,0,1
1768333702.243003,-0.01910,-0.10170,-1.04010,0.01043,-0.00347,0.00097,0.56036,0.00089,0.22804,-0.00052,0.70685,0.00055,0.70736,1,3,0.99936,0.02590,0.00560,-0.02397,0.06552,0.08237,0.63128,0,1
1768333702.244978,-0.02123,-0.08784,-1.10931,0.01213,-0.00156,0.00050,0.56036,0.00089,0.22804,-0.00052,0.70685,0.00055,0.70736,1,3,0.99936,0.02590,0.00560,-0.02397,0.06552,0.08237,0.63128,0,1
1768333702.246984,-0.02158,-0.08677,-1.13973,0.01301,-0.00257,0.00008,0.56032,0.00089,0.22804,-0.00052,0.70685,0.00055,0.70737,1,3,0.99936,0.02590,0.00560,-0.02397,0.06552,0.08237,0.63128,0,1
1768333702.249062,0.00004,-0.07262,-0.99559,0.00860,-0.00374,0.00018,0.56032,0.00089,0.22804,-0.00052,0.70685,0.00055,0.70737,1,3,0.99936,0.02590,0.00560,-0.02397,0.06552,0.08237,0.63128,0,1
1768333702.250975,-0.01879,-0.09709,-0.98734,0.01027,-0.00286,0.00047,0.56032,0.00089,0.22804,-0.00052,0.70685,0.00055,0.70737,1,3,0.99936,0.02590,0.00560,-0.02397,0.06552,0.08237,0.63128,0,1
1768333702.253008,0.00517,-0.07643,-1.03352,0.00724,-0.00278,0.00041,0.56024,0.00089,0.22804,-0.00052,0.70685,0.00055,0.70736,1,3,0.99936,0.02590,0.00560,-0.02397,0.06552,0.08237,0.63128,0,1
1768333702.254980,-0.00801,-0.06416,-1.10227,0.00761,-0.00225,0.00023,0.56024,0.00089,0.22804,-0.00052,0.70685,0.00055,0.70736,1,3,0.99936,0.02590,0.00560,-0.02397,0.06552,0.08237,0.63128,0,1
1768333702.257051,0.01356,-0.07288,-1.04888,0.01144,-0.00301,0.00052,0.56020,0.00089,0.22804,-0.00052,0.70685,0.00055,0.70736,1,3,0.99936,0.02590,0.00560,-0.02397,0.06552,0.08237,0.63128,0,1
1768333702.259064,0.00416,-0.06597,-0.89682,0.00803,-0.00316,0.00106,0.56020,0.00089,0.22804,-0.00052,0.70685,0.00055,0.70736,1,3,0.99936,0.02590,0.00560,-0.02397,0.06552,0.08237,0.63128,0,1
1768333702.260998,0.02895,-0.05853,-0.99654,0.00812,-0.00067,0.00027,0.56016,0.00089,0.22804,-0.00052,0.70685,0.00055,0.70736,1,3,0.99936,0.02590,0.00560,-0.02397,0.06552,0.08237,0.63128,0,1
1768333702.263029,-0.00024,-0.05808,-1.16344,0.01118,0.00021,0.00097,0.56016,0.00089,0.22804,-0.00052,0.70685,0.00055,0.70736,1,3,0.99936,0.02590,0.00560,-0.02397,0.06552,0.08237,0.63128,0,1
1768333702.265022,0.01868,-0.09211,-1.17042,0.01033,-0.00102,-0.00012,0.56012,0.00089,0.22804,-0.00052,0.70685,0.00055,0.70736,1,3,0.99936,0.02590,0.00560,-0.02397,0.06552,0.08237,0.63128,0,1
1768333702.266992,-0.03032,-0.09795,-1.02567,0.01266,-0.00056,0.00044,0.56012,0.00089,0.22804,-0.00052,0.70685,0.00055,0.70736,1,3,0.99936,0.02590,0.00560,-0.02397,0.06552,0.08237,0.63128,0,1
1768333702.269012,0.01106,-0.07055,-0.99579,0.00994,-0.00311,0.00030,0.56012,0.00089,0.22804,-0.00052,0.70685,0.00055,0.70736,1,3,0.99936,0.02590,0.00560,-0.02397,0.06552,0.08237,0.63128,0,1
1768333702.271003,0.01136,-0.10030,-1.09358,0.00958,-0.00333,0.00063,0.56008,0.00089,0.22804,-0.00052,0.70685,0.00055,0.70736,1,3,0.99936,0.02590,0.00560,-0.02397,0.06552,0.08237,0.63128,0,1
1768333702.273004,0.00539,-0.06768,-1.14012,0.01128,-0.00329,0.00032,0.56008,0.00089,0.22804,-0.00052,0.70685,0.00055,0.70736,1,3,0.99936,0.02590,0.00560,-0.02397,0.06552,0.08237,0.63128,0,1
1768333702.275013,-0.00145,-0.08756,-1.03331,0.00995,-0.00307,0.00015,0.56004,0.00089,0.22804,-0.00052,0.70685,0.00055,0.70736,1,3,0.99936,0.02590,0.00560,-0.02397,0.06552,0.08237,0.63128,0,1
1768333702.277012,-0.00904,-0.08580,-1.01849,0.01259,-0.00095,0.00029,0.56004,0.00089,0.22804,-0.00052,0.70685,0.00055,0.70736,1,3,0.99936,0.02590,0.00560,-0.02397,0.06552,0.08237,0.63128,0,1
1768333702.278998,-0.02569,-0.10483,-1.09354,0.01236,-0.00174,0.00080,0.56000,0.00089,0.22804,-0.00052,0.70684,0.00055,0.70737,1,3,0.99936,0.02590,0.00560,-0.02397,0.06552,0.08237,0.63128,0,1
1768333702.281006,0.02215,-0.08317,-1.16284,0.01153,-0.00272,-0.00012,0.56000,0.00089,0.22804,-0.00052,0.70684,0.00055,0.70737,1,3,0.99936,0.02590,0.00560,-0.02397,0.06552,0.08237,0.63128,0,1
1768333702.282995,-0.00767,-0.07133,-1.12494,0.01102,-0.00148,0.00061,0.55996,0.00089,0.22804,-0.00052,0.70685,0.00055,0.70737,1,3,0.99936,0.02590,0.00560,-0.02397,0.06552,0.08237,0.63128,0,1
1768333702.285029,-0.00610,-0.09083,-1.04847,0.00991,-0.00200,0.00041,0.55996,0.00089,0.22804,-0.00052,0.70685,0.00055,0.70737,1,3,0.99936,0.02590,0.00560,-0.02397,0.06552,0.08237,0.63128,0,1
1768333702.287008,-0.02500,-0.08491,-1.07160,0.01216,-0.00178,-0.00013,0.55992,0.00089,0.22804,-0.00052,0.70685,0.00055,0.70737,1,3,0.99936,0.02590,0.00560,-0.02397,0.06552,0.08237,0.63128,0,1
1768333702.289038,0.00172,-0.07084,-1.07942,0.01059,-0.00236,0.00024,0.55992,0.00089,0.22804,-0.00052,0.70685,0.00055,0.70737,1,3,0.99930,0.02491,0.01039,-0.02609,0.06522,0.08233,0.63034,0,1
1768333702.291036,0.00937,-0.09040,-1.09409,0.01144,-0.00256,0.00036,0.55988,0.00089,0.22804,-0.00052,0.70685,0.00055,0.70737,1,3,0.99930,0.02491,0.01039,-0.02609,0.06522,0.08233,0.63034,0,1
1768333702.293042,0.04002,-0.06993,-1.03413,0.00995,-0.00168,0.00037,0.55988,0.00089,0.22804,-0.00052,0.70685,0.00055,0.70737,1,3,0.99930,0.02491,0.01039,-0.02609,0.06522,0.08233,0.63034,0,1
1768333702.295017,-0.00476,-0.11341,-1.06338,0.01248,-0.00060,0.00039,0.55984,0.00089,0.22804,-0.00052,0.70685,0.00055,0.70737,1,3,0.99930,0.02491,0.01039,-0.02609,0.06522,0.08233,0.63034,0,1
1768333702.297019,-0.00833,-0.07659,-1.09484,0.01183,-0.00046,-0.00004,0.55980,0.00089,0.22804,-0.00052,0.70685,0.00055,0.70737,1,3,0.99930,0.02491,0.01039,-0.02609,0.06522,0.08233,0.63034,0,1
1768333702.299010,-0.00157,-0.06255,-1.07922,0.00982,-0.00384,0.00065,0.55980,0.00089,0.22804,-0.00052,0.70685,0.00055,0.70737,1,3,0.99930,0.02491,0.01039,-0.02609,0.06522,0.08233,0.63034,0,1
1768333702.301052,0.02326,-0.08223,-1.07130,0.01067,-0.00426,0.00037,0.55976,0.00089,0.22804,-0.00052,0.70685,0.00055,0.70737,1,3,0.99930,0.02491,0.01039,-0.02609,0.06522,0.08233,0.63034,0,1
1768333702.303015,-0.01506,-0.09432,-0.97992,0.01096,-0.00304,0.00021,0.55976,0.00089,0.22804,-0.00052,0.70685,0.00055,0.70737,1,3,0.99930,0.02491,0.01039,-0.02609,0.06522,0.08233,0.63034,0,1
1768333702.305032,-0.00234,-0.08233,-1.03352,0.01089,-0.00307,0.00001,0.55972,0.00089,0.22804,-0.00052,0.70684,0.00055,0.70737,1,3,0.99930,0.02491,0.01039,-0.02609,0.06522,0.08233,0.63034,0,1
1768333702.307013,0.00454,-0.05869,-1.06457,0.01161,-0.00189,0.00051,0.55972,0.00089,0.22804,-0.00052,0.70684,0.00055,0.70737,1,3,0.99930,0.02491,0.01039,-0.02609,0.06522,0.08233,0.63034,0,1
1768333702.309049,-0.00401,-0.07869,-1.10961,0.01159,-0.00139,0.00062,0.55968,0.00089,0.22804,-0.00052,0.70685,0.00055,0.70737,1,3,0.99930,0.02491,0.01039,-0.02609,0.06522,0.08233,0.63034,0,1
1768333702.311029,0.00843,-0.06696,-1.10215,0.01129,-0.00128,0.00128,0.55968,0.00089,0.22804,-0.00052,0.70685,0.00055,0.70737,1,3,0.99930,0.02491,0.01039,-0.02609,0.06522,0.08233,0.63034,0,1
1768333702.313051,0.00969,-0.09083,-1.03338,0.01100,-0.00206,0.00040,0.55968,0.00089,0.22804,-0.00052,0.70685,0.00055,0.70737,1,3,0.99930,0.02491,0.01039,-0.02609,0.06522,0.08233,0.63034,0,1
1768333702.315033,-0.00482,-0.10164,-1.07105,0.01327,-0.00277,0.00012,0.55964,0.00089,0.22804,-0.00052,0.70684,0.00055,0.70737,1,3,0.99930,0.02491,0.01039,-0.02609,0.06522,0.08233,0.63034,0,1
1768333702.317055,-0.00111,-0.11514,-1.13943,0.01355,-0.00128,-0.00021,0.55964,0.00089,0.22804,-0.00052,0.70684,0.00055,0.70737,1,3,0.99930,0.02491,0.01039,-0.02609,0.06522,0.08233,0.63034,0,1
1768333702.319035,-0.03023,-0.06800,-1.16305,0.01259,-0.00133,0.00033,0.55960,0.00089,0.22804,-0.00052,0.70684,0.00055,0.70737,1,3,0.99930,0.02491,0.01039,-0.02609,0.06522,0.08233,0.63034,0,1
1768333702.321063,0.00080,-0.05710,-1.16356,0.01097,-0.00096,0.00016,0.55960,0.00089,0.22804,-0.00052,0.70684,0.00055,0.70737,1,3,0.99937,0.02431,0.00737,-0.02495,0.06506,0.08246,0.63097,0,1
1768333702.323056,0.01078,-0.10552,-1.07829,0.00995,-0.00281,0.00078,0.55956,0.00089,0.22804,-0.00052,0.70684,0.00055,0.70737,1,3,0.99937,0.02431,0.00737,-0.02495,0.06506,0.08246,0.63097,0,1
1768333702.325071,0.00503,-0.11751,-1.02518,0.01177,-0.00211,0.00015,0.55956,0.00089,0.22804,-0.00052,0.70684,0.00055,0.70737,1,3,0.99937,0.02431,0.00737,-0.02495,0.06506,0.08246,0.63097,0,1
1768333702.327048,-0.00840,-0.11521,-1.07841,0.01223,-0.00144,0.00025,0.55951,0.00089,0.22804,-0.00052,0.70685,0.00055,0.70737,1,3,0.99937,0.02431,0.00737,-0.02495,0.06506,0.08246,0.63097,0,1
1768333702.329028,-0.00030,-0.12997,-1.08548,0.01249,-0.00177,0.00065,0.55948,0.00089,0.22804,-0.00052,0.70684,0.00055,0.70737,1,3,0.99937,0.02431,0.00737,-0.02495,0.06506,0.08246,0.63097,0,1
1768333702.331068,-0.01477,-0.10160,-1.12430,0.01458,-0.00214,0.00008,0.55948,0.00089,0.22804,-0.00052,0.70684,0.00055,0.70737,1,3,0.99937,0.02431,0.00737,-0.02495,0.06506,0.08246,0.63097,0,1
1768333702.333060,-0.00418,-0.11611,-1.13151,0.01310,-0.00327,-0.00032,0.55943,0.00089,0.22804,-0.00052,0.70685,0.00055,0.70737,1,3,0.99937,0.02431,0.00737,-0.02495,0.06506,0.08246,0.63097,0,1
1768333702.335058,-0.01433,-0.10181,-1.13931,0.01393,-0.00226,0.00048,0.55943,0.00089,0.22804,-0.00052,0.70685,0.00055,0.70737,1,3,0.99937,0.02431,0.00737,-0.02495,0.06506,0.08246,0.63097,0,1
1768333702.337042,-0.00397,-0.10272,-1.09375,0.01195,-0.00201,0.00051,0.55940,0.00089,0.22804,-0.00052,0.70684,0.00055,0.70737,1,3,0.99937,0.02431,0.00737,-0.02495,0.06506,0.08246,0.63097,0,1
1768333702.339057,-0.01208,-0.09243,-1.06347,0.01164,-0.00242,0.00067,0.55940,0.00089,0.22804,-0.00052,0.70684,0.00055,0.70737,1,3,0.99937,0.02431,0.00737,-0.02495,0.06506,0.08246,0.63097,0,1
1768333702.341052,0.02514,-0.08125,-1.04875,0.01200,-0.00199,0.00091,0.55940,0.00089,0.22804,-0.00052,0.70684,0.00055,0.70737,1,3,0.99937,0.02431,0.00737,-0.02495,0.06506,0.08246,0.63097,0,1
1768333702.343053,0.00005,-0.10610,-1.03316,0.01191,-0.00079,0.00041,0.55935,0.00089,0.22804,-0.00052,0.70684,0.00055,0.70737,1,3,0.99937,0.02431,0.00737,-0.02495,0.06506,0.08246,0.63097,0,1
1768333702.345055,-0.01069,-0.10059,-1.19289,0.01416,-0.00066,0.00016,0.55935,0.00089,0.22804,-0.00052,0.70684,0.00055,0.70737,1,3,0.99937,0.02431,0.00737,-0.02495,0.06506,0.08246,0.63097,0,1
1768333702.347058,-0.01313,-0.11243,-1.10877,0.01270,-0.00164,0.00037,0.55935,0.00089,0.22804,-0.00052,0.70684,0.00055,0.70737,1,3,0.99937,0.02431,0.00737,-0.02495,0.06506,0.08246,0.63097,0,1
1768333702.349070,0.00785,-0.09050,-1.02588,0.01276,-0.00179,0.00041,0.55931,0.00089,0.22804,-0.00052,0.70684,0.00055,0.70737,1,3,0.99937,0.02431,0.00737,-0.02495,0.06506,0.08246,0.63097,0,1
1768333702.351059,-0.01387,-0.11236,-0.99491,0.01336,-0.00125,0.00046,0.55927,0.00089,0.22805,-0.00052,0.70684,0.00055,0.70738,1,3,0.99937,0.02431,0.00737,-0.02495,0.06506,0.08246,0.63097,0,1
1768333702.353069,-0.02568,-0.09480,-1.04832,0.01248,-0.00175,0.00056,0.55927,0.00089,0.22805,-0.00052,0.70684,0.00055,0.70738,1,3,0.99944,0.02449,0.00662,-0.02191,0.06488,0.08255,0.63132,0,1
1768333702.355082,0.02899,-0.08801,-1.09443,0.01300,-0.00242,0.00006,0.55923,0.00089,0.22805,-0.00052,0.70684,0.00055,0.70738,1,3,0.99944,0.02449,0.00662,-0.02191,0.06488,0.08255,0.63132,0,1
1768333702.357072,0.00900,-0.09006,-1.07888,0.01189,-0.00281,0.00037,0.55923,0.00089,0.22805,-0.00052,0.70684,0.00055,0.70738,1,3,0.99944,0.02449,0.00662,-0.02191,0.06488,0.08255,0.63132,0,1
1768333702.359056,0.01668,-0.05624,-1.01906,0.01208,-0.00204,0.00066,0.55920,0.00089,0.22805,-0.00052,0.70683,0.00055,0.70738,1,3,0.99944,0.02449,0.00662,-0.02191,0.06488,0.08255,0.63132,0,1
1768333702.361059,-0.01761,-0.08110,-1.11725,0.01243,-0.00072,0.00049,0.55916,0.00089,0.22805,-0.00052,0.70683,0.00055,0.70739,1,3,0.99944,0.02449,0.00662,-0.02191,0.06488,0.08255,0.63132,0,1
1768333702.363084,0.00649,-0.11286,-1.13107,0.00986,-0.00300,0.00115,0.55916,0.00089,0.22805,-0.00052,0.70683,0.00055,0.70739,1,3,0.99944,0.02449,0.00662,-0.02191,0.06488,0.08255,0.63132,0,1
1768333702.365122,-0.01422,-0.11697,-1.13157,0.01396,-0.00162,0.00008,0.55912,0.00089,0.22806,-0.00052,0.70682,0.00055,0.70739,1,3,0.99944,0.02449,0.00662,-0.02191,0.06488,0.08255,0.63132,0,1
1768333702.367089,-0.00797,-0.09492,-1.02551,0.01183,-0.00235,0.00056,0.55912,0.00089,0.22806,-0.00052,0.70682,0.00055,0.70739,1,3,0.99944,0.02449,0.00662,-0.02191,0.06488,0.08255,0.63132,0,1
1768333702.369104,0.00395,-0.06247,-1.01904,0.01288,-0.00266,-0.00013,0.55908,0.00089,0.22806,-0.00052,0.70682,0.00055,0.70739,1,3,0.99944,0.02449,0.00662,-0.02191,0.06488,0.08255,0.63132,0,1
1768333702.371084,-0.00753,-0.05097,-1.09520,0.01126,-0.00201,0.00009,0.55908,0.00089,0.22806,-0.00052,0.70682,0.00055,0.70739,1,3,0.99944,0.02449,0.00662,-0.02191,0.06488,0.08255,0.63132,0,1
1768333702.373081,-0.00367,-0.10255,-1.16983,0.01195,-0.00226,0.00004,0.55904,0.00089,0.22806,-0.00052,0.70682,0.00055,0.70739,1,3,0.99944,0.02449,0.00662,-0.02191,0.06488,0.08255,0.63132,0,1
1768333702.375087,-0.00538,-0.11247,-1.11643,0.01336,-0.00160,0.00035,0.55904,0.00089,0.22806,-0.00052,0.70682,0.00055,0.70739,1,3,0.99944,0.02449,0.00662,-0.02191,0.06488,0.08255,0.63132,0,1
1768333702.377086,-0.02174,-0.09349,-1.01815,0.01228,-0.00041,0.00071,0.55904,0.00089,0.22806,-0.00052,0.70682,0.00055,0.70739,1,3,0.99944,0.02449,0.00662,-0.02191,0.06488,0.08255,0.63132,0,1
1768333702.379084,-0.01785,-0.09956,-1.04834,0.01330,-0.00185,0.00028,0.55904,0.00089,0.22806,-0.00052,0.70682,0.00055,0.70739,1,3,0.99944,0.02449,0.00662,-0.02191,0.06488,0.08255,0.63132,0,1
1768333702.381081,0.02131,-0.08213,-1.13237,0.01264,-0.00360,-0.00009,0.55900,0.00089,0.22807,-0.00052,0.70681,0.00055,0.70740,1,3,0.99944,0.02449,0.00662,-0.02191,0.06488,0.08255,0.63132,0,1
1768333702.383077,-0.01036,-0.09967,-1.08641,0.01417,-0.00168,0.00024,0.55896,0.00089,0.22806,-0.00052,0.70682,0.00055,0.70740,1,3,0.99944,0.02449,0.00662,-0.02191,0.06488,0.08255,0.63132,0,1
1768333702.385076,-0.02215,-0.06706,-1.07199,0.01347,-0.00221,-0.00001,0.55896,0.00089,0.22806,-0.00052,0.70682,0.00055,0.70740,1,3,0.99944,0.02449,0.00662,-0.02191,0.06488,0.08255,0.63132,0,1
1768333702.387097,-0.01563,-0.09036,-1.05588,0.01079,-0.00213,0.00082,0.55896,0.00089,0.22806,-0.00052,0.70682,0.00055,0.70740,1,3,0.99944,0.02449,0.00662,-0.02191,0.06488,0.08255,0.63132,0,1
1768333702.389096,0.00068,-0.09949,-1.10139,0.01199,-0.00308,0.00023,0.55892,0.00089,0.22806,-0.00052,0.70682,0.00055,0.70740,1,3,0.99944,0.02449,0.00662,-0.02191,0.06488,0.08255,0.63132,0,1
1768333702.391095,-0.01480,-0.10239,-1.12425,0.01414,-0.00137,0.00049,0.55892,0.00089,0.22806,-0.00052,0.70682,0.00055,0.70740,1,3,0.99947,0.02372,0.00784,-0.02109,0.06467,0.08261,0.63133,0,1
1768333702.393102,-0.01714,-0.10964,-1.06314,0.01252,-0.00197,0.00054,0.55888,0.00089,0.22806,-0.00052,0.70681,0.00055,0.70740,1,3,0.99947,0.02372,0.00784,-0.02109,0.06467,0.08261,0.63133,0,1
1768333702.395160,0.00160,-0.10529,-1.11645,0.01083,-0.00245,0.00035,0.55888,0.00089,0.22806,-0.00052,0.70681,0.00055,0.70740,1,3,0.99947,0.02372,0.00784,-0.02109,0.06467,0.08261,0.63133,0,1
1768333702.397127,-0.00920,-0.10915,-1.14683,0.01340,-0.00257,0.00007,0.55884,0.00089,0.22806,-0.00052,0.70682,0.00055,0.70740,1,3,0.99947,0.02372,0.00784,-0.02109,0.06467,0.08261,0.63133,0,1
1768333702.399096,0.00804,-0.10480,-1.06356,0.01302,-0.00229,-0.00002,0.55880,0.00089,0.22806,-0.00052,0.70681,0.00055,0.70740,1,3,0.99947,0.02372,0.00784,-0.02109,0.06467,0.08261,0.63133,0,1
1768333702.401116,-0.00780,-0.09863,-1.00270,0.01244,-0.00350,-0.00009,0.55876,0.00089,0.22806,-0.00052,0.70681,0.00055,0.70740,1,3,0.99947,0.02372,0.00784,-0.02109,0.06467,0.08261,0.63133,0,1
1768333702.403128,-0.02601,-0.10424,-1.12421,0.01324,-0.00200,-0.00004,0.55876,0.00089,0.22806,-0.00052,0.70681,0.00055,0.70740,1,3,0.99947,0.02372,0.00784,-0.02109,0.06467,0.08261,0.63133,0,1
1768333702.405113,0.00748,-0.10023,-1.22296,0.01307,-0.00226,0.00053,0.55872,0.00089,0.22806,-0.00052,0.70682,0.00055,0.70740,1,3,0.99947,0.02372,0.00784,-0.02109,0.06467,0.08261,0.63133,0,1
1768333702.407100,-0.00858,-0.10516,-1.08618,0.01236,-0.00170,0.00038,0.55872,0.00089,0.22806,-0.00052,0.70682,0.00055,0.70740,1,3,0.99947,0.02372,0.00784,-0.02109,0.06467,0.08261,0.63133,0,1
1768333702.409102,0.00846,-0.11992,-0.96430,0.01240,-0.00203,0.00047,0.55872,0.00089,0.22806,-0.00052,0.70682,0.00055,0.70740,1,3,0.99947,0.02372,0.00784,-0.02109,0.06467,0.08261,0.63133,0,1
1768333702.411124,-0.01350,-0.08230,-1.07909,0.01307,-0.00217,0.00038,0.55868,0.00089,0.22806,-0.00052,0.70682,0.00055,0.70740,1,3,0.99947,0.02372,0.00784,-0.02109,0.06467,0.08261,0.63133,0,1
1768333702.413140,-0.00429,-0.10723,-1.16205,0.01255,-0.00238,0.00018,0.55868,0.00089,0.22806,-0.00052,0.70682,0.00055,0.70740,1,3,0.99947,0.02372,0.00784,-0.02109,0.06467,0.08261,0.63133,0,1
1768333702.415124,0.00766,-0.09963,-1.10912,0.01330,-0.00266,0.00021,0.55864,0.00089,0.22806,-0.00052,0.70682,0.00055,0.70739,1,3,0.99947,0.02372,0.00784,-0.02109,0.06467,0.08261,0.63133,0,1
1768333702.417119,-0.00915,-0.12874,-1.00214,0.01360,-0.00232,-0.00008,0.55864,0.00089,0.22806,-0.00052,0.70682,0.00055,0.70739,1,3,0.99947,0.02372,0.00784,-0.02109,0.06467,0.08261,0.63133,0,1
1768333702.419130,-0.00776,-0.08421,-0.99572,0.01239,-0.00289,-0.00049,0.55864,0.00089,0.22806,-0.00052,0.70682,0.00055,0.70739,1,3,0.99947,0.02372,0.00784,-0.02109,0.06467,0.08261,0.63133,0,1
1768333702.421135,-0.00034,-0.05566,-1.16325,0.01230,-0.00246,0.00057,0.55860,0.00089,0.22806,-0.00052,0.70682,0.00055,0.70739,1,3,0.99947,0.02372,0.00784,-0.02109,0.06467,0.08261,0.63133,0,1
1768333702.423117,-0.00531,-0.10739,-1.13919,0.01320,-0.00198,0.00061,0.55860,0.00089,0.22806,-0.00052,0.70682,0.00055,0.70739,1,3,0.99947,0.02372,0.00784,-0.02109,0.06467,0.08261,0.63133,0,1
1768333702.425179,0.00304,-0.10276,-1.03313,0.01326,-0.00159,0.00054,0.55856,0.00089,0.22806,-0.00052,0.70682,0.00055,0.70739,1,3,0.99931,0.02244,0.01010,-0.02765,0.06433,0.08251,0.63003,0,1
1768333702.427218,-0.01086,-0.11284,-0.94919,0.01052,-0.00167,0.00050,0.55856,0.00089,0.22806,-0.00052,0.70682,0.00055,0.70739,1,3,0.99931,0.02244,0.01010,-0.02765,0.06433,0.08251,0.63003,0,1
1768333702.429127,-0.03143,-0.10259,-1.11683,0.01391,-0.00054,0.00010,0.55852,0.00089,0.22806,-0.00052,0.70682,0.00055,0.70739,1,3,0.99931,0.02244,0.01010,-0.02765,0.06433,0.08251,0.63003,0,1
1768333702.431164,-0.00227,-0.08173,-1.17734,0.01067,-0.00444,0.00071,0.55848,0.00089,0.22806,-0.00052,0.70682,0.00055,0.70739,1,3,0.99931,0.02244,0.01010,-0.02765,0.06433,0.08251,0.63003,0,1
1768333702.433126,-0.00544,-0.09204,-1.14745,0.01382,-0.00226,-0.00021,0.55848,0.00089,0.22806,-0.00052,0.70682,0.00055,0.70739,1,3,0.99931,0.02244,0.01010,-0.02765,0.06433,0.08251,0.63003,0,1
1768333702.435206,-0.00330,-0.07948,-1.03356,0.01049,-0.00076,0.00108,0.55844,0.00089,0.22806,-0.00052,0.70682,0.00055,0.70739,1,3,0.99931,0.02244,0.01010,-0.02765,0.06433,0.08251,0.63003,0,1
1768333702.437145,-0.01258,-0.10781,-1.07118,0.01232,-0.00115,-0.00014,0.55844,0.00089,0.22806,-0.00052,0.70682,0.00055,0.70739,1,3,0.99931,0.02244,0.01010,-0.02765,0.06433,0.08251,0.63003,0,1
1768333702.439172,0.00673,-0.11141,-1.11600,0.01053,-0.00441,0.00036,0.55840,0.00089,0.22806,-0.00052,0.70682,0.00055,0.70739,1,3,0.99931,0.02244,0.01010,-0.02765,0.06433,0.08251,0.63003,0,1
1768333702.441136,0.01019,-0.11613,-1.18452,0.01506,-0.00330,0.00042,0.55840,0.00089,0.22806,-0.00052,0.70682,0.00055,0.70739,1,3,0.99931,0.02244,0.01010,-0.02765,0.06433,0.08251,0.63003,0,1
1768333702.443149,0.00871,-0.08085,-1.07178,0.01200,-0.00180,0.00010,0.55836,0.00089,0.22806,-0.00052,0.70683,0.00055,0.70739,1,3,0.99931,0.02244,0.01010,-0.02765,0.06433,0.08251,0.63003,0,1
1768333702.445144,-0.01700,-0.08566,-1.04879,0.01216,-0.00111,0.00028,0.55836,0.00089,0.22806,-0.00052,0.70683,0.00055,0.70739,1,3,0.99931,0.02244,0.01010,-0.02765,0.06433,0.08251,0.63003,0,1
1768333702.447146,0.02118,-0.09744,-1.11671,0.01245,-0.00308,0.00033,0.55836,0.00089,0.22806,-0.00052,0.70683,0.00055,0.70739,1,3,0.99931,0.02244,0.01010,-0.02765,0.06433,0.08251,0.63003,0,1
1768333702.449134,0.00383,-0.10210,-1.10872,0.01261,-0.00298,0.00089,0.55831,0.00089,0.22805,-0.00052,0.70683,0.00055,0.70738,1,3,0.99931,0.02244,0.01010,-0.02765,0.06433,0.08251,0.63003,0,1
1768333702.451139,0.01651,-0.10999,-1.07843,0.01274,-0.00250,0.00050,0.55831,0.00089,0.22805,-0.00052,0.70683,0.00055,0.70738,1,3,0.99931,0.02244,0.01010,-0.02765,0.06433,0.08251,0.63003,0,1
1768333702.453146,-0.00848,-0.09547,-1.07156,0.01247,-0.00121,-0.00029,0.55827,0.00089,0.22805,-0.00052,0.70683,0.00055,0.70738,1,3,0.99931,0.02244,0.01010,-0.02765,0.06433,0.08251,0.63003,0,1
1768333702.455132,-0.01809,-0.09525,-1.11699,0.01335,-0.00109,0.00009,0.55827,0.00089,0.22805,-0.00052,0.70683,0.00055,0.70738,1,3,0.99931,0.02244,0.01010,-0.02765,0.06433,0.08251,0.63003,0,1
1768333702.457147,0.01603,-0.08081,-1.07169,0.01287,-0.00189,0.00049,0.55823,0.00089,0.22805,-0.00052,0.70683,0.00055,0.70738,1,3,0.99943,0.02247,0.00733,-0.02420,0.06420,0.08267,0.63084,0,1
1768333702.459145,-0.00016,-0.11051,-1.04014,0.01186,-0.00178,0.00135,0.55823,0.00089,0.22805,-0.00052,0.70683,0.00055,0.70738,1,3,0.99943,0.02247,0.00733,-0.02420,0.06420,0.08267,0.63084,0,1
1768333702.461134,-0.00877,-0.09511,-1.09395,0.01248,-0.00195,0.00051,0.55819,0.00089,0.22805,-0.00052,0.70683,0.00055,0.70738,1,3,0.99943,0.02247,0.00733,-0.02420,0.06420,0.08267,0.63084,0,1
1768333702.463180,-0.01453,-0.10371,-1.13185,0.01325,-0.00009,0.00088,0.55815,0.00089,0.22805,-0.00052,0.70684,0.00055,0.70738,1,3,0.99943,0.02247,0.00733,-0.02420,0.06420,0.08267,0.63084,0,1
1768333702.465232,-0.01440,-0.08709,-1.12452,0.01389,-0.00214,0.00048,0.55815,0.00089,0.22805,-0.00052,0.70684,0.00055,0.70738,1,3,0.99943,0.02247,0.00733,-0.02420,0.06420,0.08267,0.63084,0,1
1768333702.467182,0.00093,-0.07529,-1.01847,0.01141,-0.00260,0.00042,0.55811,0.00089,0.22805,-0.00052,0.70684,0.00055,0.70738,1,3,0.99943,0.02247,0.00733,-0.02420,0.06420,0.08267,0.63084,0,1
1768333702.469164,0.01803,-0.10129,-0.98738,0.01066,-0.00176,0.00111,0.55811,0.00089,0.22805,-0.00052,0.70684,0.00055,0.70738,1,3,0.99943,0.02247,0.00733,-0.02420,0.06420,0.08267,0.63084,0,1
1768333702.471207,0.00010,-0.09121,-1.11687,0.01165,-0.00130,0.00075,0.55807,0.00089,0.22804,-0.00052,0.70684,0.00055,0.70737,1,3,0.99943,0.02247,0.00733,-0.02420,0.06420,0.08267,0.63084,0,1
1768333702.473168,0.00647,-0.12508,-1.17693,0.01408,-0.00147,0.00043,0.55807,0.00089,0.22804,-0.00052,0.70684,0.00055,0.70737,1,3,0.99943,0.02247,0.00733,-0.02420,0.06420,0.08267,0.63084,0,1
1768333702.475168,0.02529,-0.10502,-1.11638,0.01236,-0.00311,0.00073,0.55807,0.00089,0.22804,-0.00052,0.70684,0.00055,0.70737,1,3,0.99943,0.02247,0.00733,-0.02420,0.06420,0.08267,0.63084,0,1
1768333702.477174,-0.00379,-0.07795,-1.07946,0.01203,-0.00191,-0.00016,0.55803,0.00089,0.22804,-0.00052,0.70684,0.00055,0.70737,1,3,0.99943,0.02247,0.00733,-0.02420,0.06420,0.08267,0.63084,0,1
1768333702.479186,-0.00956,-0.11877,-1.13126,0.01372,-0.00281,0.00035,0.55803,0.00089,0.22804,-0.00052,0.70684,0.00055,0.70737,1,3,0.99943,0.02247,0.00733,-0.02420,0.06420,0.08267,0.63084,0,1
1768333702.481179,-0.00916,-0.10564,-1.11613,0.01213,-0.00154,0.00157,0.55799,0.00089,0.22804,-0.00052,0.70684,0.00055,0.70737,1,3,0.99943,0.02247,0.00733,-0.02420,0.06420,0.08267,0.63084,0,1
1768333702.483173,-0.00417,-0.14163,-1.04718,0.01257,-0.00236,0.00042,0.55799,0.00089,0.22804,-0.00052,0.70684,0.00055,0.70737,1,3,0.99943,0.02247,0.00733,-0.02420,0.06420,0.08267,0.63084,0,1
1768333702.485183,-0.00169,-0.11337,-0.99491,0.01466,-0.00293,-0.00009,0.55795,0.00089,0.22804,-0.00052,0.70684,0.00055,0.70737,1,3,0.99943,0.02247,0.00733,-0.02420,0.06420,0.08267,0.63084,0,1
1768333702.487179,0.00351,-0.11331,-1.06357,0.01291,-0.00070,-0.00002,0.55795,0.00089,0.22804,-0.00052,0.70684,0.00055,0.70737,1,3,0.99943,0.02247,0.00733,-0.02420,0.06420,0.08267,0.63084,0,1
1768333702.489171,0.00620,-0.09668,-1.21586,0.01377,-0.00010,0.00039,0.55791,0.00089,0.22804,-0.00052,0.70684,0.00055,0.70737,1,3,0.99943,0.02247,0.00733,-0.02420,0.06420,0.08267,0.63084,0,1
1768333702.491198,0.01872,-0.07768,-1.19321,0.01444,-0.00255,0.00053,0.55791,0.00089,0.22804,-0.00052,0.70684,0.00055,0.70737,1,3,0.99935,0.02170,0.00996,-0.02718,0.06395,0.08267,0.63040,0,1
1768333702.493202,0.00368,-0.09604,-1.06354,0.01356,-0.00376,-0.00002,0.55787,0.00089,0.22805,-0.00052,0.70684,0.00055,0.70738,1,3,0.99935,0.02170,0.00996,-0.02718,0.06395,0.08267,0.63040,0,1
1768333702.495238,-0.00260,-0.08167,-0.93472,0.01133,-0.00358,0.00009,0.55783,0.00089,0.22805,-0.00052,0.70684,0.00055,0.70738,1,3,0.99935,0.02170,0.00996,-0.02718,0.06395,0.08267,0.63040,0,1
1768333702.497170,0.00839,-0.06623,-1.05684,0.01196,-0.00168,0.00051,0.55783,0.00089,0.22805,-0.00052,0.70684,0.00055,0.70738,1,3,0.99935,0.02170,0.00996,-0.02718,0.06395,0.08267,0.63040,0,1
1768333702.499207,-0.02322,-0.04264,-1.19400,0.01399,-0.00207,0.00042,0.55779,0.00089,0.22805,-0.00052,0.70683,0.00055,0.70738,1,3,0.99935,0.02170,0.00996,-0.02718,0.06395,0.08267,0.63040,0,1
1768333702.501203,-0.00081,-0.07044,-1.22384,0.01299,-0.00219,0.00012,0.55779,0.00089,0.22805,-0.00052,0.70683,0.00055,0.70738,1,3,0.99935,0.02170,0.00996,-0.02718,0.06395,0.08267,0.63040,0,1
1768333702.503197,0.01655,-0.09566,-1.08647,0.01247,-0.00201,0.00049,0.55775,0.00089,0.22805,-0.00052,0.70684,0.00055,0.70738,1,3,0.99935,0.02170,0.00996,-0.02718,0.06395,0.08267,0.63040,0,1
1768333702.505182,0.00135,-0.11572,-0.98745,0.01114,-0.00119,-0.00009,0.55775,0.00089,0.22805,-0.00052,0.70684,0.00055,0.70738,1,3,0.99935,0.02170,0.00996,-0.02718,0.06395,0.08267,0.63040,0,1
1768333702.507182,-0.01039,-0.09042,-1.07169,0.01406,-0.00081,-0.00002,0.55771,0.00089,0.22805,-0.00052,0.70684,0.00055,0.70738,1,3,0.99935,0.02170,0.00996,-0.02718,0.06395,0.08267,0.63040,0,1
1768333702.509180,-0.00268,-0.11432,-1.23778,0.01487,-0.00225,0.00052,0.55771,0.00089,0.22805,-0.00052,0.70684,0.00055,0.70738,1,3,0.99935,0.02170,0.00996,-0.02718,0.06395,0.08267,0.63040,0,1
1768333702.511198,-0.00707,-0.10117,-1.18505,0.01546,-0.00273,0.00003,0.55771,0.00089,0.22805,-0.00052,0.70684,0.00055,0.70738,1,3,0.99935,0.02170,0.00996,-0.02718,0.06395,0.08267,0.63040,0,1
1768333702.513180,-0.01004,-0.12730,-1.01699,0.01471,-0.00395,0.00031,0.55767,0.00089,0.22805,-0.00052,0.70684,0.00055,0.70737,1,3,0.99935,0.02170,0.00996,-0.02718,0.06395,0.08267,0.63040,0,1
1768333702.515186,0.01812,-0.10397,-1.00239,0.01172,-0.00418,0.00043,0.55767,0.00089,0.22805,-0.00052,0.70684,0.00055,0.70737,1,3,0.99935,0.02170,0.00996,-0.02718,0.06395,0.08267,0.63040,0,1
1768333702.517177,-0.00562,-0.15092,-1.09239,0.01399,-0.00271,0.00066,0.55763,0.00089,0.22805,-0.00052,0.70684,0.00055,0.70737,1,3,0.99935,0.02170,0.00996,-0.02718,0.06395,0.08267,0.63040,0,1
1768333702.519203,0.00456,-0.10780,-1.16176,0.01167,-0.00247,0.00099,0.55763,0.00089,0.22805,-0.00052,0.70684,0.00055,0.70737,1,3,0.99946,0.02025,0.00823,-0.02437,0.06381,0.08280,0.63102,0,1
1768333702.521208,-0.00213,-0.08562,-1.13991,0.01390,-0.00128,0.00059,0.55759,0.00089,0.22804,-0.00052,0.70684,0.00055,0.70737,1,3,0.99946,0.02025,0.00823,-0.02437,0.06381,0.08280,0.63102,0,1
1768333702.523208,-0.00435,-0.07829,-1.04882,0.01203,-0.00164,0.00067,0.55759,0.00089,0.22804,-0.00052,0.70684,0.00055,0.70737,1,3,0.99946,0.02025,0.00823,-0.02437,0.06381,0.08280,0.63102,0,1
1768333702.525211,0.02107,-0.08848,-1.13224,0.01212,-0.00206,0.00045,0.55755,0.00089,0.22805,-0.00052,0.70684,0.00055,0.70738,1,3,0.99946,0.02025,0.00823,-0.02437,0.06381,0.08280,0.63102,0,1
1768333702.527228,0.00433,-0.11689,-1.13127,0.01243,-0.00298,0.00047,0.55751,0.00089,0.22805,-0.00052,0.70684,0.00055,0.70738,1,3,0.99946,0.02025,0.00823,-0.02437,0.06381,0.08280,0.63102,0,1
1768333702.529305,0.01167,-0.14653,-1.10784,0.01360,-0.00267,0.00049,0.55751,0.00089,0.22805,-0.00052,0.70684,0.00055,0.70738,1,3,0.99946,0.02025,0.00823,-0.02437,0.06381,0.08280,0.63102,0,1
1768333702.531206,-0.00997,-0.12349,-1.03994,0.01410,-0.00281,0.00056,0.55747,0.00089,0.22805,-0.00052,0.70684,0.00055,0.70738,1,3,0.99946,0.02025,0.00823,-0.02437,0.06381,0.08280,0.63102,0,1
1768333702.533219,-0.00387,-0.09746,-1.03313,0.01201,-0.00227,0.00042,0.55747,0.00089,0.22805,-0.00052,0.70684,0.00055,0.70738,1,3,0.99946,0.02025,0.00823,-0.02437,0.06381,0.08280,0.63102,0,1
1768333702.535212,0.00528,-0.11434,-1.16966,0.01552,-0.00198,0.00016,0.55743,0.00089,0.22805,-0.00052,0.70684,0.00055,0.70737,1,3,0.99946,0.02025,0.00823,-0.02437,0.06381,0.08280,0.63102,0,1
1768333702.537208,-0.00334,-0.11827,-1.18469,0.01613,-0.00276,-0.00010,0.55743,0.00089,0.22805,-0.00052,0.70684,0.00055,0.70737,1,3,0.99946,0.02025,0.00823,-0.02437,0.06381,0.08280,0.63102,0,1
1768333702.539210,-0.01127,-0.09523,-1.08656,0.01466,-0.00091,0.00051,0.55743,0.00089,0.22805,-0.00052,0.70684,0.00055,0.70737,1,3,0.99946,0.02025,0.00823,-0.02437,0.06381,0.08280,0.63102,0,1
1768333702.541205,-0.00441,-0.11231,-1.04835,0.01292,-0.00163,-0.00040,0.55739,0.00089,0.22805,-0.00052,0.70683,0.00055,0.70738,1,3,0.99946,0.02025,0.00823,-0.02437,0.06381,0.08280,0.63102,0,1
1768333702.543199,-0.00669,-0.09843,-1.08665,0.01419,-0.00020,0.00037,0.55739,0.00089,0.22805,-0.00052,0.70683,0.00055,0.70738,1,3,0.99946,0.02025,0.00823,-0.02437,0.06381,0.08280,0.63102,0,1
1768333702.545211,0.00964,-0.12527,-1.10801,0.01080,-0.00265,0.00130,0.55735,0.00089,0.22805,-0.00052,0.70683,0.00055,0.70738,1,3,0.99946,0.02025,0.00823,-0.02437,0.06381,0.08280,0.63102,0,1
1768333702.547225,-0.00521,-0.10341,-1.07877,0.01282,-0.00072,0.00051,0.55735,0.00089,0.22805,-0.00052,0.70683,0.00055,0.70738,1,3,0.99946,0.02025,0.00823,-0.02437,0.06381,0.08280,0.63102,0,1
1768333702.549227,0.00724,-0.09651,-1.01054,0.01268,-0.00050,0.00096,0.55731,0.00089,0.22806,-0.00052,0.70683,0.00055,0.70739,1,3,0.99946,0.02025,0.00823,-0.02437,0.06381,0.08280,0.63102,0,1
1768333702.551229,0.01423,-0.07869,-1.04878,0.01050,-0.00225,0.00065,0.55731,0.00089,0.22806,-0.00052,0.70683,0.00055,0.70739,1,3,0.99942,0.01989,0.00789,-0.02656,0.06353,0.08279,0.63040,0,1
1768333702.553224,-0.00753,-0.07018,-1.19346,0.01169,-0.00263,-0.00025,0.55727,0.00089,0.22806,-0.00052,0.70683,0.00055,0.70739,1,3,0.99942,0.01989,0.00789,-0.02656,0.06353,0.08279,0.63040,0,1
1768333702.555226,0.00745,-0.10657,-1.14705,0.01256,-0.00048,0.00072,0.55727,0.00089,0.22806,-0.00052,0.70683,0.00055,0.70739,1,3,0.99942,0.01989,0.00789,-0.02656,0.06353,0.08279,0.63040,0,1
1768333702.557236,0.01788,-0.12510,-0.97169,0.01146,-0.00239,0.00059,0.55723,0.00089,0.22806,-0.00052,0.70682,0.00055,0.70739,1,3,0.99942,0.01989,0.00789,-0.02656,0.06353,0.08279,0.63040,0,1
1768333702.559225,-0.00588,-0.13159,-0.97171,0.01422,-0.00172,0.00020,0.55719,0.00089,0.22806,-0.00052,0.70683,0.00055,0.70739,1,3,0.99942,0.01989,0.00789,-0.02656,0.06353,0.08279,0.63040,0,1
1768333702.561263,-0.00811,-0.12445,-1.10830,0.01212,-0.00244,0.00051,0.55719,0.00089,0.22806,-0.00052,0.70683,0.00055,0.70739,1,3,0.99942,0.01989,0.00789,-0.02656,0.06353,0.08279,0.63040,0,1
1768333702.563245,-0.01294,-0.13366,-1.31322,0.01660,-0.00198,0.00061,0.55715,0.00089,0.22806,-0.00052,0.70682,0.00055,0.70739,1,3,0.99942,0.01989,0.00789,-0.02656,0.06353,0.08279,0.63040,0,1
1768333702.565240,-0.01854,-0.11943,-1.07805,0.01371,-0.00169,0.00080,0.55715,0.00089,0.22806,-0.00052,0.70682,0.00055,0.70739,1,3,0.99942,0.01989,0.00789,-0.02656,0.06353,0.08279,0.63040,0,1
1768333702.567234,-0.00718,-0.09406,-0.87344,0.01140,-0.00339,0.00069,0.55711,0.00089,0.22806,-0.00052,0.70683,0.00055,0.70739,1,3,0.99942,0.01989,0.00789,-0.02656,0.06353,0.08279,0.63040,0,1
1768333702.569248,0.02168,-0.07317,-1.05673,0.01187,-0.00260,0.00010,0.55711,0.00089,0.22806,-0.00052,0.70683,0.00055,0.70739,1,3,0.99942,0.01989,0.00789,-0.02656,0.06353,0.08279,0.63040,0,1
1768333702.571245,-0.00342,-0.09939,-1.31431,0.01570,-0.00213,0.00006,0.55711,0.00089,0.22806,-0.00052,0.70683,0.00055,0.70739,1,3,0.99942,0.01989,0.00789,-0.02656,0.06353,0.08279,0.63040,0,1
1768333702.573221,0.01349,-0.10529,-1.27632,0.01541,-0.00144,0.00020,0.55707,0.00089,0.22806,-0.00052,0.70682,0.00055,0.70739,1,3,0.99942,0.01989,0.00789,-0.02656,0.06353,0.08279,0.63040,0,1
1768333702.575224,0.00354,-0.10347,-1.01783,0.01238,-0.00108,0.00096,0.55707,0.00089,0.22806,-0.00052,0.70682,0.00055,0.70739,1,3,0.99942,0.01989,0.00789,-0.02656,0.06353,0.08279,0.63040,0,1
1768333702.577215,-0.00120,-0.10052,-1.01815,0.01329,-0.00104,0.00029,0.55702,0.00089,0.22806,-0.00052,0.70683,0.00055,0.70739,1,3,0.99942,0.01989,0.00789,-0.02656,0.06353,0.08279,0.63040,0,1
1768333702.579253,-0.00253,-0.11392,-1.23011,0.01487,-0.00276,0.00053,0.55702,0.00089,0.22806,-0.00052,0.70683,0.00055,0.70739,1,3,0.99942,0.01989,0.00789,-0.02656,0.06353,0.08279,0.63040,0,1
1768333702.581251,0.01894,-0.11183,-1.21516,0.01468,-0.00290,0.00025,0.55698,0.00089,0.22806,-0.00052,0.70683,0.00055,0.70738,1,3,0.99946,0.01928,0.00950,-0.02475,0.06335,0.08289,0.63077,0,1
1768333702.583282,0.02822,-0.10856,-0.99533,0.01341,-0.00101,0.00028,0.55698,0.00089,0.22806,-0.00052,0.70683,0.00055,0.70738,1,3,0.99946,0.01928,0.00950,-0.02475,0.06335,0.08289,0.63077,0,1
1768333702.585253,0.00402,-0.10408,-1.01807,0.01193,-0.00033,0.00055,0.55694,0.00089,0.22805,-0.00052,0.70683,0.00055,0.70738,1,3,0.99946,0.01928,0.00950,-0.02475,0.06335,0.08289,0.63077,0,1
1768333702.587260,-0.02128,-0.09032,-1.26170,0.01625,-0.00016,-0.00017,0.55694,0.00089,0.22805,-0.00052,0.70683,0.00055,0.70738,1,3,0.99946,0.01928,0.00950,-0.02475,0.06335,0.08289,0.63077,0,1
1768333702.589250,0.01446,-0.12398,-1.26016,0.01475,-0.00321,0.00077,0.55690,0.00089,0.22805,-0.00052,0.70683,0.00055,0.70738,1,3,0.99946,0.01928,0.00950,-0.02475,0.06335,0.08289,0.63077,0,1
1768333702.591253,0.00074,-0.10976,-1.01790,0.01208,-0.00220,-0.00024,0.55686,0.00089,0.22805,-0.00052,0.70683,0.00055,0.70738,1,3,0.99946,0.01928,0.00950,-0.02475,0.06335,0.08289,0.63077,0,1
1768333702.593278,0.00304,-0.13177,-0.92615,0.01378,-0.00183,0.00023,0.55686,0.00089,0.22805,-0.00052,0.70683,0.00055,0.70738,1,3,0.99946,0.01928,0.00950,-0.02475,0.06335,0.08289,0.63077,0,1
1768333702.595248,0.00826,-0.12614,-1.04787,0.01210,-0.00062,0.00053,0.55682,0.00089,0.22805,-0.00052,0.70684,0.00055,0.70738,1,3,0.99946,0.01928,0.00950,-0.02475,0.06335,0.08289,0.63077,0,1
1768333702.597253,0.00843,-0.10768,-1.28378,0.01604,-0.00125,0.00047,0.55682,0.00089,0.22805,-0.00052,0.70684,0.00055,0.70738,1,3,0.99946,0.01928,0.00950,-0.02475,0.06335,0.08289,0.63077,0,1
1768333702.599242,0.01916,-0.10824,-1.14701,0.01385,-0.00139,0.00057,0.55678,0.00089,0.22805,-0.00052,0.70684,0.00055,0.70738,1,3,0.99946,0.01928,0.00950,-0.02475,0.06335,0.08289,0.63077,0,1
1768333702.601282,-0.00440,-0.08327,-0.95770,0.01219,-0.00127,0.00047,0.55678,0.00089,0.22805,-0.00052,0.70684,0.00055,0.70738,1,3,0.99946,0.01928,0.00950,-0.02475,0.06335,0.08289,0.63077,0,1
1768333702.603285,0.01211,-0.08415,-1.02587,0.01196,-0.00107,0.00121,0.55678,0.00089,0.22805,-0.00052,0.70684,0.00055,0.70738,1,3,0.99946,0.01928,0.00950,-0.02475,0.06335,0.08289,0.63077,0,1
1768333702.605246,0.01102,-0.11361,-1.27596,0.01335,-0.00102,0.00061,0.55674,0.00089,0.22805,-0.00052,0.70684,0.00055,0.70738,1,3,0.99946,0.01928,0.00950,-0.02475,0.06335,0.08289,0.63077,0,1
1768333702.607299,0.00165,-0.12753,-1.24513,0.01449,-0.00140,0.00065,0.55674,0.00089,0.22805,-0.00052,0.70684,0.00055,0.70738,1,3,0.99946,0.01928,0.00950,-0.02475,0.06335,0.08289,0.63077,0,1
1768333702.609261,0.00738,-0.11586,-1.00267,0.01310,-0.00062,0.00029,0.55670,0.00089,0.22805,-0.00052,0.70684,0.00055,0.70738,1,3,0.99946,0.01928,0.00950,-0.02475,0.06335,0.08289,0.63077,0,1
1768333702.611273,0.00914,-0.09591,-0.92695,0.01138,-0.00155,0.00062,0.55670,0.00089,0.22805,-0.00052,0.70684,0.00055,0.70738,1,3,0.99946,0.01928,0.00950,-0.02475,0.06335,0.08289,0.63077,0,1
1768333702.613262,-0.00361,-0.09241,-1.17774,0.01207,-0.00253,-0.00024,0.55670,0.00089,0.22805,-0.00052,0.70684,0.00055,0.70738,1,3,0.99946,0.01928,0.00950,-0.02475,0.06335,0.08289,0.63077,0,1
1768333702.615295,-0.00429,-0.10054,-1.32179,0.01569,-0.00084,0.00085,0.55666,0.00089,0.22805,-0.00052,0.70684,0.00055,0.70737,1,3,0.99946,0.01928,0.00950,-0.02475,0.06335,0.08289,0.63077,0,1
1768333702.617265,0.00708,-0.11055,-1.04803,0.01317,-0.00137,0.00093,0.55662,0.00089,0.22805,-0.00052,0.70684,0.00055,0.70737,1,3,0.99943,0.01867,0.01061,-0.02591,0.06312,0.08291,0.63044,0,1
1768333702.619298,0.00214,-0.11494,-0.85040,0.01049,-0.00235,0.00043,0.55662,0.00089,0.22805,-0.00052,0.70684,0.00055,0.70737,1,3,0.99943,0.01867,0.01061,-0.02591,0.06312,0.08291,0.63044,0,1
1768333702.621275,0.00950,-0.11048,-1.04060,0.01142,-0.00192,0.00013,0.55658,0.00089,0.22805,-0.00052,0.70684,0.00055,0.70737,1,3,0.99943,0.01867,0.01061,-0.02591,0.06312,0.08291,0.63044,0,1
1768333702.623306,-0.01297,-0.10777,-1.17715,0.01232,-0.00163,0.00058,0.55658,0.00089,0.22805,-0.00052,0.70684,0.00055,0.70737,1,3,0.99943,0.01867,0.01061,-0.02591,0.06312,0.08291,0.63044,0,1
1768333702.625261,0.00822,-0.10185,-1.22327,0.01677,-0.00190,-0.00002,0.55654,0.00089,0.22805,-0.00052,0.70684,0.00055,0.70737,1,3,0.99943,0.01867,0.01061,-0.02591,0.06312,0.08291,0.63044,0,1
1768333702.627303,0.02535,-0.05651,-0.97335,0.01164,-0.00214,0.00110,0.55650,0.00089,0.22805,-0.00052,0.70684,0.00055,0.70737,1,3,0.99943,0.01867,0.01061,-0.02591,0.06312,0.08291,0.63044,0,1
1768333702.629306,0.02342,-0.07930,-1.02640,0.01005,-0.00161,-0.00015,0.55650,0.00089,0.22805,-0.00052,0.70684,0.00055,0.70737,1,3,0.99943,0.01867,0.01061,-0.02591,0.06312,0.08291,0.63044,0,1
1768333702.631308,0.00556,-0.08453,-1.29186,0.01523,-0.00263,0.00006,0.55646,0.00089,0.22804,-0.00052,0.70685,0.00055,0.70737,1,3,0.99943,0.01867,0.01061,-0.02591,0.06312,0.08291,0.63044,0,1
1768333702.633274,0.00155,-0.12642,-1.26793,0.01516,-0.00255,0.00023,0.55646,0.00089,0.22804,-0.00052,0.70685,0.00055,0.70737,1,3,0.99943,0.01867,0.01061,-0.02591,0.06312,0.08291,0.63044,0,1
1768333702.635331,-0.00125,-0.11982,-1.04049,0.01371,-0.00140,0.00001,0.55642,0.00089,0.22804,-0.00052,0.70685,0.00055,0.70736,1,3,0.99943,0.01867,0.01061,-0.02591,0.06312,0.08291,0.63044,0,1
1768333702.637285,-0.00014,-0.12024,-0.96417,0.01218,-0.00154,0.00088,0.55642,0.00089,0.22804,-0.00052,0.70685,0.00055,0.70736,1,3,0.99943,0.01867,0.01061,-0.02591,0.06312,0.08291,0.63044,0,1
1768333702.639293,-0.01089,-0.13468,-1.17654,0.01440,-0.00125,0.00072,0.55642,0.00089,0.22804,-0.00052,0.70685,0.00055,0.70736,1,3,0.99943,0.01867,0.01061,-0.02591,0.06312,0.08291,0.63044,0,1
1768333702.641284,0.00883,-0.10728,-1.29128,0.01583,-0.00189,0.00047,0.55638,0.00089,0.22804,-0.00052,0.70685,0.00055,0.70736,1,3,0.99943,0.01867,0.01061,-0.02591,0.06312,0.08291,0.63044,0,1
1768333702.643349,-0.01544,-0.12187,-1.13925,0.01521,-0.00110,-0.00019,0.55638,0.00089,0.22804,-0.00052,0.70685,0.00055,0.70736,1,3,0.99943,0.01867,0.01061,-0.02591,0.06312,0.08291,0.63044,0,1
1768333702.645285,-0.00584,-0.12722,-0.97940,0.01384,-0.00121,0.00046,0.55634,0.00089,0.22804,-0.00052,0.70685,0.00055,0.70736,1,3,0.99943,0.01867,0.01061,-0.02591,0.06312,0.08291,0.63044,0,1
1768333702.647317,-0.01030,-0.09025,-1.04870,0.01385,-0.00118,0.00040,0.55634,0.00089,0.22804,-0.00052,0.70685,0.00055,0.70736,1,3,0.99943,0.01867,0.01061,-0.02591,0.06312,0.08291,0.63044,0,1
1768333702.649295,0.00477,-0.11378,-1.24555,0.01618,-0.00260,0.00011,0.55634,0.00089,0.22804,-0.00052,0.70685,0.00055,0.70736,1,3,0.99943,0.01867,0.01061,-0.02591,0.06312,0.08291,0.63044,0,1
1768333702.651315,0.00699,-0.11010,-1.15446,0.01361,-0.00187,0.00045,0.55630,0.00089,0.22804,-0.00052,0.70685,0.00055,0.70736,1,3,0.99943,0.01867,0.01061,-0.02591,0.06312,0.08291,0.63044,0,1
1768333702.653311,0.00936,-0.08604,-1.01083,0.01128,-0.00168,0.00028,0.55630,0.00089,0.22804,-0.00052,0.70685,0.00055,0.70736,1,3,0.99943,0.01867,0.01061,-0.02591,0.06312,0.08291,0.63044,0,1
1768333702.655359,0.00203,-0.07864,-1.07200,0.01399,-0.00058,0.00023,0.55626,0.00089,0.22804,-0.00052,0.70685,0.00055,0.70736,1,3,0.99948,0.01790,0.00968,-0.02508,0.06291,0.08296,0.63049,0,1
1768333702.657303,-0.00336,-0.08260,-1.22330,0.01154,-0.00291,0.00027,0.55626,0.00089,0.22804,-0.00052,0.70685,0.00055,0.70736,1,3,0.99948,0.01790,0.00968,-0.02508,0.06291,0.08296,0.63049,0,1
1768333702.659325,0.01748,-0.12605,-1.26796,0.01625,-0.00312,0.00022,0.55621,0.00089,0.22804,-0.00052,0.70685,0.00055,0.70736,1,3,0.99948,0.01790,0.00968,-0.02508,0.06291,0.08296,0.63049,0,1
1768333702.661313,0.01737,-0.10466,-1.04052,0.01215,-0.00316,0.00040,0.55617,0.00089,0.22803,-0.00052,0.70686,0.00055,0.70736,1,3,0.99948,0.01790,0.00968,-0.02508,0.06291,0.08296,0.63049,0,1
1768333702.663347,0.00879,-0.12471,-0.98685,0.01212,-0.00240,0.00059,0.55613,0.00089,0.22803,-0.00052,0.70686,0.00055,0.70736,1,3,0.99948,0.01790,0.00968,-0.02508,0.06291,0.08296,0.63049,0,1
1768333702.665669,0.00285,-0.13311,-1.16920,0.01333,-0.00079,0.00044,0.55613,0.00089,0.22803,-0.00052,0.70686,0.00055,0.70736,1,3,0.99948,0.01790,0.00968,-0.02508,0.06291,0.08296,0.63049,0,1
1768333702.667334,0.01306,-0.12008,-1.25301,0.01567,-0.00142,0.00063,0.55613,0.00089,0.22803,-0.00052,0.70686,0.00055,0.70736,1,3,0.99948,0.01790,0.00968,-0.02508,0.06291,0.08296,0.63049,0,1
1768333702.669304,-0.00655,-0.11659,-1.09361,0.01484,-0.00197,0.00010,0.55609,0.00089,0.22804,-0.00052,0.70685,0.00055,0.70736,1,3,0.99948,0.01790,0.00968,-0.02508,0.06291,0.08296,0.63049,0,1
1768333702.671312,-0.00147,-0.10060,-1.04856,0.01351,-0.00090,0.00026,0.55609,0.00089,0.22804,-0.00052,0.70685,0.00055,0.70736,1,3,0.99948,0.01790,0.00968,-0.02508,0.06291,0.08296,0.63049,0,1
1768333702.673308,-0.00915,-0.11964,-1.13895,0.01305,-0.00193,0.00034,0.55605,0.00089,0.22804,-0.00052,0.70685,0.00055,0.70736,1,3,0.99948,0.01790,0.00968,-0.02508,0.06291,0.08296,0.63049,0,1
1768333702.675314,0.01923,-0.11235,-1.22281,0.01424,-0.00240,0.00025,0.55605,0.00089,0.22804,-0.00052,0.70685,0.00055,0.70736,1,3,0.99948,0.01790,0.00968,-0.02508,0.06291,0.08296,0.63049,0,1
1768333702.677303,0.01893,-0.09824,-1.05607,0.01397,-0.00140,0.00077,0.55605,0.00089,0.22804,-0.00052,0.70685,0.00055,0.70736,1,3,0.99948,0.01790,0.00968,-0.02508,0.06291,0.08296,0.63049,0,1
1768333702.679313,0.00032,-0.08623,-1.01072,0.01150,-0.00119,0.00069,0.55601,0.00089,0.22804,-0.00052,0.70685,0.00055,0.70736,1,3,0.99948,0.01790,0.00968,-0.02508,0.06291,0.08296,0.63049,0,1
1768333702.681312,-0.00073,-0.08142,-1.04138,0.01243,-0.00067,0.00053,0.55601,0.00089,0.22804,-0.00052,0.70685,0.00055,0.70736,1,3,0.99948,0.01790,0.00968,-0.02508,0.06291,0.08296,0.63049,0,1
1768333702.683320,0.00529,-0.10501,-1.23087,0.01542,-0.00135,-0.00016,0.55597,0.00089,0.22804,-0.00052,0.70684,0.00055,0.70737,1,3,0.99948,0.01790,0.00968,-0.02508,0.06291,0.08296,0.63049,0,1
1768333702.685342,0.00471,-0.12083,-1.15458,0.01544,0.00006,0.00031,0.55597,0.00089,0.22804,-0.00052,0.70684,0.00055,0.70737,1,3,0.99948,0.01790,0.00968,-0.02508,0.06291,0.08296,0.63049,0,1
1768333702.687336,0.00719,-0.11221,-1.07106,0.01249,0.00054,0.00091,0.55593,0.00089,0.22804,-0.00052,0.70685,0.00055,0.70737,1,3,0.99948,0.01790,0.00968,-0.02508,0.06291,0.08296,0.63049,0,1
1768333702.689333,0.00314,-0.14296,-1.11565,0.01299,-0.00091,0.00076,0.55593,0.00089,0.22804,-0.00052,0.70685,0.00055,0.70737,1,3,0.99947,0.01730,0.00978,-0.02579,0.06272,0.08304,0.63062,0,1
1768333702.691471,-0.00209,-0.14944,-1.16095,0.01422,-0.00160,0.00073,0.55589,0.00089,0.22804,-0.00052,0.70685,0.00055,0.70737,1,3,0.99947,0.01730,0.00978,-0.02579,0.06272,0.08304,0.63062,0,1
1768333702.693350,0.00769,-0.12372,-1.13884,0.01366,-0.00327,0.00006,0.55589,0.00089,0.22804,-0.00052,0.70685,0.00055,0.70737,1,3,0.99947,0.01730,0.00978,-0.02579,0.06272,0.08304,0.63062,0,1
1768333702.695397,0.00765,-0.10517,-1.03327,0.01323,-0.00165,0.00000,0.55581,0.00089,0.22804,-0.00052,0.70684,0.00055,0.70737,1,3,0.99947,0.01730,0.00978,-0.02579,0.06272,0.08304,0.63062,0,1
1768333702.697416,-0.00137,-0.08629,-1.11699,0.01281,-0.00090,0.00101,0.55581,0.00089,0.22804,-0.00052,0.70684,0.00055,0.70737,1,3,0.99947,0.01730,0.00978,-0.02579,0.06272,0.08304,0.63062,0,1
1768333702.699357,-0.00369,-0.12357,-1.25294,0.01628,-0.00237,-0.00002,0.55577,0.00089,0.22805,-0.00052,0.70684,0.00055,0.70737,1,3,0.99947,0.01730,0.00978,-0.02579,0.06272,0.08304,0.63062,0,1
1768333702.701347,0.02792,-0.12178,-1.20736,0.01434,-0.00313,0.00012,0.55577,0.00089,0.22805,-0.00052,0.70684,0.00055,0.70737,1,3,0.99947,0.01730,0.00978,-0.02579,0.06272,0.08304,0.63062,0,1
1768333702.703361,0.01492,-0.13005,-0.99469,0.01424,-0.00121,0.00030,0.55577,0.00089,0.22805,-0.00052,0.70684,0.00055,0.70737,1,3,0.99947,0.01730,0.00978,-0.02579,0.06272,0.08304,0.63062,0,1
1768333702.705347,-0.00157,-0.13997,-1.03984,0.01368,-0.00099,0.00055,0.55573,0.00089,0.22805,-0.00052,0.70684,0.00055,0.70738,1,3,0.99947,0.01730,0.00978,-0.02579,0.06272,0.08304,0.63062,0,1
1768333702.707337,0.01420,-0.10106,-1.17766,0.01437,-0.00082,0.00055,0.55573,0.00089,0.22805,-0.00052,0.70684,0.00055,0.70738,1,3,0.99947,0.01730,0.00978,-0.02579,0.06272,0.08304,0.63062,0,1
1768333702.709362,0.00957,-0.12213,-1.19973,0.01521,-0.00189,0.00054,0.55573,0.00089,0.22805,-0.00052,0.70684,0.00055,0.70738,1,3,0.99947,0.01730,0.00978,-0.02579,0.06272,0.08304,0.63062,0,1
1768333702.711349,0.01349,-0.10521,-1.08646,0.01542,-0.00120,0.00035,0.55569,0.00089,0.22805,-0.00052,0.70684,0.00055,0.70738,1,3,0.99947,0.01730,0.00978,-0.02579,0.06272,0.08304,0.63062,0,1
1768333702.713347,0.00759,-0.09680,-1.03352,0.01246,-0.00013,0.00053,0.55569,0.00089,0.22805,-0.00052,0.70684,0.00055,0.70738,1,3,0.99947,0.01730,0.00978,-0.02579,0.06272,0.08304,0.63062,0,1
1768333702.715353,0.03183,-0.12608,-1.14692,0.01407,-0.00077,0.00002,0.55565,0.00089,0.22805,-0.00052,0.70683,0.00055,0.70738,1,3,0.99947,0.01730,0.00978,-0.02579,0.06272,0.08304,0.63062,0,1
1768333702.717355,0.00146,-0.12728,-1.22251,0.01493,-0.00141,0.00026,0.55565,0.00089,0.22805,-0.00052,0.70683,0.00055,0.70738,1,3,0.99947,0.01730,0.00978,-0.02579,0.06272,0.08304,0.63062,0,1
1768333702.719366,0.01928,-0.10856,-1.12427,0.01363,-0.00101,0.00059,0.55561,0.00089,0.22806,-0.00052,0.70683,0.00055,0.70738,1,3,0.99947,0.01730,0.00978,-0.02579,0.06272,0.08304,0.63062,0,1
1768333702.721389,-0.03086,-0.12230,-1.00972,0.01324,-0.00078,0.00073,0.55561,0.00089,0.22806,-0.00052,0.70683,0.00055,0.70738,1,3,0.99950,0.01654,0.00867,-0.02553,0.06249,0.08310,0.63057,0,1
1768333702.723357,0.00742,-0.09100,-1.08674,0.01297,-0.00114,0.00036,0.55557,0.00089,0.22806,-0.00052,0.70683,0.00055,0.70739,1,3,0.99950,0.01654,0.00867,-0.02553,0.06249,0.08310,0.63057,0,1
1768333702.725354,-0.01334,-0.13166,-1.10797,0.01291,-0.00237,0.00092,0.55557,0.00089,0.22806,-0.00052,0.70683,0.00055,0.70739,1,3,0.99950,0.01654,0.00867,-0.02553,0.06249,0.08310,0.63057,0,1
1768333702.727352,0.00686,-0.08493,-1.17032,0.01391,-0.00240,0.00016,0.55553,0.00089,0.22806,-0.00052,0.70682,0.00055,0.70739,1,3,0.99950,0.01654,0.00867,-0.02553,0.06249,0.08310,0.63057,0,1
1768333702.729372,-0.00129,-0.12076,-1.10103,0.01304,-0.00075,0.00077,0.55549,0.00089,0.22806,-0.00052,0.70682,0.00055,0.70739,1,3,0.99950,0.01654,0.00867,-0.02553,0.06249,0.08310,0.63057,0,1
1768333702.731364,0.00807,-0.12099,-1.04044,0.01238,-0.00075,0.00040,0.55549,0.00089,0.22806,-0.00052,0.70682,0.00055,0.70739,1,3,0.99950,0.01654,0.00867,-0.02553,0.06249,0.08310,0.63057,0,1
1768333702.733384,0.01990,-0.08767,-1.10182,0.01345,-0.00256,0.00047,0.55545,0.00089,0.22806,-0.00052,0.70682,0.00055,0.70739,1,3,0.99950,0.01654,0.00867,-0.02553,0.06249,0.08310,0.63057,0,1
1768333702.735402,0.01340,-0.08986,-1.18566,0.01582,-0.00185,-0.00013,0.55545,0.00089,0.22806,-0.00052,0.70682,0.00055,0.70739,1,3,0.99950,0.01654,0.00867,-0.02553,0.06249,0.08310,0.63057,0,1
1768333702.737373,-0.00154,-0.09164,-1.15503,0.01296,-0.00026,0.00071,0.55541,0.00089,0.22806,-0.00052,0.70682,0.00055,0.70739,1,3,0.99950,0.01654,0.00867,-0.02553,0.06249,0.08310,0.63057,0,1
1768333702.739378,-0.00462,-0.09947,-1.09425,0.01199,0.00028,0.00036,0.55541,0.00089,0.22806,-0.00052,0.70682,0.00055,0.70739,1,3,0.99950,0.01654,0.00867,-0.02553,0.06249,0.08310,0.63057,0,1
1768333702.741388,0.01542,-0.11656,-1.07858,0.01309,-0.00020,0.00063,0.55541,0.00089,0.22806,-0.00052,0.70682,0.00055,0.70739,1,3,0.99950,0.01654,0.00867,-0.02553,0.06249,0.08310,0.63057,0,1
1768333702.743371,0.00158,-0.11134,-1.17731,0.01534,-0.00258,-0.00011,0.55537,0.00089,0.22806,-0.00052,0.70682,0.00055,0.70740,1,3,0.99950,0.01654,0.00867,-0.02553,0.06249,0.08310,0.63057,0,1
1768333702.745377,-0.00218,-0.12474,-1.17707,0.01452,-0.00138,0.00003,0.55537,0.00089,0.22806,-0.00052,0.70682,0.00055,0.70740,1,3,0.99950,0.01654,0.00867,-0.02553,0.06249,0.08310,0.63057,0,1
1768333702.747374,-0.01371,-0.11765,-1.09349,0.01308,-0.00112,0.00052,0.55533,0.00089,0.22807,-0.00052,0.70682,0.00055,0.70740,1,3,0.99950,0.01654,0.00867,-0.02553,0.06249,0.08310,0.63057,0,1
1768333702.749402,-0.00040,-0.10470,-1.03298,0.01280,-0.00231,0.00042,0.55533,0.00089,0.22807,-0.00052,0.70682,0.00055,0.70740,1,3,0.99952,0.01598,0.00950,-0.02478,0.06229,0.08317,0.63067,0,1
1768333702.751384,-0.00092,-0.10478,-1.04822,0.01324,-0.00205,0.00040,0.55529,0.00088,0.22806,-0.00052,0.70682,0.00055,0.70740,1,3,0.99952,0.01598,0.00950,-0.02478,0.06229,0.08317,0.63067,0,1
1768333702.753381,0.01553,-0.08524,-1.14740,0.01347,-0.00250,0.00057,0.55529,0.00088,0.22806,-0.00052,0.70682,0.00055,0.70740,1,3,0.99952,0.01598,0.00950,-0.02478,0.06229,0.08317,0.63067,0,1
1768333702.755392,-0.00579,-0.12282,-1.13913,0.01367,-0.00083,0.00020,0.55525,0.00088,0.22807,-0.00052,0.70681,0.00055,0.70740,1,3,0.99952,0.01598,0.00950,-0.02478,0.06229,0.08317,0.63067,0,1
1768333702.757401,0.01983,-0.08786,-1.09426,0.01344,-0.00231,0.00048,0.55521,0.00088,0.22807,-0.00052,0.70681,0.00055,0.70740,1,3,0.99952,0.01598,0.00950,-0.02478,0.06229,0.08317,0.63067,0,1
1768333702.759395,0.01178,-0.09857,-1.10158,0.01266,-0.00131,0.00075,0.55521,0.00088,0.22807,-0.00052,0.70681,0.00055,0.70740,1,3,0.99952,0.01598,0.00950,-0.02478,0.06229,0.08317,0.63067,0,1
1768333702.761398,-0.02634,-0.09463,-1.13187,0.01314,-0.00187,0.00049,0.55517,0.00088,0.22807,-0.00052,0.70681,0.00055,0.70740,1,3,0.99952,0.01598,0.00950,-0.02478,0.06229,0.08317,0.63067,0,1
1768333702.763389,-0.00018,-0.10983,-1.16191,0.01252,-0.00242,0.00045,0.55517,0.00088,0.22807,-0.00052,0.70681,0.00055,0.70740,1,3,0.99952,0.01598,0.00950,-0.02478,0.06229,0.08317,0.63067,0,1
1768333702.765387,0.00783,-0.11545,-1.10112,0.01267,-0.00163,0.00062,0.55513,0.00088,0.22807,-0.00052,0.70681,0.00055,0.70740,1,3,0.99952,0.01598,0.00950,-0.02478,0.06229,0.08317,0.63067,0,1
1768333702.767398,0.00376,-0.12330,-1.10116,0.01257,-0.00082,0.00022,0.55513,0.00088,0.22807,-0.00052,0.70681,0.00055,0.70740,1,3,0.99952,0.01598,0.00950,-0.02478,0.06229,0.08317,0.63067,0,1
1768333702.769390,0.01410,-0.10187,-1.14001,0.01436,0.00044,0.00017,0.55513,0.00088,0.22807,-0.00052,0.70681,0.00055,0.70740,1,3,0.99952,0.01598,0.00950,-0.02478,0.06229,0.08317,0.63067,0,1
1768333702.771417,-0.00688,-0.14237,-1.20697,0.01474,-0.00079,0.00029,0.55509,0.00088,0.22807,-0.00052,0.70681,0.00055,0.70740,1,3,0.99952,0.01598,0.00950,-0.02478,0.06229,0.08317,0.63067,0,1
1768333702.773405,-0.00342,-0.11201,-1.13104,0.01140,-0.00326,0.00116,0.55509,0.00088,0.22807,-0.00052,0.70681,0.00055,0.70740,1,3,0.99952,0.01598,0.00950,-0.02478,0.06229,0.08317,0.63067,0,1
1768333702.775387,0.01247,-0.09304,-1.03328,0.01229,-0.00209,0.00067,0.55505,0.00088,0.22806,-0.00052,0.70682,0.00055,0.70740,1,3,0.99952,0.01598,0.00950,-0.02478,0.06229,0.08317,0.63067,0,1
1768333702.777407,0.00932,-0.09550,-1.04078,0.01138,-0.00230,0.00053,0.55505,0.00088,0.22806,-0.00052,0.70682,0.00055,0.70740,1,3,0.99952,0.01598,0.00950,-0.02478,0.06229,0.08317,0.63067,0,1
1768333702.779387,-0.00666,-0.10702,-1.19258,0.01474,-0.00184,0.00016,0.55501,0.00088,0.22806,-0.00052,0.70682,0.00055,0.70740,1,3,0.99952,0.01598,0.00950,-0.02478,0.06229,0.08317,0.63067,0,1
1768333702.781396,0.00135,-0.13456,-1.21421,0.01113,-0.00305,0.00069,0.55501,0.00088,0.22806,-0.00052,0.70682,0.00055,0.70740,1,3,0.99952,0.01598,0.00950,-0.02478,0.06229,0.08317,0.63067,0,1
1768333702.783393,0.02276,-0.09466,-1.08631,0.01467,-0.00284,0.00088,0.55497,0.00088,0.22806,-0.00052,0.70682,0.00055,0.70739,1,3,0.99951,0.01555,0.00999,-0.02518,0.06209,0.08323,0.63073,0,1
1768333702.785437,0.00898,-0.08576,-1.04120,0.01172,-0.00193,0.00026,0.55497,0.00088,0.22806,-0.00052,0.70682,0.00055,0.70739,1,3,0.99951,0.01555,0.00999,-0.02518,0.06209,0.08323,0.63073,0,1
1768333702.787423,0.01554,-0.08150,-1.12499,0.01308,-0.00099,0.00045,0.55492,0.00088,0.22806,-0.00052,0.70682,0.00055,0.70739,1,3,0.99951,0.01555,0.00999,-0.02518,0.06209,0.08323,0.63073,0,1
1768333702.789421,-0.00048,-0.12726,-1.29859,0.01667,-0.00087,0.00020,0.55492,0.00088,0.22806,-0.00052,0.70682,0.00055,0.70739,1,3,0.99951,0.01555,0.00999,-0.02518,0.06209,0.08323,0.63073,0,1
1768333702.791412,-0.01655,-0.11239,-1.16978,0.01576,-0.00058,0.00032,0.55488,0.00088,0.22806,-0.00052,0.70682,0.00055,0.70739,1,3,0.99951,0.01555,0.00999,-0.02518,0.06209,0.08323,0.63073,0,1
1768333702.793425,-0.00073,-0.07513,-1.01857,0.01294,-0.00220,0.00042,0.55484,0.00088,0.22806,-0.00052,0.70682,0.00055,0.70740,1,3,0.99951,0.01555,0.00999,-0.02518,0.06209,0.08323,0.63073,0,1
1768333702.795458,0.00006,-0.06085,-1.08713,0.01180,-0.00221,0.00076,0.55484,0.00088,0.22806,-0.00052,0.70682,0.00055,0.70740,1,3,0.99951,0.01555,0.00999,-0.02518,0.06209,0.08323,0.63073,0,1
1768333702.797417,0.01442,-0.10975,-1.24562,0.01470,-0.00234,0.00037,0.55480,0.00088,0.22807,-0.00052,0.70682,0.00055,0.70740,1,3,0.99951,0.01555,0.00999,-0.02518,0.06209,0.08323,0.63073,0,1
1768333702.799419,0.00068,-0.13802,-1.18436,0.01524,-0.00012,0.00056,0.55480,0.00088,0.22807,-0.00052,0.70682,0.00055,0.70740,1,3,0.99951,0.01555,0.00999,-0.02518,0.06209,0.08323,0.63073,0,1
1768333702.801412,0.00478,-0.10144,-1.06388,0.01503,0.00042,0.00064,0.55476,0.00088,0.22806,-0.00052,0.70682,0.00055,0.70739,1,3,0.99951,0.01555,0.00999,-0.02518,0.06209,0.08323,0.63073,0,1
1768333702.803409,0.00585,-0.10125,-1.15489,0.01415,-0.00034,0.00057,0.55476,0.00088,0.22806,-0.00052,0.70682,0.00055,0.70739,1,3,0.99951,0.01555,0.00999,-0.02518,0.06209,0.08323,0.63073,0,1
1768333702.805405,0.00161,-0.11963,-1.19936,0.01087,-0.00332,0.00070,0.55476,0.00088,0.22806,-0.00052,0.70682,0.00055,0.70739,1,3,0.99951,0.01555,0.00999,-0.02518,0.06209,0.08323,0.63073,0,1
1768333702.807414,0.00448,-0.12160,-1.16123,0.01216,-0.00360,0.00099,0.55472,0.00088,0.22806,-0.00052,0.70682,0.00055,0.70739,1,3,0.99951,0.01555,0.00999,-0.02518,0.06209,0.08323,0.63073,0,1
1768333702.809418,0.00202,-0.12143,-1.00210,0.01457,-0.00245,0.00071,0.55472,0.00088,0.22806,-0.00052,0.70682,0.00055,0.70739,1,3,0.99951,0.01555,0.00999,-0.02518,0.06209,0.08323,0.63073,0,1
1768333702.811412,0.01240,-0.10319,-1.02536,0.01217,-0.00182,0.00095,0.55468,0.00088,0.22806,-0.00052,0.70682,0.00055,0.70739,1,3,0.99951,0.01555,0.00999,-0.02518,0.06209,0.08323,0.63073,0,1
1768333702.813416,0.02742,-0.10267,-1.26863,0.01435,-0.00250,0.00033,0.55468,0.00088,0.22806,-0.00052,0.70682,0.00055,0.70739,1,3,0.99951,0.01555,0.00999,-0.02518,0.06209,0.08323,0.63073,0,1
1768333702.815412,-0.02133,-0.10847,-1.29109,0.01668,-0.00229,0.00036,0.55464,0.00088,0.22806,-0.00052,0.70682,0.00055,0.70739,1,3,0.99951,0.01555,0.00999,-0.02518,0.06209,0.08323,0.63073,0,1
1768333702.817441,0.00738,-0.10414,-1.09352,0.01346,-0.00328,0.00077,0.55464,0.00088,0.22806,-0.00052,0.70682,0.00055,0.70739,1,3,0.99955,0.01467,0.00847,-0.02457,0.06188,0.08329,0.63073,0,1
1768333702.819438,0.01429,-0.08275,-0.95750,0.01088,-0.00302,0.00046,0.55464,0.00088,0.22806,-0.00052,0.70682,0.00055,0.70739,1,3,0.99955,0.01467,0.00847,-0.02457,0.06188,0.08329,0.63073,0,1
1768333702.821462,0.02447,-0.11082,-1.15455,0.01295,-0.00170,0.00043,0.55460,0.00088,0.22805,-0.00052,0.70683,0.00055,0.70739,1,3,0.99955,0.01467,0.00847,-0.02457,0.06188,0.08329,0.63073,0,1
1768333702.823484,-0.01637,-0.12815,-1.29104,0.01535,0.00033,0.00022,0.55456,0.00088,0.22806,-0.00052,0.70683,0.00055,0.70739,1,3,0.99955,0.01467,0.00847,-0.02457,0.06188,0.08329,0.63073,0,1
1768333702.825447,0.01845,-0.09947,-1.15520,0.01417,0.00026,0.00029,0.55452,0.00088,0.22806,-0.00052,0.70683,0.00055,0.70739,1,3,0.99955,0.01467,0.00847,-0.02457,0.06188,0.08329,0.63073,0,1
1768333702.827440,-0.00865,-0.09604,-0.98777,0.01203,-0.00069,0.00059,0.55452,0.00088,0.22806,-0.00052,0.70683,0.00055,0.70739,1,3,0.99955,0.01467,0.00847,-0.02457,0.06188,0.08329,0.63073,0,1
1768333702.829484,0.00866,-0.13570,-1.05501,0.01177,-0.00124,0.00080,0.55448,0.00088,0.22805,-0.00052,0.70683,0.00055,0.70738,1,3,0.99955,0.01467,0.00847,-0.02457,0.06188,0.08329,0.63073,0,1
1768333702.831434,-0.00411,-0.13964,-1.22983,0.01609,-0.00082,0.00040,0.55448,0.00088,0.22805,-0.00052,0.70683,0.00055,0.70738,1,3,0.99955,0.01467,0.00847,-0.02457,0.06188,0.08329,0.63073,0,1
1768333702.833436,0.01318,-0.10542,-1.20802,0.01563,-0.00106,0.00026,0.55444,0.00088,0.22805,-0.00052,0.70683,0.00055,0.70738,1,3,0.99955,0.01467,0.00847,-0.02457,0.06188,0.08329,0.63073,0,1
1768333702.835431,-0.01307,-0.05961,-1.04956,0.01182,-0.00003,0.00053,0.55444,0.00088,0.22805,-0.00052,0.70683,0.00055,0.70738,1,3,0.99955,0.01467,0.00847,-0.02457,0.06188,0.08329,0.63073,0,1
1768333702.837427,0.01319,-0.07385,-1.05665,0.01143,-0.00173,0.00051,0.55444,0.00088,0.22805,-0.00052,0.70683,0.00055,0.70738,1,3,0.99955,0.01467,0.00847,-0.02457,0.06188,0.08329,0.63073,0,1
1768333702.839427,0.01115,-0.10895,-1.17657,0.01013,-0.00496,0.00084,0.55439,0.00088,0.22805,-0.00052,0.70683,0.00055,0.70739,1,3,0.99955,0.01467,0.00847,-0.02457,0.06188,0.08329,0.63073,0,1
1768333702.841437,0.02304,-0.11516,-1.16938,0.01420,-0.00218,0.00096,0.55439,0.00088,0.22805,-0.00052,0.70683,0.00055,0.70739,1,3,0.99955,0.01467,0.00847,-0.02457,0.06188,0.08329,0.63073,0,1
1768333702.843433,0.00393,-0.10301,-1.03310,0.01238,-0.00160,0.00054,0.55435,0.00088,0.22805,-0.00052,0.70683,0.00055,0.70738,1,3,0.99955,0.01467,0.00847,-0.02457,0.06188,0.08329,0.63073,0,1
1768333702.845453,0.01637,-0.08047,-1.03382,0.01288,-0.00215,0.00012,0.55435,0.00088,0.22805,-0.00052,0.70683,0.00055,0.70738,1,3,0.99955,0.01467,0.00847,-0.02457,0.06188,0.08329,0.63073,0,1
1768333702.847462,0.00931,-0.08247,-1.18547,0.01525,-0.00217,0.00068,0.55431,0.00088,0.22805,-0.00052,0.70683,0.00055,0.70738,1,3,0.99956,0.01431,0.00847,-0.02445,0.06168,0.08337,0.63084,0,1
1768333702.849453,0.00546,-0.13373,-1.27553,0.01572,-0.00247,-0.00018,0.55431,0.00088,0.22805,-0.00052,0.70683,0.00055,0.70738,1,3,0.99956,0.01431,0.00847,-0.02445,0.06168,0.08337,0.63084,0,1
1768333702.851460,-0.00596,-0.12278,-1.13878,0.01345,-0.00119,0.00101,0.55427,0.00088,0.22805,-0.00052,0.70683,0.00055,0.70738,1,3,0.99956,0.01431,0.00847,-0.02445,0.06168,0.08337,0.63084,0,1
1768333702.853457,0.00820,-0.13918,-1.07018,0.01304,-0.00251,0.00012,0.55423,0.00088,0.22805,-0.00052,0.70683,0.00055,0.70738,1,3,0.99956,0.01431,0.00847,-0.02445,0.06168,0.08337,0.63084,0,1
1768333702.855457,-0.00138,-0.06633,-1.09491,0.01305,-0.00093,0.00049,0.55423,0.00088,0.22805,-0.00052,0.70683,0.00055,0.70738,1,3,0.99956,0.01431,0.00847,-0.02445,0.06168,0.08337,0.63084,0,1
1768333702.857472,-0.00682,-0.07542,-1.21569,0.01053,-0.00300,0.00068,0.55419,0.00088,0.22805,-0.00052,0.70683,0.00055,0.70738,1,3,0.99956,0.01431,0.00847,-0.02445,0.06168,0.08337,0.63084,0,1
1768333702.859460,-0.00112,-0.07567,-1.19316,0.01293,-0.00192,0.00068,0.55419,0.00088,0.22805,-0.00052,0.70683,0.00055,0.70738,1,3,0.99956,0.01431,0.00847,-0.02445,0.06168,0.08337,0.63084,0,1
1768333702.861473,0.01684,-0.13037,-1.03980,0.01206,-0.00198,0.00107,0.55415,0.00088,0.22805,-0.00052,0.70684,0.00055,0.70738,1,3,0.99956,0.01431,0.00847,-0.02445,0.06168,0.08337,0.63084,0,1
1768333702.863458,-0.00452,-0.16232,-1.00141,0.01276,-0.00082,0.00019,0.55415,0.00088,0.22805,-0.00052,0.70684,0.00055,0.70738,1,3,0.99956,0.01431,0.00847,-0.02445,0.06168,0.08337,0.63084,0,1
1768333702.865465,0.00051,-0.14896,-1.09251,0.01226,-0.00279,0.00038,0.55411,0.00088,0.22805,-0.00052,0.70684,0.00055,0.70738,1,3,0.99956,0.01431,0.00847,-0.02445,0.06168,0.08337,0.63084,0,1
1768333702.867462,0.00494,-0.09912,-1.29150,0.01592,-0.00261,0.00007,0.55411,0.00088,0.22805,-0.00052,0.70684,0.00055,0.70738,1,3,0.99956,0.01431,0.00847,-0.02445,0.06168,0.08337,0.63084,0,1
1768333702.869477,-0.01300,-0.13688,-1.13854,0.01284,-0.00187,0.00022,0.55411,0.00088,0.22805,-0.00052,0.70684,0.00055,0.70738,1,3,0.99956,0.01431,0.00847,-0.02445,0.06168,0.08337,0.63084,0,1
1768333702.871480,0.02426,-0.12495,-1.11611,0.01343,-0.00233,0.00046,0.55407,0.00088,0.22805,-0.00052,0.70684,0.00055,0.70738,1,3,0.99956,0.01431,0.00847,-0.02445,0.06168,0.08337,0.63084,0,1
1768333702.873477,-0.00272,-0.13848,-1.04729,0.01523,-0.00238,0.00055,0.55407,0.00088,0.22805,-0.00052,0.70684,0.00055,0.70738,1,3,0.99956,0.01431,0.00847,-0.02445,0.06168,0.08337,0.63084,0,1
1768333702.875468,-0.01001,-0.10497,-1.13200,0.01389,-0.00130,-0.00006,0.55403,0.00088,0.22805,-0.00052,0.70683,0.00055,0.70738,1,3,0.99956,0.01431,0.00847,-0.02445,0.06168,0.08337,0.63084,0,1
1768333702.877476,-0.00518,-0.11689,-1.16949,0.01352,-0.00223,0.00005,0.55403,0.00088,0.22805,-0.00052,0.70683,0.00055,0.70738,1,3,0.99956,0.01431,0.00847,-0.02445,0.06168,0.08337,0.63084,0,1
1768333702.879486,0.01052,-0.09854,-1.18556,0.01418,-0.00066,-0.00013,0.55399,0.00088,0.22805,-0.00052,0.70683,0.00055,0.70739,1,3,0.99958,0.01352,0.01031,-0.02358,0.06147,0.08343,0.63081,0,1
1768333702.881482,0.01196,-0.09857,-1.07915,0.01287,-0.00094,-0.00004,0.55399,0.00088,0.22805,-0.00052,0.70683,0.00055,0.70739,1,3,0.99958,0.01352,0.01031,-0.02358,0.06147,0.08343,0.63081,0,1
1768333702.883478,0.01697,-0.13115,-1.04786,0.01204,-0.00072,0.00026,0.55395,0.00088,0.22805,-0.00052,0.70683,0.00055,0.70739,1,3,0.99958,0.01352,0.01031,-0.02358,0.06147,0.08343,0.63081,0,1
1768333702.885478,0.01042,-0.11383,-1.11657,0.01378,-0.00026,0.00074,0.55391,0.00088,0.22806,-0.00052,0.70683,0.00055,0.70739,1,3,0.99958,0.01352,0.01031,-0.02358,0.06147,0.08343,0.63081,0,1
1768333702.887491,-0.00387,-0.11183,-1.13882,0.01206,-0.00313,0.00075,0.55391,0.00088,0.22806,-0.00052,0.70683,0.00055,0.70739,1,3,0.99958,0.01352,0.01031,-0.02358,0.06147,0.08343,0.63081,0,1
1768333702.889482,0.01230,-0.09840,-1.07132,0.01244,-0.00145,0.00037,0.55387,0.00088,0.22806,-0.00052,0.70682,0.00055,0.70739,1,3,0.99958,0.01352,0.01031,-0.02358,0.06147,0.08343,0.63081,0,1
1768333702.891495,0.02083,-0.09826,-1.06389,0.01266,-0.00169,-0.00004,0.55387,0.00088,0.22806,-0.00052,0.70682,0.00055,0.70739,1,3,0.99958,0.01352,0.01031,-0.02358,0.06147,0.08343,0.63081,0,1
1768333702.893481,0.02476,-0.08518,-1.13234,0.01304,-0.00288,0.00017,0.55383,0.00088,0.22806,-0.00052,0.70682,0.00055,0.70740,1,3,0.99958,0.01352,0.01031,-0.02358,0.06147,0.08343,0.63081,0,1
1768333702.895502,0.00771,-0.07674,-1.12497,0.01227,-0.00089,0.00073,0.55383,0.00088,0.22806,-0.00052,0.70682,0.00055,0.70740,1,3,0.99958,0.01352,0.01031,-0.02358,0.06147,0.08343,0.63081,0,1
1768333702.897501,0.00584,-0.08503,-1.15523,0.01479,-0.00189,0.00017,0.55379,0.00088,0.22807,-0.00052,0.70681,0.00055,0.70740,1,3,0.99958,0.01352,0.01031,-0.02358,0.06147,0.08343,0.63081,0,1
1768333702.899514,-0.00125,-0.09652,-1.10166,0.01268,-0.00039,0.00089,0.55379,0.00088,0.22807,-0.00052,0.70681,0.00055,0.70740,1,3,0.99958,0.01352,0.01031,-0.02358,0.06147,0.08343,0.63081,0,1
1768333702.901506,0.01680,-0.10054,-1.08644,0.01241,-0.00201,0.00022,0.55379,0.00088,0.22807,-0.00052,0.70681,0.00055,0.70740,1,3,0.99958,0.01352,0.01031,-0.02358,0.06147,0.08343,0.63081,0,1
1768333702.903497,0.00765,-0.10036,-1.06349,0.01285,-0.00189,0.00065,0.55379,0.00088,0.22807,-0.00052,0.70681,0.00055,0.70740,1,3,0.99958,0.01352,0.01031,-0.02358,0.06147,0.08343,0.63081,0,1
1768333702.905522,0.00193,-0.10743,-1.14707,0.01451,-0.00157,0.00018,0.55375,0.00088,0.22807,-0.00052,0.70681,0.00055,0.70740,1,3,0.99958,0.01352,0.01031,-0.02358,0.06147,0.08343,0.63081,0,1
1768333702.907509,-0.01894,-0.08564,-1.12488,0.01390,-0.00057,0.00021,0.55371,0.00088,0.22807,-0.00052,0.70681,0.00055,0.70741,1,3,0.99958,0.01352,0.01031,-0.02358,0.06147,0.08343,0.63081,0,1
1768333702.909512,0.01190,-0.09761,-1.07864,0.01289,-0.00245,0.00077,0.55371,0.00088,0.22807,-0.00052,0.70681,0.00055,0.70741,1,3,0.99958,0.01352,0.01031,-0.02358,0.06147,0.08343,0.63081,0,1
1768333702.911496,-0.00744,-0.09048,-1.07130,0.01122,-0.00198,0.00039,0.55367,0.00088,0.22807,-0.00052,0.70681,0.00055,0.70740,1,3,0.99958,0.01352,0.01031,-0.02358,0.06147,0.08343,0.63081,0,1
1768333702.913499,0.00628,-0.12495,-1.19211,0.01430,-0.00160,0.00042,0.55367,0.00088,0.22807,-0.00052,0.70681,0.00055,0.70740,1,3,0.99958,0.01352,0.01031,-0.02358,0.06147,0.08343,0.63081,0,1
1768333702.915511,-0.01114,-0.14387,-1.21441,0.01516,-0.00176,0.00015,0.55363,0.00088,0.22807,-0.00052,0.70681,0.00055,0.70740,1,3,0.99961,0.01278,0.00899,-0.02330,0.06128,0.08351,0.63101,0,1
1768333702.917526,-0.00844,-0.11839,-1.08555,0.01285,-0.00359,0.00039,0.55363,0.00088,0.22807,-0.00052,0.70681,0.00055,0.70740,1,3,0.99961,0.01278,0.00899,-0.02330,0.06128,0.08351,0.63101,0,1
1768333702.919499,0.01269,-0.09733,-0.99519,0.01245,-0.00273,0.00043,0.55363,0.00088,0.22807,-0.00052,0.70681,0.00055,0.70740,1,3,0.99961,0.01278,0.00899,-0.02330,0.06128,0.08351,0.63101,0,1
1768333702.921514,0.02079,-0.09781,-1.08642,0.01267,-0.00244,0.00035,0.55359,0.00088,0.22807,-0.00052,0.70681,0.00055,0.70740,1,3,0.99961,0.01278,0.00899,-0.02330,0.06128,0.08351,0.63101,0,1
1768333702.923509,-0.00639,-0.09476,-1.13910,0.01030,-0.00350,0.00088,0.55355,0.00088,0.22807,-0.00052,0.70681,0.00055,0.70740,1,3,0.99961,0.01278,0.00899,-0.02330,0.06128,0.08351,0.63101,0,1
1768333702.925557,0.00365,-0.08753,-1.14748,0.01301,-0.00237,0.00005,0.55351,0.00088,0.22806,-0.00052,0.70681,0.00055,0.70740,1,3,0.99961,0.01278,0.00899,-0.02330,0.06128,0.08351,0.63101,0,1
1768333702.927515,0.00007,-0.08554,-1.06397,0.01216,-0.00182,0.00025,0.55351,0.00088,0.22806,-0.00052,0.70681,0.00055,0.70740,1,3,0.99961,0.01278,0.00899,-0.02330,0.06128,0.08351,0.63101,0,1
1768333702.929530,0.02134,-0.10812,-1.07885,0.01232,-0.00181,-0.00018,0.55347,0.00088,0.22807,-0.00052,0.70681,0.00055,0.70740,1,3,0.99961,0.01278,0.00899,-0.02330,0.06128,0.08351,0.63101,0,1
1768333702.931523,-0.00130,-0.14059,-1.11586,0.01324,-0.00048,0.00049,0.55347,0.00088,0.22807,-0.00052,0.70681,0.00055,0.70740,1,3,0.99961,0.01278,0.00899,-0.02330,0.06128,0.08351,0.63101,0,1
1768333702.933516,0.00781,-0.09993,-1.03304,0.01286,-0.00241,0.00068,0.55343,0.00088,0.22807,-0.00052,0.70681,0.00055,0.70740,1,3,0.99961,0.01278,0.00899,-0.02330,0.06128,0.08351,0.63101,0,1
1768333702.935518,-0.00269,-0.04233,-0.98866,0.01094,-0.00385,0.00058,0.55343,0.00088,0.22807,-0.00052,0.70681,0.00055,0.70740,1,3,0.99961,0.01278,0.00899,-0.02330,0.06128,0.08351,0.63101,0,1
1768333702.937530,0.00521,-0.07303,-1.03387,0.01144,-0.00241,0.00013,0.55343,0.00088,0.22807,-0.00052,0.70681,0.00055,0.70740,1,3,0.99961,0.01278,0.00899,-0.02330,0.06128,0.08351,0.63101,0,1
1768333702.939513,-0.00078,-0.09582,-1.07891,0.01269,-0.00116,0.00051,0.55339,0.00088,0.22806,-0.00052,0.70682,0.00055,0.70740,1,3,0.99961,0.01278,0.00899,-0.02330,0.06128,0.08351,0.63101,0,1
1768333702.941528,-0.00717,-0.10953,-0.94929,0.01143,-0.00249,0.00022,0.55339,0.00088,0.22806,-0.00052,0.70682,0.00055,0.70740,1,3,0.99961,0.01278,0.00899,-0.02330,0.06128,0.08351,0.63101,0,1
1768333702.943509,-0.00872,-0.07688,-0.79787,0.00899,-0.00390,0.00048,0.55335,0.00088,0.22807,-0.00052,0.70681,0.00055,0.70740,1,3,0.99961,0.01278,0.00899,-0.02330,0.06128,0.08351,0.63101,0,1
1768333702.945528,-0.01450,-0.03077,-0.77591,0.00714,-0.00654,0.00010,0.55335,0.00088,0.22807,-0.00052,0.70681,0.00055,0.70740,1,3,0.99961,0.01278,0.00899,-0.02330,0.06128,0.08351,0.63101,0,1
1768333702.947512,-0.08324,-0.03053,-0.65368,0.00496,-0.00851,0.00014,0.55335,0.00088,0.22807,-0.00052,0.70681,0.00055,0.70740,1,3,0.99959,0.01216,0.00957,-0.02414,0.06103,0.08353,0.63068,0,1
1768333702.949530,-0.08983,-0.05673,-0.53081,-0.00017,-0.01121,0.00040,0.55331,0.00088,0.22807,-0.00052,0.70681,0.00055,0.70740,1,3,0.99959,0.01216,0.00957,-0.02414,0.06103,0.08353,0.63068,0,1
1768333702.951551,-0.07365,-0.02290,-0.55471,0.00024,-0.01067,0.00022,0.55327,0.00088,0.22806,-0.00052,0.70682,0.00055,0.70740,1,3,0.99959,0.01216,0.00957,-0.02414,0.06103,0.08353,0.63068,0,1
1768333702.953544,-0.11680,0.02781,-0.79859,0.00566,-0.01296,0.00019,0.55323,0.00088,0.22806,-0.00052,0.70682,0.00055,0.70740,1,3,0.99959,0.01216,0.00957,-0.02414,0.06103,0.08353,0.63068,0,1
1768333702.955536,-0.12014,0.00986,-0.88089,0.00173,-0.01683,0.00029,0.55323,0.00088,0.22806,-0.00052,0.70682,0.00055,0.70740,1,3,0.99959,0.01216,0.00957,-0.02414,0.06103,0.08353,0.63068,0,1
1768333702.957538,-0.14146,0.00145,-0.77471,0.00162,-0.01455,-0.00002,0.55319,0.00088,0.22806,-0.00052,0.70682,0.00055,0.70739,1,3,0.99959,0.01216,0.00957,-0.02414,0.06103,0.08353,0.63068,0,1
1768333702.959538,-0.12905,-0.00794,-0.66078,0.00108,-0.01241,0.00046,0.55319,0.00088,0.22806,-0.00052,0.70682,0.00055,0.70739,1,3,0.99959,0.01216,0.00957,-0.02414,0.06103,0.08353,0.63068,0,1
1768333702.961537,-0.11316,0.00588,-0.59288,0.00146,-0.01147,0.00089,0.55315,0.00088,0.22806,-0.00052,0.70682,0.00055,0.70740,1,3,0.99959,0.01216,0.00957,-0.02414,0.06103,0.08353,0.63068,0,1
1768333702.963543,-0.06212,0.00913,-0.51018,0.00129,-0.01046,-0.00004,0.55315,0.00088,0.22806,-0.00052,0.70682,0.00055,0.70740,1,3,0.99959,0.01216,0.00957,-0.02414,0.06103,0.08353,0.63068,0,1
1768333702.965554,-0.07221,-0.01039,-0.11577,0.00106,-0.00325,0.00027,0.55311,0.00088,0.22806,-0.00052,0.70682,0.00055,0.70739,1,3,0.99959,0.01216,0.00957,-0.02414,0.06103,0.08353,0.63068,0,1
1768333702.967536,0.02054,0.02953,-0.03418,0.00002,-0.00047,0.00022,0.55311,0.00088,0.22806,-0.00052,0.70682,0.00055,0.70739,1,3,0.99959,0.01216,0.00957,-0.02414,0.06103,0.08353,0.63068,0,1
1768333702.969571,0.02207,0.00179,-0.05652,0.00231,0.00106,0.00033,0.55311,0.00088,0.22806,-0.00052,0.70682,0.00055,0.70739,1,3,0.99959,0.01216,0.00957,-0.02414,0.06103,0.08353,0.63068,0,1
1768333702.971555,0.06203,0.01123,-0.01167,-0.00020,0.00285,0.00019,0.55311,0.00088,0.22806,-0.00052,0.70682,0.00055,0.70739,1,3,0.99959,0.01216,0.00957,-0.02414,0.06103,0.08353,0.63068,0,1
1768333702.973532,-0.00982,-0.03174,-0.01745,0.00102,0.00045,0.00014,0.55307,0.00088,0.22806,-0.00052,0.70682,0.00055,0.70739,1,3,0.99959,0.01216,0.00957,-0.02414,0.06103,0.08353,0.63068,0,1
1768333702.975557,0.00490,-0.03397,0.01328,-0.00075,-0.00099,0.00043,0.55307,0.00088,0.22806,-0.00052,0.70682,0.00055,0.70739,1,3,0.99959,0.01216,0.00957,-0.02414,0.06103,0.08353,0.63068,0,1
1768333702.977579,0.02399,0.00878,-0.05660,0.00173,-0.00165,-0.00061,0.55303,0.00088,0.22806,-0.00052,0.70682,0.00055,0.70739,1,3,0.99959,0.01216,0.00957,-0.02414,0.06103,0.08353,0.63068,0,1
1768333702.979557,0.01894,0.01511,-0.04182,0.00203,0.00005,-0.00060,0.55303,0.00088,0.22806,-0.00052,0.70682,0.00055,0.70739,1,3,0.99959,0.01216,0.00957,-0.02414,0.06103,0.08353,0.63068,0,1
1768333702.981561,0.04569,0.02800,0.01851,0.00000,0.00099,-0.00018,0.55299,0.00088,0.22806,-0.00052,0.70682,0.00055,0.70739,1,3,0.99963,0.01119,0.00756,-0.02346,0.06085,0.08362,0.63086,0,1
1768333702.983562,0.01464,-0.00354,0.03482,0.00115,0.00153,0.00055,0.55299,0.00088,0.22806,-0.00052,0.70682,0.00055,0.70739,1,3,0.99963,0.01119,0.00756,-0.02346,0.06085,0.08362,0.63086,0,1
1768333702.985565,0.02518,0.01224,0.01178,-0.00019,-0.00052,0.00012,0.55295,0.00088,0.22806,-0.00052,0.70682,0.00055,0.70739,1,3,0.99963,0.01119,0.00756,-0.02346,0.06085,0.08362,0.63086,0,1
1768333702.987561,0.02929,0.04433,0.01120,-0.00045,-0.00097,0.00064,0.55295,0.00088,0.22806,-0.00052,0.70682,0.00055,0.70739,1,3,0.99963,0.01119,0.00756,-0.02346,0.06085,0.08362,0.63086,0,1
1768333702.989584,-0.01256,0.03068,-0.01872,-0.00041,-0.00109,0.00026,0.55291,0.00088,0.22806,-0.00052,0.70682,0.00055,0.70739,1,3,0.99963,0.01119,0.00756,-0.02346,0.06085,0.08362,0.63086,0,1
1768333702.991561,-0.02679,-0.01973,-0.02507,0.00182,-0.00152,-0.00012,0.55287,0.00088,0.22806,-0.00052,0.70682,0.00055,0.70739,1,3,0.99963,0.01119,0.00756,-0.02346,0.06085,0.08362,0.63086,0,1
1768333702.993649,0.01277,-0.01078,0.01225,-0.00069,0.00079,0.00013,0.55287,0.00088,0.22806,-0.00052,0.70682,0.00055,0.70739,1,3,0.99963,0.01119,0.00756,-0.02346,0.06085,0.08362,0.63086,0,1
1768333702.995559,0.02336,-0.03761,-0.02527,0.00161,0.00094,-0.00017,0.55283,0.00088,0.22806,-0.00052,0.70682,0.00055,0.70739,1,3,0.99963,0.01119,0.00756,-0.02346,0.06085,0.08362,0.63086,0,1
1768333702.997592,0.03767,0.00922,-0.01834,-0.00044,-0.00053,0.00076,0.55283,0.00088,0.22806,-0.00052,0.70682,0.00055,0.70739,1,3,0.99963,0.01119,0.00756,-0.02346,0.06085,0.08362,0.63086,0,1
1768333702.999559,0.01300,0.00954,0.01216,-0.00110,-0.00036,0.00081,0.55279,0.00088,0.22806,-0.00052,0.70682,0.00055,0.70739,1,3,0.99963,0.01119,0.00756,-0.02346,0.06085,0.08362,0.63086,0,1
1768333703.001580,-0.02099,0.02534,-0.01877,-0.00047,-0.00023,0.00000,0.55279,0.00088,0.22806,-0.00052,0.70682,0.00055,0.70739,1,3,0.99963,0.01119,0.00756,-0.02346,0.06085,0.08362,0.63086,0,1
1768333703.003583,-0.00043,0.01693,-0.00344,-0.00035,0.00043,0.00040,0.55279,0.00088,0.22806,-0.00052,0.70682,0.00055,0.70739,1,3,0.99963,0.01119,0.00756,-0.02346,0.06085,0.08362,0.63086,0,1
1768333703.005607,0.00214,-0.03471,-0.05557,0.00164,0.00094,-0.00004,0.55275,0.00088,0.22806,-0.00052,0.70683,0.00055,0.70739,1,3,0.99963,0.01119,0.00756,-0.02346,0.06085,0.08362,0.63086,0,1
1768333703.007587,0.02004,-0.03007,-0.03278,0.00061,0.00034,0.00023,0.55275,0.00088,0.22806,-0.00052,0.70683,0.00055,0.70739,1,3,0.99963,0.01119,0.00756,-0.02346,0.06085,0.08362,0.63086,0,1
1768333703.009610,0.02406,-0.04140,-0.01726,0.00135,-0.00072,-0.00002,0.55271,0.00088,0.22806,-0.00052,0.70683,0.00055,0.70739,1,3,0.99963,0.01119,0.00756,-0.02346,0.06085,0.08362,0.63086,0,1
1768333703.011576,0.02454,-0.00740,-0.03325,0.00045,-0.00049,0.00022,0.55271,0.00088,0.22806,-0.00052,0.70683,0.00055,0.70739,1,3,0.99963,0.01119,0.00756,-0.02346,0.06085,0.08362,0.63086,0,1
1768333703.013597,0.03062,0.02488,-0.02642,-0.00113,-0.00148,-0.00005,0.55267,0.00088,0.22805,-0.00052,0.70683,0.00055,0.70738,1,3,0.99963,0.01119,0.00756,-0.02346,0.06085,0.08362,0.63086,0,1
1768333703.015592,0.00348,0.02443,-0.01883,-0.00004,0.00025,0.00038,0.55267,0.00088,0.22805,-0.00052,0.70683,0.00055,0.70738,1,3,0.99963,0.01044,0.00782,-0.02377,0.06064,0.08369,0.63082,0,1
1768333703.017601,0.01822,0.00945,-0.02644,0.00218,0.00096,-0.00005,0.55263,0.00088,0.22806,-0.00052,0.70682,0.00055,0.70739,1,3,0.99963,0.01044,0.00782,-0.02377,0.06064,0.08369,0.63082,0,1
1768333703.019590,0.00368,0.02931,0.01896,-0.00020,0.00036,0.00027,0.55263,0.00088,0.22806,-0.00052,0.70682,0.00055,0.70739,1,3,0.99963,0.01044,0.00782,-0.02377,0.06064,0.08369,0.63082,0,1
1768333703.021601,0.02783,-0.03185,0.00538,-0.00203,-0.00154,-0.00027,0.55259,0.00088,0.22806,-0.00052,0.70683,0.00055,0.70739,1,3,0.99963,0.01044,0.00782,-0.02377,0.06064,0.08369,0.63082,0,1
1768333703.023585,-0.00923,0.00819,-0.01068,0.00041,-0.00048,0.00027,0.55255,0.00088,0.22806,-0.00052,0.70683,0.00055,0.70739,1,3,0.99963,0.01044,0.00782,-0.02377,0.06064,0.08369,0.63082,0,1
1768333703.025629,0.00377,0.01038,-0.01849,0.00022,-0.00051,-0.00002,0.55255,0.00088,0.22806,-0.00052,0.70683,0.00055,0.70739,1,3,0.99963,0.01044,0.00782,-0.02377,0.06064,0.08369,0.63082,0,1
1768333703.027666,0.00785,0.00698,-0.01829,-0.00025,0.00021,0.00065,0.55251,0.00088,0.22805,-0.00052,0.70683,0.00055,0.70738,1,3,0.99963,0.01044,0.00782,-0.02377,0.06064,0.08369,0.63082,0,1
1768333703.029611,0.03120,-0.01274,-0.04087,0.00191,0.00032,0.00034,0.55251,0.00088,0.22805,-0.00052,0.70683,0.00055,0.70738,1,3,0.99963,0.01044,0.00782,-0.02377,0.06064,0.08369,0.63082,0,1
1768333703.031602,0.01417,0.00021,0.01234,-0.00165,-0.00114,0.00027,0.55247,0.00088,0.22806,-0.00052,0.70682,0.00055,0.70739,1,3,0.99963,0.01044,0.00782,-0.02377,0.06064,0.08369,0.63082,0,1
1768333703.033604,0.00813,0.01280,-0.01090,0.00004,-0.00069,0.00012,0.55247,0.00088,0.22806,-0.00052,0.70682,0.00055,0.70739,1,3,0.99963,0.01044,0.00782,-0.02377,0.06064,0.08369,0.63082,0,1
1768333703.035610,0.00818,-0.01259,-0.01027,-0.00027,0.00009,0.00039,0.55243,0.00088,0.22806,-0.00052,0.70682,0.00055,0.70739,1,3,0.99963,0.01044,0.00782,-0.02377,0.06064,0.08369,0.63082,0,1
1768333703.037611,0.02132,0.01975,-0.01873,-0.00054,-0.00073,0.00010,0.55243,0.00088,0.22806,-0.00052,0.70682,0.00055,0.70739,1,3,0.99963,0.01044,0.00782,-0.02377,0.06064,0.08369,0.63082,0,1
1768333703.039637,0.03849,-0.02100,-0.02522,-0.00125,-0.00000,0.00076,0.55243,0.00088,0.22806,-0.00052,0.70682,0.00055,0.70739,1,3,0.99963,0.01044,0.00782,-0.02377,0.06064,0.08369,0.63082,0,1
1768333703.041606,0.02525,-0.02235,-0.01007,-0.00017,-0.00049,0.00025,0.55239,0.00088,0.22806,-0.00052,0.70682,0.00055,0.70739,1,3,0.99963,0.01044,0.00782,-0.02377,0.06064,0.08369,0.63082,0,1
1768333703.043601,0.00014,-0.01200,0.02784,-0.00048,-0.00045,0.00043,0.55239,0.00088,0.22806,-0.00052,0.70682,0.00055,0.70739,1,3,0.99963,0.01044,0.00782,-0.02377,0.06064,0.08369,0.63082,0,1
1768333703.045606,0.00295,0.00502,0.00471,0.00038,-0.00011,0.00094,0.55235,0.00088,0.22806,-0.00052,0.70682,0.00055,0.70739,1,3,0.99963,0.01044,0.00782,-0.02377,0.06064,0.08369,0.63082,0,1
1768333703.047603,0.02293,0.05253,-0.04254,0.00205,-0.00078,-0.00021,0.55235,0.00088,0.22806,-0.00052,0.70682,0.00055,0.70739,1,3,0.99963,0.01016,0.00847,-0.02383,0.06050,0.08373,0.63063,0,1
1768333703.049606,0.00407,0.01988,0.01907,-0.00010,-0.00002,-0.00026,0.55231,0.00088,0.22806,-0.00052,0.70682,0.00055,0.70739,1,3,0.99963,0.01016,0.00847,-0.02383,0.06050,0.08373,0.63063,0,1
1768333703.051607,0.00030,0.00773,-0.00327,-0.00046,-0.00035,-0.00014,0.55231,0.00088,0.22806,-0.00052,0.70682,0.00055,0.70739,1,3,0.99963,0.01016,0.00847,-0.02383,0.06050,0.08373,0.63063,0,1
1768333703.053621,0.01213,-0.04894,-0.02462,0.00060,-0.00044,-0.00001,0.55227,0.00088,0.22806,-0.00052,0.70683,0.00055,0.70739,1,3,0.99963,0.01016,0.00847,-0.02383,0.06050,0.08373,0.63063,0,1
1768333703.055602,0.02140,-0.01974,-0.02538,-0.00036,-0.00057,-0.00003,0.55223,0.00088,0.22806,-0.00052,0.70683,0.00055,0.70739,1,3,0.99963,0.01016,0.00847,-0.02383,0.06050,0.08373,0.63063,0,1
1768333703.057621,-0.00508,0.02486,-0.01098,-0.00004,-0.00015,0.00080,0.55223,0.00088,0.22806,-0.00052,0.70683,0.00055,0.70739,1,3,0.99963,0.01016,0.00847,-0.02383,0.06050,0.08373,0.63063,0,1
1768333703.059656,-0.00051,0.05157,0.01064,-0.00015,0.00052,-0.00014,0.55219,0.00088,0.22806,-0.00052,0.70683,0.00055,0.70739,1,3,0.99963,0.01016,0.00847,-0.02383,0.06050,0.08373,0.63063,0,1
1768333703.061643,0.01902,0.03013,-0.03438,0.00177,-0.00046,-0.00019,0.55219,0.00088,0.22806,-0.00052,0.70683,0.00055,0.70739,1,3,0.99963,0.01016,0.00847,-0.02383,0.06050,0.08373,0.63063,0,1
1768333703.063641,0.00434,-0.00855,0.03521,0.00021,-0.00140,-0.00024,0.55215,0.00088,0.22806,-0.00052,0.70682,0.00055,0.70739,1,3,0.99963,0.01016,0.00847,-0.02383,0.06050,0.08373,0.63063,0,1
1768333703.065641,0.01945,-0.04392,-0.02471,0.00153,-0.00053,0.00024,0.55215,0.00088,0.22806,-0.00052,0.70682,0.00055,0.70739,1,3,0.99963,0.01016,0.00847,-0.02383,0.06050,0.08373,0.63063,0,1
1768333703.067643,0.01638,-0.01275,-0.01791,-0.00006,0.00012,0.00038,0.55211,0.00088,0.22806,-0.00052,0.70682,0.00055,0.70739,1,3,0.99963,0.01016,0.00847,-0.02383,0.06050,0.08373,0.63063,0,1
1768333703.069626,0.00818,0.01729,0.01922,-0.00013,-0.00007,0.00000,0.55211,0.00088,0.22806,-0.00052,0.70682,0.00055,0.70739,1,3,0.99963,0.01016,0.00847,-0.02383,0.06050,0.08373,0.63063,0,1
1768333703.071626,-0.00036,0.03699,-0.00394,-0.00033,0.00003,0.00026,0.55211,0.00088,0.22806,-0.00052,0.70682,0.00055,0.70739,1,3,0.99963,0.01016,0.00847,-0.02383,0.06050,0.08373,0.63063,0,1
1768333703.073621,0.00919,-0.01675,0.05069,-0.00076,-0.00094,0.00018,0.55207,0.00088,0.22806,-0.00052,0.70682,0.00055,0.70739,1,3,0.99963,0.01016,0.00847,-0.02383,0.06050,0.08373,0.63063,0,1
1768333703.075640,0.00820,0.00307,-0.02588,0.00014,-0.00081,-0.00003,0.55207,0.00088,0.22806,-0.00052,0.70682,0.00055,0.70739,1,3,0.99963,0.01016,0.00847,-0.02383,0.06050,0.08373,0.63063,0,1
1768333703.077637,0.01628,-0.02228,-0.00249,0.00027,-0.00013,0.00026,0.55203,0.00088,0.22806,-0.00052,0.70682,0.00055,0.70739,1,3,0.99963,0.01016,0.00847,-0.02383,0.06050,0.08373,0.63063,0,1
1768333703.079645,-0.01328,-0.00967,-0.00261,-0.00002,0.00022,0.00055,0.55203,0.00088,0.22806,-0.00052,0.70682,0.00055,0.70739,1,3,0.99963,0.01016,0.00847,-0.02383,0.06050,0.08373,0.63063,0,1
1768333703.081658,0.01127,-0.03281,0.02860,-0.00336,-0.00056,0.00097,0.55199,0.00088,0.22806,-0.00052,0.70682,0.00055,0.70739,1,3,0.99963,0.01032,0.00887,-0.02370,0.06050,0.08372,0.63063,0,1
1768333703.083661,0.01504,0.00756,-0.01867,0.00150,0.00011,-0.00017,0.55199,0.00088,0.22806,-0.00052,0.70682,0.00055,0.70739,1,3,0.99963,0.01032,0.00887,-0.02370,0.06050,0.08372,0.63063,0,1
1768333703.085640,0.01272,-0.00530,-0.01823,-0.00040,0.00015,-0.00002,0.55194,0.00088,0.22806,-0.00052,0.70682,0.00055,0.70739,1,3,0.99963,0.01032,0.00887,-0.02370,0.06050,0.08372,0.63063,0,1
1768333703.087643,0.02844,0.00435,-0.00319,0.00037,0.00009,0.00051,0.55190,0.00088,0.22806,-0.00052,0.70682,0.00055,0.70739,1,3,0.99963,0.01032,0.00887,-0.02370,0.06050,0.08372,0.63063,0,1
1768333703.089633,0.01665,-0.01271,-0.01029,-0.00027,-0.00001,0.00038,0.55190,0.00088,0.22806,-0.00052,0.70682,0.00055,0.70739,1,3,0.99963,0.01032,0.00887,-0.02370,0.06050,0.08372,0.63063,0,1
1768333703.091684,0.01667,0.01289,0.00430,0.00004,-0.00105,0.00012,0.55186,0.00088,0.22806,-0.00052,0.70682,0.00055,0.70739,1,3,0.99963,0.01032,0.00887,-0.02370,0.06050,0.08372,0.63063,0,1
1768333703.093700,0.00695,0.03206,-0.03423,0.00071,0.00007,0.00036,0.55186,0.00088,0.22806,-0.00052,0.70682,0.00055,0.70739,1,3,0.99963,0.01032,0.00887,-0.02370,0.06050,0.08372,0.63063,0,1
1768333703.095663,0.02024,0.01941,0.01169,0.00012,-0.00008,0.00052,0.55182,0.00088,0.22806,-0.00052,0.70682,0.00055,0.70739,1,3,0.99963,0.01032,0.00887,-0.02370,0.06050,0.08372,0.63063,0,1
1768333703.097653,0.01576,-0.01735,0.00488,0.00076,0.00013,0.00013,0.55182,0.00088,0.22806,-0.00052,0.70682,0.00055,0.70739,1,3,0.99963,0.01032,0.00887,-0.02370,0.06050,0.08372,0.63063,0,1
1768333703.099640,0.03618,-0.02534,-0.01807,0.00154,0.00064,-0.00032,0.55178,0.00088,0.22806,-0.00052,0.70682,0.00055,0.70739,1,3,0.99963,0.01032,0.00887,-0.02370,0.06050,0.08372,0.63063,0,1
1768333703.101648,0.01523,-0.01249,-0.03333,0.00126,0.00038,-0.00004,0.55178,0.00088,0.22806,-0.00052,0.70682,0.00055,0.70739,1,3,0.99963,0.01032,0.00887,-0.02370,0.06050,0.08372,0.63063,0,1
1768333703.103642,-0.00478,0.01943,-0.00344,-0.00032,0.00048,0.00054,0.55178,0.00088,0.22806,-0.00052,0.70682,0.00055,0.70739,1,3,0.99963,0.01032,0.00887,-0.02370,0.06050,0.08372,0.63063,0,1
1768333703.105648,-0.05053,0.00324,0.01240,-0.00074,0.00041,0.00047,0.55174,0.00088,0.22806,-0.00052,0.70682,0.00055,0.70739,1,3,0.99963,0.01032,0.00887,-0.02370,0.06050,0.08372,0.63063,0,1
1768333703.107651,-0.00046,-0.00238,0.00478,-0.00015,-0.00006,0.00055,0.55174,0.00088,0.22806,-0.00052,0.70682,0.00055,0.70739,1,3,0.99963,0.01032,0.00887,-0.02370,0.06050,0.08372,0.63063,0,1
1768333703.109647,0.02825,-0.00547,-0.01801,0.00047,-0.00002,0.00077,0.55170,0.00088,0.22806,-0.00052,0.70683,0.00055,0.70739,1,3,0.99963,0.01032,0.00887,-0.02370,0.06050,0.08372,0.63063,0,1
1768333703.111658,0.02048,0.01449,-0.01107,0.00006,-0.00008,0.00024,0.55170,0.00088,0.22806,-0.00052,0.70683,0.00055,0.70739,1,3,0.99963,0.01032,0.00887,-0.02370,0.06050,0.08372,0.63063,0,1
1768333703.113646,-0.00412,-0.01481,-0.00259,-0.00052,0.00011,0.00028,0.55166,0.00088,0.22806,-0.00052,0.70682,0.00055,0.70739,1,3,0.99963,0.01032,0.00887,-0.02370,0.06050,0.08372,0.63063,0,1
1768333703.115681,-0.00827,-0.00176,-0.00284,-0.00036,-0.00061,0.00015,0.55166,0.00088,0.22806,-0.00052,0.70682,0.00055,0.70739,1,3,0.99960,0.01033,0.00976,-0.02457,0.06050,0.08373,0.63059,0,1
1768333703.117652,-0.00392,0.02919,-0.01154,-0.00086,0.00058,-0.00015,0.55162,0.00088,0.22805,-0.00052,0.70683,0.00055,0.70738,1,3,0.99960,0.01033,0.00976,-0.02457,0.06050,0.08373,0.63059,0,1
1768333703.119686,0.01140,-0.01986,-0.01773,0.00073,0.00019,0.00038,0.55158,0.00088,0.22805,-0.00052,0.70683,0.00055,0.70738,1,3,0.99960,0.01033,0.00976,-0.02457,0.06050,0.08373,0.63059,0,1
1768333703.121671,0.05292,-0.03051,-0.04814,0.00148,0.00020,0.00019,0.55158,0.00088,0.22805,-0.00052,0.70683,0.00055,0.70738,1,3,0.99960,0.01033,0.00976,-0.02457,0.06050,0.08373,0.63059,0,1
1768333703.123698,0.02907,-0.02443,-0.00226,0.00024,-0.00104,0.00052,0.55154,0.00088,0.22805,-0.00052,0.70684,0.00055,0.70738,1,3,0.99960,0.01033,0.00976,-0.02457,0.06050,0.08373,0.63059,0,1
1768333703.125724,-0.01411,-0.02280,-0.02500,0.00157,-0.00128,0.00014,0.55154,0.00088,0.22805,-0.00052,0.70684,0.00055,0.70738,1,3,0.99960,0.01033,0.00976,-0.02457,0.06050,0.08373,0.63059,0,1
1768333703.127693,0.00348,0.03440,-0.01918,0.00008,0.00023,0.00011,0.55150,0.00088,0.22805,-0.00052,0.70684,0.00055,0.70738,1,3,0.99960,0.01033,0.00976,-0.02457,0.06050,0.08373,0.63059,0,1
1768333703.129665,0.01257,0.01410,-0.03386,-0.00060,0.00040,0.00023,0.55150,0.00088,0.22805,-0.00052,0.70684,0.00055,0.70738,1,3,0.99960,0.01033,0.00976,-0.02457,0.06050,0.08373,0.63059,0,1
1768333703.131680,0.02756,-0.02565,-0.04849,0.00154,0.00126,-0.00033,0.55146,0.00088,0.22804,-0.00052,0.70684,0.00055,0.70737,1,3,0.99960,0.01033,0.00976,-0.02457,0.06050,0.08373,0.63059,0,1
1768333703.133685,0.04074,-0.03938,0.01351,-0.00256,-0.00218,0.00053,0.55146,0.00088,0.22804,-0.00052,0.70684,0.00055,0.70737,1,3,0.99960,0.01033,0.00976,-0.02457,0.06050,0.08373,0.63059,0,1
1768333703.135675,-0.00388,0.01126,-0.02570,-0.00042,-0.00181,0.00039,0.55146,0.00088,0.22804,-0.00052,0.70684,0.00055,0.70737,1,3,0.99960,0.01033,0.00976,-0.02457,0.06050,0.08373,0.63059,0,1
1768333703.137670,-0.00641,0.03103,-0.04181,0.00200,-0.00079,-0.00017,0.55142,0.00088,0.22805,-0.00052,0.70684,0.00055,0.70737,1,3,0.99960,0.01033,0.00976,-0.02457,0.06050,0.08373,0.63059,0,1
1768333703.139699,-0.01225,0.00545,0.02734,-0.00071,-0.00032,0.00017,0.55142,0.00088,0.22805,-0.00052,0.70684,0.00055,0.70737,1,3,0.99960,0.01033,0.00976,-0.02457,0.06050,0.08373,0.63059,0,1
1768333703.141673,0.00376,-0.00945,-0.03332,0.00042,-0.00025,-0.00029,0.55138,0.00088,0.22805,-0.00052,0.70684,0.00055,0.70737,1,3,0.99960,0.01033,0.00976,-0.02457,0.06050,0.08373,0.63059,0,1
1768333703.143698,0.04483,-0.00662,0.01973,0.00046,0.00105,0.00078,0.55138,0.00088,0.22805,-0.00052,0.70684,0.00055,0.70737,1,3,0.99960,0.01033,0.00976,-0.02457,0.06050,0.08373,0.63059,0,1
1768333703.145669,0.01672,-0.00253,0.00458,-0.00015,-0.00028,0.00012,0.55134,0.00088,0.22804,-0.00052,0.70684,0.00055,0.70737,1,3,0.99960,0.01033,0.00976,-0.02457,0.06050,0.08373,0.63059,0,1
1768333703.147703,0.00199,-0.03217,0.03606,-0.00226,-0.00058,0.00058,0.55134,0.00088,0.22804,-0.00052,0.70684,0.00055,0.70737,1,3,0.99960,0.01033,0.00976,-0.02457,0.06050,0.08373,0.63059,0,1
1768333703.149687,-0.03134,0.03122,-0.03395,0.00135,-0.00061,0.00027,0.55130,0.00088,0.22805,-0.00052,0.70684,0.00055,0.70737,1,3,0.99960,0.01033,0.00976,-0.02457,0.06050,0.08373,0.63059,0,1
1768333703.151708,-0.01826,-0.00605,-0.02562,0.00133,-0.00049,-0.00013,0.55130,0.00088,0.22805,-0.00052,0.70684,0.00055,0.70737,1,3,0.99960,0.01033,0.00976,-0.02457,0.06050,0.08373,0.63059,0,1
1768333703.153698,0.01246,0.03926,-0.01917,-0.00052,-0.00025,0.00037,0.55126,0.00088,0.22804,-0.00052,0.70684,0.00055,0.70737,1,3,0.99962,0.01025,0.00844,-0.02426,0.06050,0.08373,0.63066,0,1
1768333703.155732,0.05897,-0.01456,0.01216,-0.00073,0.00100,0.00036,0.55126,0.00088,0.22804,-0.00052,0.70684,0.00055,0.70737,1,3,0.99962,0.01025,0.00844,-0.02426,0.06050,0.08373,0.63066,0,1
1768333703.157706,0.03594,-0.00063,-0.00327,0.00140,0.00038,0.00023,0.55122,0.00088,0.22804,-0.00052,0.70685,0.00055,0.70737,1,3,0.99962,0.01025,0.00844,-0.02426,0.06050,0.08373,0.63066,0,1
1768333703.159697,-0.00613,-0.03844,-0.03998,0.00182,-0.00035,0.00012,0.55118,0.00088,0.22804,-0.00052,0.70685,0.00055,0.70737,1,3,0.99962,0.01025,0.00844,-0.02426,0.06050,0.08373,0.63066,0,1
1768333703.161693,-0.03850,-0.00815,-0.01770,0.00043,-0.00075,0.00017,0.55118,0.00088,0.22804,-0.00052,0.70685,0.00055,0.70737,1,3,0.99962,0.01025,0.00844,-0.02426,0.06050,0.08373,0.63066,0,1
1768333703.163722,-0.00018,-0.01639,-0.00266,0.00034,-0.00070,-0.00026,0.55114,0.00088,0.22804,-0.00052,0.70684,0.00055,0.70737,1,3,0.99962,0.01025,0.00844,-0.02426,0.06050,0.08373,0.63066,0,1
1768333703.165719,0.01694,-0.01315,-0.00293,-0.00050,0.00061,-0.00002,0.55114,0.00088,0.22804,-0.00052,0.70684,0.00055,0.70737,1,3,0.99962,0.01025,0.00844,-0.02426,0.06050,0.08373,0.63066,0,1
1768333703.167708,0.04157,0.02057,-0.02685,-0.00009,0.00105,-0.00021,0.55110,0.00088,0.22804,-0.00052,0.70684,0.00055,0.70737,1,3,0.99962,0.01025,0.00844,-0.02426,0.06050,0.08373,0.63066,0,1
1768333703.169691,0.00479,-0.00514,0.00481,-0.00106,-0.00013,0.00041,0.55110,0.00088,0.22804,-0.00052,0.70684,0.00055,0.70737,1,3,0.99962,0.01025,0.00844,-0.02426,0.06050,0.08373,0.63066,0,1
1768333703.171719,-0.00431,0.01022,0.01189,-0.00022,-0.00016,0.00001,0.55106,0.00088,0.22804,-0.00052,0.70684,0.00055,0.70737,1,3,0.99962,0.01025,0.00844,-0.02426,0.06050,0.08373,0.63066,0,1
1768333703.173695,-0.01345,0.00694,-0.06401,0.00127,-0.00145,-0.00071,0.55106,0.00088,0.22804,-0.00052,0.70684,0.00055,0.70737,1,3,0.99962,0.01025,0.00844,-0.02426,0.06050,0.08373,0.63066,0,1
1768333703.175712,0.00362,0.01998,-0.00373,0.00034,-0.00002,-0.00028,0.55106,0.00088,0.22804,-0.00052,0.70684,0.00055,0.70737,1,3,0.99962,0.01025,0.00844,-0.02426,0.06050,0.08373,0.63066,0,1
1768333703.177727,0.04163,0.02121,-0.00361,-0.00030,-0.00008,0.00062,0.55102,0.00088,0.22804,-0.00052,0.70685,0.00055,0.70737,1,3,0.99962,0.01025,0.00844,-0.02426,0.06050,0.08373,0.63066,0,1
1768333703.179731,0.04151,0.01173,0.00405,0.00024,-0.00021,0.00009,0.55102,0.00088,0.22804,-0.00052,0.70685,0.00055,0.70737,1,3,0.99962,0.01025,0.00844,-0.02426,0.06050,0.08373,0.63066,0,1
1768333703.181727,0.02108,-0.02990,-0.00230,-0.00026,-0.00018,0.00026,0.55097,0.00088,0.22804,-0.00052,0.70685,0.00055,0.70737,1,3,0.99962,0.01025,0.00844,-0.02426,0.06050,0.08373,0.63066,0,1
1768333703.183743,0.01653,-0.02227,-0.01766,0.00005,-0.00026,0.00025,0.55097,0.00088,0.22804,-0.00052,0.70685,0.00055,0.70737,1,3,0.99963,0.01021,0.00891,-0.02349,0.06050,0.08372,0.63059,0,1
1768333703.185714,0.00864,0.01294,-0.00343,-0.00018,-0.00083,-0.00028,0.55097,0.00088,0.22804,-0.00052,0.70685,0.00055,0.70737,1,3,0.99963,0.01021,0.00891,-0.02349,0.06050,0.08372,0.63059,0,1
1768333703.187741,0.01811,-0.00019,-0.04882,0.00228,0.00060,0.00021,0.55093,0.00088,0.22804,-0.00052,0.70685,0.00055,0.70736,1,3,0.99963,0.01021,0.00891,-0.02349,0.06050,0.08372,0.63059,0,1
1768333703.189713,0.00148,-0.04222,0.02118,-0.00194,-0.00031,0.00084,0.55089,0.00088,0.22804,-0.00052,0.70685,0.00055,0.70736,1,3,0.99963,0.01021,0.00891,-0.02349,0.06050,0.08372,0.63059,0,1
1768333703.191733,-0.00215,-0.00216,-0.03364,0.00182,0.00058,-0.00030,0.55085,0.00088,0.22804,-0.00052,0.70685,0.00055,0.70736,1,3,0.99963,0.01021,0.00891,-0.02349,0.06050,0.08372,0.63059,0,1
1768333703.193762,-0.01056,-0.03603,-0.01741,0.00206,0.00008,-0.00013,0.55085,0.00088,0.22804,-0.00052,0.70685,0.00055,0.70736,1,3,0.99963,0.01021,0.00891,-0.02349,0.06050,0.08372,0.63059,0,1
1768333703.195742,-0.02165,0.00139,-0.01055,0.00055,-0.00071,-0.00012,0.55081,0.00088,0.22804,-0.00052,0.70685,0.00055,0.70737,1,3,0.99963,0.01021,0.00891,-0.02349,0.06050,0.08372,0.63059,0,1
1768333703.197747,0.00190,-0.00641,-0.00213,-0.00216,-0.00224,0.00109,0.55081,0.00088,0.22804,-0.00052,0.70685,0.00055,0.70737,1,3,0.99963,0.01021,0.00891,-0.02349,0.06050,0.08372,0.63059,0,1
1768333703.199739,0.01876,0.00528,-0.05665,0.00213,-0.00006,-0.00034,0.55077,0.00088,0.22804,-0.00052,0.70684,0.00055,0.70737,1,3,0.99963,0.01021,0.00891,-0.02349,0.06050,0.08372,0.63059,0,1
1768333703.201728,0.02804,0.00476,-0.02630,0.00125,0.00008,-0.00032,0.55077,0.00088,0.22804,-0.00052,0.70684,0.00055,0.70737,1,3,0.99963,0.01021,0.00891,-0.02349,0.06050,0.08372,0.63059,0,1
1768333703.203756,-0.00405,0.01389,0.00412,-0.00105,0.00110,0.00027,0.55073,0.00088,0.22804,-0.00052,0.70685,0.00055,0.70737,1,3,0.99963,0.01021,0.00891,-0.02349,0.06050,0.08372,0.63059,0,1
1768333703.205730,0.00668,0.01015,0.04280,-0.00284,-0.00155,0.00084,0.55073,0.00088,0.22804,-0.00052,0.70685,0.00055,0.70737,1,3,0.99963,0.01021,0.00891,-0.02349,0.06050,0.08372,0.63059,0,1
1768333703.207749,0.01854,-0.02712,0.02825,-0.00176,-0.00104,0.00042,0.55073,0.00088,0.22804,-0.00052,0.70685,0.00055,0.70737,1,3,0.99963,0.01021,0.00891,-0.02349,0.06050,0.08372,0.63059,0,1
1768333703.209751,0.03592,-0.04897,-0.03237,0.00213,-0.00060,-0.00005,0.55073,0.00088,0.22804,-0.00052,0.70685,0.00055,0.70737,1,3,0.99963,0.01021,0.00891,-0.02349,0.06050,0.08372,0.63059,0,1
1768333703.211758,0.02470,0.00664,0.00424,-0.00004,0.00038,0.00025,0.55069,0.00088,0.22804,-0.00052,0.70685,0.00055,0.70737,1,3,0.99963,0.01021,0.00891,-0.02349,0.06050,0.08372,0.63059,0,1
1768333703.213733,0.02577,0.03601,0.01112,-0.00121,0.00022,0.00024,0.55069,0.00088,0.22804,-0.00052,0.70685,0.00055,0.70737,1,3,0.99963,0.01021,0.00891,-0.02349,0.06050,0.08372,0.63059,0,1
1768333703.215743,-0.00585,0.03557,-0.01924,0.00140,-0.00042,-0.00029,0.55065,0.00088,0.22804,-0.00052,0.70684,0.00055,0.70737,1,3,0.99963,0.01021,0.00891,-0.02349,0.06050,0.08372,0.63059,0,1
1768333703.217725,-0.01411,0.01568,-0.01108,0.00116,-0.00005,-0.00013,0.55065,0.00088,0.22804,-0.00052,0.70684,0.00055,0.70737,1,3,0.99963,0.01021,0.00891,-0.02349,0.06050,0.08372,0.63059,0,1
1768333703.219741,-0.00103,0.05148,-0.00460,0.00028,0.00078,-0.00015,0.55061,0.00088,0.22804,-0.00052,0.70684,0.00055,0.70737,1,3,0.99960,0.01020,0.00883,-0.02467,0.06046,0.08370,0.63031,0,1
1768333703.221744,-0.00700,0.00762,0.03496,-0.00178,-0.00051,0.00031,0.55061,0.00088,0.22804,-0.00052,0.70684,0.00055,0.70737,1,3,0.99960,0.01020,0.00883,-0.02467,0.06046,0.08370,0.63031,0,1
1768333703.223747,0.03259,-0.01359,0.01226,0.00037,0.00094,0.00038,0.55057,0.00088,0.22805,-0.00052,0.70684,0.00055,0.70738,1,3,0.99960,0.01020,0.00883,-0.02467,0.06046,0.08370,0.63031,0,1
1768333703.225729,0.03285,-0.02844,0.01265,0.00019,0.00095,0.00039,0.55057,0.00088,0.22805,-0.00052,0.70684,0.00055,0.70738,1,3,0.99960,0.01020,0.00883,-0.02467,0.06046,0.08370,0.63031,0,1
1768333703.227758,0.01302,-0.00949,-0.00272,-0.00045,-0.00086,0.00013,0.55053,0.00088,0.22805,-0.00052,0.70684,0.00055,0.70738,1,3,0.99960,0.01020,0.00883,-0.02467,0.06046,0.08370,0.63031,0,1
1768333703.229769,-0.00647,-0.01870,-0.01797,0.00227,0.00001,-0.00041,0.55049,0.00088,0.22805,-0.00052,0.70684,0.00055,0.70738,1,3,0.99960,0.01020,0.00883,-0.02467,0.06046,0.08370,0.63031,0,1
1768333703.231783,-0.00454,0.04430,-0.01173,-0.00046,0.00020,0.00025,0.55049,0.00088,0.22805,-0.00052,0.70684,0.00055,0.70738,1,3,0.99960,0.01020,0.00883,-0.02467,0.06046,0.08370,0.63031,0,1
1768333703.233762,0.02420,0.02719,-0.02679,0.00087,-0.00027,-0.00032,0.55045,0.00088,0.22804,-0.00052,0.70684,0.00055,0.70737,1,3,0.99960,0.01020,0.00883,-0.02467,0.06046,0.08370,0.63031,0,1
1768333703.235802,0.03643,0.00936,-0.03396,0.00109,0.00011,-0.00007,0.55041,0.00088,0.22805,-0.00052,0.70684,0.00055,0.70737,1,3,0.99960,0.01020,0.00883,-0.02467,0.06046,0.08370,0.63031,0,1
1768333703.237762,0.01699,-0.03233,0.00550,-0.00051,-0.00025,0.00054,0.55041,0.00088,0.22805,-0.00052,0.70684,0.00055,0.70737,1,3,0.99960,0.01020,0.00883,-0.02467,0.06046,0.08370,0.63031,0,1
1768333703.239755,-0.00044,-0.02231,0.00549,-0.00039,-0.00004,0.00109,0.55037,0.00088,0.22805,-0.00052,0.70684,0.00055,0.70737,1,3,0.99960,0.01020,0.00883,-0.02467,0.06046,0.08370,0.63031,0,1
1768333703.241771,0.01703,0.00261,-0.04112,-0.00031,-0.00067,-0.00005,0.55037,0.00088,0.22805,-0.00052,0.70684,0.00055,0.70737,1,3,0.99960,0.01020,0.00883,-0.02467,0.06046,0.08370,0.63031,0,1
1768333703.243783,0.02461,0.00269,-0.03340,0.00035,-0.00088,0.00036,0.55037,0.00088,0.22805,-0.00052,0.70684,0.00055,0.70737,1,3,0.99960,0.01020,0.00883,-0.02467,0.06046,0.08370,0.63031,0,1
1768333703.245754,0.00370,0.00521,-0.01076,0.00016,-0.00025,0.00012,0.55037,0.00088,0.22805,-0.00052,0.70684,0.00055,0.70737,1,3,0.99960,0.01020,0.00883,-0.02467,0.06046,0.08370,0.63031,0,1
1768333703.247766,0.00191,-0.02895,-0.04063,0.00237,0.00030,-0.00057,0.55032,0.00088,0.22804,-0.00052,0.70684,0.00055,0.70737,1,3,0.99960,0.01020,0.00883,-0.02467,0.06046,0.08370,0.63031,0,1
1768333703.249753,0.00774,-0.02735,-0.01751,0.00020,0.00024,0.00039,0.55032,0.00088,0.22804,-0.00052,0.70684,0.00055,0.70737,1,3,0.99960,0.01020,0.00883,-0.02467,0.06046,0.08370,0.63031,0,1
1768333703.251784,0.00766,-0.02250,-0.01790,0.00048,0.00061,-0.00015,0.55028,0.00088,0.22804,-0.00052,0.70684,0.00055,0.70737,1,3,0.99960,0.01020,0.00883,-0.02467,0.06046,0.08370,0.63031,0,1
1768333703.253762,0.00515,0.00941,-0.00317,-0.00154,-0.00002,0.00040,0.55028,0.00088,0.22804,-0.00052,0.70684,0.00055,0.70737,1,3,0.99959,0.01092,0.01037,-0.02452,0.06010,0.08422,0.63096,0,1
1768333703.255789,0.00444,0.00587,0.00459,-0.00027,-0.00128,0.00014,0.55024,0.00088,0.22804,-0.00052,0.70684,0.00055,0.70737,1,3,0.99959,0.01092,0.01037,-0.02452,0.06010,0.08422,0.63096,0,1
1768333703.257773,0.01217,0.00512,0.01200,0.00016,-0.00036,0.00013,0.55024,0.00088,0.22804,-0.00052,0.70684,0.00055,0.70737,1,3,0.99959,0.01092,0.01037,-0.02452,0.06010,0.08422,0.63096,0,1
1768333703.259789,0.01089,-0.01412,-0.04098,0.00189,-0.00021,-0.00058,0.55016,0.00088,0.22804,-0.00052,0.70684,0.00055,0.70737,1,3,0.99959,0.01092,0.01037,-0.02452,0.06010,0.08422,0.63096,0,1
1768333703.261767,0.01150,-0.02025,-0.04057,0.00051,0.00057,0.00037,0.55016,0.00088,0.22804,-0.00052,0.70684,0.00055,0.70737,1,3,0.99959,0.01092,0.01037,-0.02452,0.06010,0.08422,0.63096,0,1
1768333703.263795,-0.00626,-0.03506,-0.00245,0.00142,0.00167,0.00001,0.55016,0.00088,0.22804,-0.00052,0.70684,0.00055,0.70737,1,3,0.99959,0.01092,0.01037,-0.02452,0.06010,0.08422,0.63096,0,1
1768333703.265804,0.00006,0.00269,0.01984,-0.00052,-0.00033,0.00042,0.55012,0.00088,0.22805,-0.00052,0.70684,0.00055,0.70738,1,3,0.99959,0.01092,0.01037,-0.02452,0.06010,0.08422,0.63096,0,1
1768333703.267825,0.01199,0.04369,0.01850,-0.00025,0.00063,0.00026,0.55012,0.00088,0.22805,-0.00052,0.70684,0.00055,0.70738,1,3,0.99959,0.01092,0.01037,-0.02452,0.06010,0.08422,0.63096,0,1
1768333703.269814,0.02085,0.03406,0.00356,-0.00036,0.00002,0.00011,0.55008,0.00088,0.22805,-0.00052,0.70684,0.00055,0.70738,1,3,0.99959,0.01092,0.01037,-0.02452,0.06010,0.08422,0.63096,0,1
1768333703.271784,0.01683,0.00202,-0.01067,-0.00053,-0.00002,0.00038,0.55008,0.00088,0.22805,-0.00052,0.70684,0.00055,0.70738,1,3,0.99959,0.01092,0.01037,-0.02452,0.06010,0.08422,0.63096,0,1
1768333703.273772,0.02095,-0.00464,-0.00314,0.00026,-0.00059,-0.00042,0.55008,0.00088,0.22805,-0.00052,0.70684,0.00055,0.70738,1,3,0.99959,0.01092,0.01037,-0.02452,0.06010,0.08422,0.63096,0,1
1768333703.275787,0.01328,-0.01443,0.00508,-0.00073,-0.00099,0.00027,0.55004,0.00088,0.22805,-0.00052,0.70684,0.00055,0.70738,1,3,0.99959,0.01092,0.01037,-0.02452,0.06010,0.08422,0.63096,0,1
1768333703.277791,0.02059,0.02410,-0.01147,-0.00005,0.00029,-0.00004,0.55004,0.00088,0.22805,-0.00052,0.70684,0.00055,0.70738,1,3,0.99959,0.01092,0.01037,-0.02452,0.06010,0.08422,0.63096,0,1
1768333703.279819,-0.00842,0.01764,-0.01847,-0.00056,-0.00037,0.00040,0.55000,0.00088,0.22805,-0.00052,0.70683,0.00055,0.70738,1,3,0.99959,0.01092,0.01037,-0.02452,0.06010,0.08422,0.63096,0,1
1768333703.281829,0.00408,0.00494,0.01961,-0.00028,-0.00001,0.00015,0.55000,0.00088,0.22805,-0.00052,0.70683,0.00055,0.70738,1,3,0.99961,0.01071,0.01333,-0.02218,0.06005,0.08459,0.63192,0,1
1768333703.283826,0.01631,0.01682,-0.01867,-0.00013,0.00010,0.00037,0.54996,0.00088,0.22805,-0.00052,0.70683,0.00055,0.70738,1,3,0.99961,0.01071,0.01333,-0.02218,0.06005,0.08459,0.63192,0,1
1768333703.285820,0.03737,0.02341,-0.01142,-0.00027,0.00047,0.00035,0.54996,0.00088,0.22805,-0.00052,0.70683,0.00055,0.70738,1,3,0.99961,0.01071,0.01333,-0.02218,0.06005,0.08459,0.63192,0,1
1768333703.287830,0.01480,0.03463,0.02681,-0.00254,-0.00142,0.00055,0.54992,0.00088,0.22805,-0.00052,0.70683,0.00055,0.70738,1,3,0.99961,0.01071,0.01333,-0.02218,0.06005,0.08459,0.63192,0,1
1768333703.289810,-0.00218,-0.02637,-0.01023,0.00218,0.00022,-0.00040,0.54988,0.00088,0.22805,-0.00052,0.70683,0.00055,0.70738,1,3,0.99961,0.01071,0.01333,-0.02218,0.06005,0.08459,0.63192,0,1
1768333703.291827,-0.00481,-0.00486,0.00496,-0.00018,-0.00001,0.00082,0.54988,0.00088,0.22805,-0.00052,0.70683,0.00055,0.70738,1,3,0.99961,0.01071,0.01333,-0.02218,0.06005,0.08459,0.63192,0,1
1768333703.293820,0.02512,-0.01199,-0.01814,0.00039,-0.00076,-0.00044,0.54984,0.00088,0.22805,-0.00052,0.70683,0.00055,0.70738,1,3,0.99961,0.01071,0.01333,-0.02218,0.06005,0.08459,0.63192,0,1
1768333703.295812,0.00379,0.01117,-0.01855,0.00067,-0.00128,-0.00042,0.54984,0.00088,0.22805,-0.00052,0.70683,0.00055,0.70738,1,3,0.99961,0.01071,0.01333,-0.02218,0.06005,0.08459,0.63192,0,1
1768333703.297824,0.00633,0.01003,0.02721,-0.00218,-0.00093,0.00002,0.54980,0.00088,0.22805,-0.00052,0.70684,0.00055,0.70738,1,3,0.99961,0.01071,0.01333,-0.02218,0.06005,0.08459,0.63192,0,1
1768333703.299828,0.01506,-0.01001,0.01273,-0.00264,-0.00113,0.00055,0.54980,0.00088,0.22805,-0.00052,0.70684,0.00055,0.70738,1,3,0.99961,0.01071,0.01333,-0.02218,0.06005,0.08459,0.63192,0,1
1768333703.301806,0.02040,-0.02041,-0.02556,0.00029,0.00058,-0.00004,0.54980,0.00088,0.22805,-0.00052,0.70684,0.00055,0.70738,1,3,0.99961,0.01071,0.01333,-0.02218,0.06005,0.08459,0.63192,0,1
1768333703.303826,0.02793,0.00430,0.00436,0.00081,0.00035,0.00051,0.54976,0.00088,0.22805,-0.00052,0.70683,0.00055,0.70738,1,3,0.99961,0.01071,0.01333,-0.02218,0.06005,0.08459,0.63192,0,1
1768333703.305815,0.01280,-0.00015,0.00459,-0.00056,-0.00023,0.00026,0.54976,0.00088,0.22805,-0.00052,0.70683,0.00055,0.70738,1,3,0.99961,0.01071,0.01333,-0.02218,0.06005,0.08459,0.63192,0,1
1768333703.307851,0.00274,0.00155,-0.02563,0.00143,-0.00150,0.00025,0.54972,0.00088,0.22805,-0.00052,0.70683,0.00055,0.70738,1,3,0.99961,0.01071,0.01333,-0.02218,0.06005,0.08459,0.63192,0,1
1768333703.309820,0.02505,0.03171,0.04173,-0.00039,-0.00028,0.00041,0.54972,0.00088,0.22805,-0.00052,0.70683,0.00055,0.70738,1,3,0.99961,0.01071,0.01333,-0.02218,0.06005,0.08459,0.63192,0,1
1768333703.311839,0.03243,0.01941,0.02715,-0.00316,-0.00162,0.00053,0.54968,0.00088,0.22805,-0.00052,0.70683,0.00055,0.70738,1,3,0.99961,0.01071,0.01333,-0.02218,0.06005,0.08459,0.63192,0,1
1768333703.313814,0.00170,-0.01969,-0.04835,0.00204,0.00081,-0.00004,0.54968,0.00088,0.22805,-0.00052,0.70683,0.00055,0.70738,1,3,0.99961,0.01071,0.01333,-0.02218,0.06005,0.08459,0.63192,0,1
1768333703.315822,0.01608,-0.02206,-0.00265,0.00071,-0.00013,-0.00015,0.54964,0.00088,0.22805,-0.00052,0.70684,0.00055,0.70738,1,3,0.99955,0.01100,0.01695,-0.02210,0.06027,0.08493,0.63396,0,1
1768333703.317828,-0.00571,-0.01447,-0.01025,0.00101,0.00026,0.00027,0.54964,0.00088,0.22805,-0.00052,0.70684,0.00055,0.70738,1,3,0.99955,0.01100,0.01695,-0.02210,0.06027,0.08493,0.63396,0,1
1768333703.319818,0.00624,0.02223,-0.04927,0.00146,0.00034,0.00022,0.54960,0.00088,0.22805,-0.00052,0.70684,0.00055,0.70738,1,3,0.99955,0.01100,0.01695,-0.02210,0.06027,0.08493,0.63396,0,1
1768333703.321838,0.02096,0.00021,-0.01057,-0.00012,-0.00084,0.00024,0.54960,0.00088,0.22805,-0.00052,0.70684,0.00055,0.70738,1,3,0.99955,0.01100,0.01695,-0.02210,0.06027,0.08493,0.63396,0,1
1768333703.323827,0.01321,-0.01461,0.01264,-0.00073,-0.00073,0.00028,0.54956,0.00088,0.22805,-0.00052,0.70684,0.00055,0.70738,1,3,0.99955,0.01100,0.01695,-0.02210,0.06027,0.08493,0.63396,0,1
1768333703.325839,0.01610,-0.02709,0.00529,0.00043,-0.00025,0.00040,0.54952,0.00088,0.22805,-0.00052,0.70684,0.00055,0.70738,1,3,0.99955,0.01100,0.01695,-0.02210,0.06027,0.08493,0.63396,0,1
1768333703.327866,-0.01469,0.00050,0.00456,0.00141,0.00048,0.00029,0.54952,0.00088,0.22805,-0.00052,0.70684,0.00055,0.70738,1,3,0.99955,0.01100,0.01695,-0.02210,0.06027,0.08493,0.63396,0,1
1768333703.329814,0.01710,0.01780,-0.00364,-0.00012,-0.00094,-0.00042,0.54948,0.00088,0.22805,-0.00052,0.70684,0.00055,0.70737,1,3,0.99955,0.01100,0.01695,-0.02210,0.06027,0.08493,0.63396,0,1
1768333703.331821,-0.00824,0.02253,-0.01124,-0.00050,-0.00013,-0.00014,0.54948,0.00088,0.22805,-0.00052,0.70684,0.00055,0.70737,1,3,0.99955,0.01100,0.01695,-0.02210,0.06027,0.08493,0.63396,0,1
1768333703.333814,0.02202,-0.00506,-0.01072,-0.00084,-0.00047,-0.00043,0.54944,0.00088,0.22804,-0.00052,0.70684,0.00055,0.70737,1,3,0.99955,0.01100,0.01695,-0.02210,0.06027,0.08493,0.63396,0,1
1768333703.335852,0.00864,0.01294,-0.00343,-0.00018,-0.00083,-0.00028,0.54944,0.00088,0.22804,-0.00052,0.70684,0.00055,0.70737,1,3,0.99955,0.01100,0.01695,-0.02210,0.06027,0.08493,0.63396,0,1
1768333703.337834,0.03188,-0.00489,0.03533,-0.00236,-0.00172,0.00041,0.54944,0.00088,0.22804,-0.00052,0.70684,0.00055,0.70737,1,3,0.99955,0.01100,0.01695,-0.02210,0.06027,0.08493,0.63396,0,1
1768333703.339840,0.02381,0.01188,0.00403,0.00090,0.00039,0.00011,0.54940,0.00088,0.22805,-0.00052,0.70684,0.00055,0.70737,1,3,0.99955,0.01100,0.01695,-0.02210,0.06027,0.08493,0.63396,0,1
1768333703.341850,0.03068,-0.00039,0.01202,-0.00122,-0.00058,-0.00015,0.54940,0.00088,0.22805,-0.00052,0.70684,0.00055,0.70737,1,3,0.99955,0.01100,0.01695,-0.02210,0.06027,0.08493,0.63396,0,1
1768333703.343836,0.02765,0.00431,-0.01103,0.00124,0.00060,0.00009,0.54936,0.00087,0.22804,-0.00052,0.70684,0.00055,0.70737,1,3,0.99955,0.01100,0.01695,-0.02210,0.06027,0.08493,0.63396,0,1
1768333703.345842,0.00295,0.01000,0.00453,0.00044,-0.00011,0.00081,0.54936,0.00087,0.22804,-0.00052,0.70684,0.00055,0.70737,1,3,0.99955,0.01100,0.01695,-0.02210,0.06027,0.08493,0.63396,0,1
1768333703.347836,0.01497,0.01970,0.01922,-0.00228,-0.00092,-0.00027,0.54932,0.00087,0.22804,-0.00052,0.70684,0.00055,0.70737,1,3,0.99961,0.01106,0.01282,-0.02209,0.06005,0.08461,0.63197,0,1
1768333703.349850,0.01695,-0.01818,0.00502,-0.00078,0.00050,0.00053,0.54932,0.00087,0.22804,-0.00052,0.70684,0.00055,0.70737,1,3,0.99961,0.01106,0.01282,-0.02209,0.06005,0.08461,0.63197,0,1
1768333703.351846,-0.00879,0.00313,-0.01826,0.00013,-0.00036,-0.00000,0.54928,0.00087,0.22804,-0.00052,0.70684,0.00055,0.70737,1,3,0.99961,0.01106,0.01282,-0.02209,0.06005,0.08461,0.63197,0,1
1768333703.353844,0.02056,-0.02500,-0.01772,0.00023,0.00008,0.00011,0.54924,0.00087,0.22804,-0.00052,0.70684,0.00055,0.70737,1,3,0.99961,0.01106,0.01282,-0.02209,0.06005,0.08461,0.63197,0,1
1768333703.355857,0.02246,-0.04929,0.03621,-0.00115,-0.00082,0.00003,0.54924,0.00087,0.22804,-0.00052,0.70684,0.00055,0.70737,1,3,0.99961,0.01106,0.01282,-0.02209,0.06005,0.08461,0.63197,0,1
1768333703.358407,-0.00509,-0.01970,-0.02543,0.00051,0.00051,-0.00001,0.54920,0.00087,0.22804,-0.00052,0.70684,0.00055,0.70737,1,3,0.99961,0.01106,0.01282,-0.02209,0.06005,0.08461,0.63197,0,1
1768333703.359894,0.01304,0.00480,-0.03354,-0.00072,-0.00036,0.00010,0.54920,0.00087,0.22804,-0.00052,0.70684,0.00055,0.70737,1,3,0.99961,0.01106,0.01282,-0.02209,0.06005,0.08461,0.63197,0,1
1768333703.361968,-0.01703,0.03234,-0.00386,-0.00039,0.00023,0.00001,0.54916,0.00087,0.22804,-0.00052,0.70684,0.00055,0.70737,1,3,0.99961,0.01106,0.01282,-0.02209,0.06005,0.08461,0.63197,0,1
1768333703.363865,0.01569,0.02939,0.02701,-0.00348,-0.00143,0.00068,0.54916,0.00087,0.22804,-0.00052,0.70684,0.00055,0.70737,1,3,0.99961,0.01106,0.01282,-0.02209,0.06005,0.08461,0.63197,0,1
1768333703.365927,0.01479,-0.02233,-0.03299,0.00158,0.00040,0.00023,0.54912,0.00087,0.22804,-0.00052,0.70684,0.00055,0.70737,1,3,0.99961,0.01106,0.01282,-0.02209,0.06005,0.08461,0.63197,0,1
1768333703.367874,0.00821,0.01310,0.01934,0.00026,-0.00083,-0.00026,0.54912,0.00087,0.22804,-0.00052,0.70684,0.00055,0.70737,1,3,0.99961,0.01106,0.01282,-0.02209,0.06005,0.08461,0.63197,0,1
1768333703.369869,0.01219,-0.02880,-0.01011,0.00084,-0.00072,-0.00055,0.54912,0.00087,0.22804,-0.00052,0.70684,0.00055,0.70737,1,3,0.99961,0.01106,0.01282,-0.02209,0.06005,0.08461,0.63197,0,1
1768333703.371870,0.02182,0.01495,-0.01885,-0.00059,-0.00074,-0.00057,0.54908,0.00087,0.22804,-0.00052,0.70684,0.00055,0.70737,1,3,0.99961,0.01106,0.01282,-0.02209,0.06005,0.08461,0.63197,0,1
1768333703.373858,0.00800,0.02317,-0.01898,0.00060,-0.00096,-0.00056,0.54908,0.00087,0.22804,-0.00052,0.70684,0.00055,0.70737,1,3,0.99961,0.01106,0.01282,-0.02209,0.06005,0.08461,0.63197,0,1
1768333703.375858,0.03161,0.02486,0.04217,-0.00222,-0.00187,0.00041,0.54903,0.00087,0.22804,-0.00052,0.70684,0.00055,0.70737,1,3,0.99961,0.01106,0.01282,-0.02209,0.06005,0.08461,0.63197,0,1
1768333703.377877,0.00328,-0.01879,-0.06328,0.00096,-0.00086,-0.00004,0.54903,0.00087,0.22804,-0.00052,0.70684,0.00055,0.70737,1,3,0.99961,0.01106,0.01282,-0.02209,0.06005,0.08461,0.63197,0,1
1768333703.379879,-0.00911,-0.04672,-0.01705,0.00040,0.00045,0.00014,0.54899,0.00087,0.22804,-0.00052,0.70684,0.00055,0.70737,1,3,0.99961,0.01106,0.01282,-0.02209,0.06005,0.08461,0.63197,0,1
1768333703.381878,0.00778,-0.01792,-0.01035,0.00010,0.00086,0.00012,0.54899,0.00087,0.22804,-0.00052,0.70684,0.00055,0.70737,1,3,0.99961,0.01106,0.01282,-0.02209,0.06005,0.08461,0.63197,0,1
1768333703.383876,-0.00467,-0.00561,0.01968,-0.00019,0.00125,0.00002,0.54895,0.00087,0.22804,-0.00052,0.70684,0.00055,0.70737,1,3,0.99961,0.01106,0.01282,-0.02209,0.06005,0.08461,0.63197,0,1
1768333703.385866,0.01851,0.00677,0.02758,-0.00244,-0.00067,0.00109,0.54895,0.00087,0.22804,-0.00052,0.70684,0.00055,0.70737,1,3,0.99961,0.01106,0.01282,-0.02209,0.06005,0.08461,0.63197,0,1
1768333703.387855,-0.00082,-0.02612,-0.04028,0.00087,-0.00081,-0.00002,0.54891,0.00087,0.22804,-0.00052,0.70685,0.00055,0.70737,1,3,0.99961,0.01106,0.01282,-0.02209,0.06005,0.08461,0.63197,0,1
1768333703.389899,-0.01730,-0.02592,-0.02519,0.00065,-0.00049,-0.00040,0.54891,0.00087,0.22804,-0.00052,0.70685,0.00055,0.70737,1,3,0.99961,0.01023,0.00658,-0.02533,0.06003,0.08434,0.63117,0,1
1768333703.391881,0.02110,-0.02905,-0.01012,0.00040,-0.00083,-0.00056,0.54887,0.00087,0.22804,-0.00052,0.70685,0.00055,0.70737,1,3,0.99961,0.01023,0.00658,-0.02533,0.06003,0.08434,0.63117,0,1
1768333703.393907,-0.00109,0.00290,0.01220,0.00057,-0.00019,0.00042,0.54887,0.00087,0.22804,-0.00052,0.70685,0.00055,0.70737,1,3,0.99961,0.01023,0.00658,-0.02533,0.06003,0.08434,0.63117,0,1
1768333703.395882,0.01729,0.03737,-0.01144,-0.00076,-0.00120,0.00024,0.54883,0.00087,0.22804,-0.00052,0.70684,0.00055,0.70737,1,3,0.99961,0.01023,0.00658,-0.02533,0.06003,0.08434,0.63117,0,1
1768333703.397916,0.01491,0.02927,0.00415,-0.00282,-0.00103,0.00066,0.54879,0.00087,0.22804,-0.00052,0.70684,0.00055,0.70737,1,3,0.99961,0.01023,0.00658,-0.02533,0.06003,0.08434,0.63117,0,1
1768333703.399879,0.01166,-0.01484,-0.01029,0.00057,0.00005,0.00025,0.54879,0.00087,0.22804,-0.00052,0.70684,0.00055,0.70737,1,3,0.99961,0.01023,0.00658,-0.02533,0.06003,0.08434,0.63117,0,1
1768333703.401917,0.02495,0.00673,0.00409,-0.00004,0.00037,-0.00016,0.54875,0.00087,0.22805,-0.00052,0.70684,0.00055,0.70737,1,3,0.99961,0.01023,0.00658,-0.02533,0.06003,0.08434,0.63117,0,1
1768333703.403895,0.00213,-0.02683,0.02076,-0.00219,-0.00109,0.00044,0.54875,0.00087,0.22805,-0.00052,0.70684,0.00055,0.70737,1,3,0.99961,0.01023,0.00658,-0.02533,0.06003,0.08434,0.63117,0,1
1768333703.405893,-0.01783,0.00795,0.00447,0.00041,0.00013,0.00029,0.54871,0.00087,0.22805,-0.00052,0.70684,0.00055,0.70738,1,3,0.99961,0.01023,0.00658,-0.02533,0.06003,0.08434,0.63117,0,1
1768333703.407894,-0.02257,-0.01396,-0.00274,0.00124,0.00033,-0.00011,0.54871,0.00087,0.22805,-0.00052,0.70684,0.00055,0.70738,1,3,0.99961,0.01023,0.00658,-0.02533,0.06003,0.08434,0.63117,0,1
1768333703.409907,0.00877,0.00764,0.01949,-0.00046,-0.00045,-0.00013,0.54871,0.00087,0.22805,-0.00052,0.70684,0.00055,0.70738,1,3,0.99961,0.01023,0.00658,-0.02533,0.06003,0.08434,0.63117,0,1
1768333703.411901,0.03005,-0.02988,0.00515,-0.00048,-0.00042,-0.00015,0.54867,0.00087,0.22805,-0.00052,0.70684,0.00055,0.70738,1,3,0.99961,0.01023,0.00658,-0.02533,0.06003,0.08434,0.63117,0,1
1768333703.413885,0.00773,-0.02730,-0.02528,0.00042,0.00036,-0.00002,0.54867,0.00087,0.22805,-0.00052,0.70684,0.00055,0.70738,1,3,0.99961,0.01023,0.00658,-0.02533,0.06003,0.08434,0.63117,0,1
1768333703.415877,0.00826,0.00759,0.02704,-0.00003,-0.00019,-0.00012,0.54863,0.00087,0.22805,-0.00052,0.70684,0.00055,0.70738,1,3,0.99961,0.01023,0.00658,-0.02533,0.06003,0.08434,0.63117,0,1
1768333703.417895,0.00364,0.00996,0.00439,0.00000,-0.00013,0.00040,0.54863,0.00087,0.22805,-0.00052,0.70684,0.00055,0.70738,1,3,0.99961,0.01023,0.00658,-0.02533,0.06003,0.08434,0.63117,0,1
1768333703.419894,0.01171,0.00029,-0.01839,0.00076,-0.00022,-0.00016,0.54859,0.00087,0.22805,-0.00052,0.70684,0.00055,0.70738,1,3,0.99961,0.01023,0.00658,-0.02533,0.06003,0.08434,0.63117,0,1
1768333703.421916,0.03332,-0.00806,-0.01038,-0.00021,-0.00021,0.00064,0.54859,0.00087,0.22805,-0.00052,0.70684,0.00055,0.70738,1,3,0.99959,0.01024,0.00834,-0.02540,0.06043,0.08381,0.63073,0,1
1768333703.423910,0.03683,-0.00586,-0.00307,0.00047,0.00038,0.00037,0.54855,0.00087,0.22805,-0.00052,0.70684,0.00055,0.70738,1,3,0.99959,0.01024,0.00834,-0.02540,0.06043,0.08381,0.63073,0,1
1768333703.425910,-0.01231,0.01090,-0.02593,-0.00043,-0.00095,-0.00001,0.54855,0.00087,0.22805,-0.00052,0.70684,0.00055,0.70738,1,3,0.99959,0.01024,0.00834,-0.02540,0.06043,0.08381,0.63073,0,1
1768333703.427897,-0.00689,0.00561,-0.06418,0.00235,0.00038,-0.00032,0.54851,0.00087,0.22805,-0.00052,0.70684,0.00055,0.70738,1,3,0.99959,0.01024,0.00834,-0.02540,0.06043,0.08381,0.63073,0,1
1768333703.429914,0.01885,-0.01770,0.05080,-0.00230,-0.00067,0.00057,0.54847,0.00087,0.22805,-0.00052,0.70683,0.00055,0.70738,1,3,0.99959,0.01024,0.00834,-0.02540,0.06043,0.08381,0.63073,0,1
1768333703.431933,0.02491,-0.02742,-0.00270,0.00042,0.00014,-0.00042,0.54847,0.00087,0.22805,-0.00052,0.70683,0.00055,0.70738,1,3,0.99959,0.01024,0.00834,-0.02540,0.06043,0.08381,0.63073,0,1
1768333703.433901,0.02955,-0.02509,0.00526,-0.00042,-0.00041,0.00052,0.54847,0.00087,0.22805,-0.00052,0.70683,0.00055,0.70738,1,3,0.99959,0.01024,0.00834,-0.02540,0.06043,0.08381,0.63073,0,1
1768333703.435905,0.00802,0.00825,0.00434,0.00042,-0.00095,-0.00014,0.54843,0.00087,0.22805,-0.00052,0.70683,0.00055,0.70738,1,3,0.99959,0.01024,0.00834,-0.02540,0.06043,0.08381,0.63073,0,1
1768333703.437908,-0.01631,0.02723,0.01172,-0.00132,-0.00002,0.00056,0.54839,0.00087,0.22806,-0.00052,0.70683,0.00055,0.70739,1,3,0.99959,0.01024,0.00834,-0.02540,0.06043,0.08381,0.63073,0,1
1768333703.439893,-0.01338,-0.01468,-0.01817,0.00057,0.00085,-0.00054,0.54839,0.00087,0.22806,-0.00052,0.70683,0.00055,0.70739,1,3,0.99959,0.01024,0.00834,-0.02540,0.06043,0.08381,0.63073,0,1
1768333703.441925,0.00692,-0.03185,-0.03269,0.00124,0.00012,0.00011,0.54835,0.00087,0.22805,-0.00052,0.70683,0.00055,0.70738,1,3,0.99959,0.01024,0.00834,-0.02540,0.06043,0.08381,0.63073,0,1
1768333703.443956,0.02945,-0.00610,0.03495,-0.00063,0.00059,0.00040,0.54835,0.00087,0.22805,-0.00052,0.70683,0.00055,0.70738,1,3,0.99959,0.01024,0.00834,-0.02540,0.06043,0.08381,0.63073,0,1
1768333703.445912,0.00363,0.03482,0.01127,0.00008,-0.00028,0.00013,0.54835,0.00087,0.22805,-0.00052,0.70683,0.00055,0.70738,1,3,0.99959,0.01024,0.00834,-0.02540,0.06043,0.08381,0.63073,0,1
1768333703.447962,0.00850,0.04225,-0.01165,-0.00048,-0.00072,0.00011,0.54831,0.00087,0.22806,-0.00052,0.70683,0.00055,0.70739,1,3,0.99959,0.01024,0.00834,-0.02540,0.06043,0.08381,0.63073,0,1
1768333703.449985,0.01485,0.02251,-0.04163,0.00146,-0.00027,0.00021,0.54831,0.00087,0.22806,-0.00052,0.70683,0.00055,0.70739,1,3,0.99959,0.01024,0.00834,-0.02540,0.06043,0.08381,0.63073,0,1
1768333703.451986,-0.01230,0.01962,-0.00369,-0.00076,0.00056,-0.00026,0.54826,0.00087,0.22805,-0.00052,0.70683,0.00055,0.70739,1,3,0.99959,0.01024,0.00834,-0.02540,0.06043,0.08381,0.63073,0,1
1768333703.454016,0.01736,0.00295,-0.00325,-0.00030,-0.00093,-0.00042,0.54826,0.00087,0.22805,-0.00052,0.70683,0.00055,0.70739,1,3,0.99964,0.01042,0.00812,-0.02326,0.06052,0.08376,0.63087,0,1
1768333703.455976,0.00208,-0.01000,-0.01834,0.00172,0.00104,-0.00029,0.54822,0.00087,0.22805,-0.00052,0.70683,0.00055,0.70739,1,3,0.99964,0.01042,0.00812,-0.02326,0.06052,0.08376,0.63087,0,1
1768333703.457982,0.02883,-0.02005,-0.02534,0.00029,-0.00028,0.00036,0.54822,0.00087,0.22805,-0.00052,0.70683,0.00055,0.70739,1,3,0.99964,0.01042,0.00812,-0.02326,0.06052,0.08376,0.63087,0,1
1768333703.459929,0.01991,-0.03827,-0.02493,0.00160,-0.00131,-0.00029,0.54818,0.00087,0.22805,-0.00052,0.70683,0.00055,0.70739,1,3,0.99964,0.01042,0.00812,-0.02326,0.06052,0.08376,0.63087,0,1
1768333703.461945,0.00081,0.01769,-0.00341,-0.00100,-0.00074,-0.00000,0.54814,0.00087,0.22805,-0.00052,0.70683,0.00055,0.70738,1,3,0.99964,0.01042,0.00812,-0.02326,0.06052,0.08376,0.63087,0,1
1768333703.463959,-0.00548,0.00964,0.00430,0.00043,0.00075,0.00041,0.54814,0.00087,0.22805,-0.00052,0.70683,0.00055,0.70738,1,3,0.99964,0.01042,0.00812,-0.02326,0.06052,0.08376,0.63087,0,1
1768333703.465935,0.00633,-0.01229,-0.02555,0.00148,0.00037,0.00038,0.54810,0.00087,0.22805,-0.00052,0.70683,0.00055,0.70738,1,3,0.99964,0.01042,0.00812,-0.02326,0.06052,0.08376,0.63087,0,1
1768333703.467921,0.03375,0.01177,0.01171,-0.00041,-0.00024,0.00011,0.54810,0.00087,0.22805,-0.00052,0.70683,0.00055,0.70738,1,3,0.99964,0.01042,0.00812,-0.02326,0.06052,0.08376,0.63087,0,1
1768333703.469933,0.05345,-0.02550,-0.02531,0.00089,-0.00019,0.00047,0.54806,0.00087,0.22805,-0.00052,0.70683,0.00055,0.70738,1,3,0.99964,0.01042,0.00812,-0.02326,0.06052,0.08376,0.63087,0,1
1768333703.471919,0.01308,-0.02914,-0.02510,-0.00026,-0.00085,-0.00015,0.54806,0.00087,0.22805,-0.00052,0.70683,0.00055,0.70738,1,3,0.99964,0.01042,0.00812,-0.02326,0.06052,0.08376,0.63087,0,1
1768333703.473941,-0.01777,-0.04021,-0.03219,0.00114,-0.00110,0.00001,0.54806,0.00087,0.22805,-0.00052,0.70683,0.00055,0.70738,1,3,0.99964,0.01042,0.00812,-0.02326,0.06052,0.08376,0.63087,0,1
1768333703.475919,0.02139,0.01001,-0.03370,-0.00044,-0.00085,-0.00005,0.54802,0.00087,0.22804,-0.00052,0.70684,0.00055,0.70738,1,3,0.99964,0.01042,0.00812,-0.02326,0.06052,0.08376,0.63087,0,1
1768333703.477946,0.02043,0.02009,-0.00374,0.00056,-0.00060,-0.00030,0.54802,0.00087,0.22804,-0.00052,0.70684,0.00055,0.70738,1,3,0.99964,0.01042,0.00812,-0.02326,0.06052,0.08376,0.63087,0,1
1768333703.479943,0.03816,-0.00131,0.00456,-0.00101,0.00023,0.00064,0.54798,0.00087,0.22805,-0.00052,0.70683,0.00055,0.70738,1,3,0.99964,0.01042,0.00812,-0.02326,0.06052,0.08376,0.63087,0,1
1768333703.481969,-0.00948,-0.04148,-0.01704,0.00069,0.00008,0.00041,0.54798,0.00087,0.22805,-0.00052,0.70683,0.00055,0.70738,1,3,0.99964,0.01042,0.00812,-0.02326,0.06052,0.08376,0.63087,0,1
1768333703.483939,-0.00378,-0.01953,0.02044,-0.00079,-0.00027,0.00043,0.54794,0.00087,0.22804,-0.00052,0.70684,0.00055,0.70737,1,3,0.99964,0.01042,0.00812,-0.02326,0.06052,0.08376,0.63087,0,1
1768333703.485976,0.00870,-0.00254,0.00462,-0.00059,-0.00018,0.00013,0.54794,0.00087,0.22804,-0.00052,0.70684,0.00055,0.70737,1,3,0.99962,0.01021,0.00912,-0.02390,0.06051,0.08374,0.63072,0,1
1768333703.487940,-0.00429,0.03950,0.00332,-0.00030,0.00031,-0.00041,0.54790,0.00087,0.22805,-0.00052,0.70684,0.00055,0.70738,1,3,0.99962,0.01021,0.00912,-0.02390,0.06051,0.08374,0.63072,0,1
1768333703.489936,0.01217,0.04352,0.01090,-0.00047,0.00076,0.00025,0.54786,0.00087,0.22804,-0.00052,0.70684,0.00055,0.70738,1,3,0.99962,0.01021,0.00912,-0.02390,0.06051,0.08374,0.63072,0,1
1768333703.491941,0.00397,0.02508,0.01169,-0.00025,-0.00065,0.00041,0.54786,0.00087,0.22804,-0.00052,0.70684,0.00055,0.70738,1,3,0.99962,0.01021,0.00912,-0.02390,0.06051,0.08374,0.63072,0,1
1768333703.493939,0.01606,0.01273,-0.01892,0.00091,-0.00029,-0.00071,0.54782,0.00087,0.22805,-0.00052,0.70684,0.00055,0.70738,1,3,0.99962,0.01021,0.00912,-0.02390,0.06051,0.08374,0.63072,0,1
1768333703.495956,0.01596,-0.00685,-0.01816,0.00089,-0.00065,-0.00016,0.54782,0.00087,0.22805,-0.00052,0.70684,0.00055,0.70738,1,3,0.99962,0.01021,0.00912,-0.02390,0.06051,0.08374,0.63072,0,1
1768333703.497977,0.01954,-0.00948,-0.04102,0.00151,-0.00031,-0.00032,0.54778,0.00087,0.22804,-0.00052,0.70684,0.00055,0.70737,1,3,0.99962,0.01021,0.00912,-0.02390,0.06051,0.08374,0.63072,0,1
1768333703.499950,0.00199,-0.00396,-0.03355,0.00223,-0.00023,-0.00043,0.54778,0.00087,0.22804,-0.00052,0.70684,0.00055,0.70737,1,3,0.99962,0.01021,0.00912,-0.02390,0.06051,0.08374,0.63072,0,1
1768333703.501970,0.01756,0.00145,-0.00329,-0.00119,0.00060,-0.00002,0.54774,0.00087,0.22805,-0.00052,0.70684,0.00055,0.70738,1,3,0.99962,0.01021,0.00912,-0.02390,0.06051,0.08374,0.63072,0,1
1768333703.503940,0.00893,0.01169,0.03455,-0.00107,0.00044,0.00015,0.54774,0.00087,0.22805,-0.00052,0.70684,0.00055,0.70738,1,3,0.99962,0.01021,0.00912,-0.02390,0.06051,0.08374,0.63072,0,1
1768333703.505989,0.03760,0.00423,0.01944,-0.00007,-0.00003,0.00011,0.54774,0.00087,0.22805,-0.00052,0.70684,0.00055,0.70738,1,3,0.99962,0.01021,0.00912,-0.02390,0.06051,0.08374,0.63072,0,1
1768333703.507960,0.00633,0.00260,-0.01831,0.00144,0.00023,0.00038,0.54774,0.00087,0.22805,-0.00052,0.70684,0.00055,0.70738,1,3,0.99962,0.01021,0.00912,-0.02390,0.06051,0.08374,0.63072,0,1
1768333703.509994,-0.00893,-0.00719,-0.00278,0.00001,0.00016,0.00028,0.54770,0.00087,0.22804,-0.00052,0.70684,0.00055,0.70737,1,3,0.99962,0.01021,0.00912,-0.02390,0.06051,0.08374,0.63072,0,1
1768333703.511963,-0.01235,0.02015,-0.01121,-0.00053,-0.00008,-0.00027,0.54770,0.00087,0.22804,-0.00052,0.70684,0.00055,0.70737,1,3,0.99962,0.01021,0.00912,-0.02390,0.06051,0.08374,0.63072,0,1
1768333703.513983,0.01860,-0.02933,-0.03277,0.00215,-0.00002,0.00023,0.54766,0.00087,0.22804,-0.00052,0.70684,0.00055,0.70737,1,3,0.99962,0.01021,0.00912,-0.02390,0.06051,0.08374,0.63072,0,1
1768333703.515963,0.02918,-0.02609,-0.02530,-0.00043,0.00087,0.00050,0.54766,0.00087,0.22804,-0.00052,0.70684,0.00055,0.70737,1,3,0.99962,0.01021,0.00912,-0.02390,0.06051,0.08374,0.63072,0,1
1768333703.517987,0.01610,-0.03207,0.00547,0.00037,-0.00024,0.00054,0.54762,0.00087,0.22804,-0.00052,0.70685,0.00055,0.70737,1,3,0.99962,0.01021,0.00912,-0.02390,0.06051,0.08374,0.63072,0,1
1768333703.519961,0.00895,0.00245,-0.01073,-0.00075,-0.00032,-0.00001,0.54762,0.00087,0.22804,-0.00052,0.70685,0.00055,0.70737,1,3,0.99962,0.01021,0.00912,-0.02390,0.06051,0.08374,0.63072,0,1
1768333703.521963,-0.01259,0.00519,0.00449,-0.00050,0.00007,0.00015,0.54758,0.00087,0.22804,-0.00052,0.70685,0.00055,0.70736,1,3,0.99963,0.01045,0.00904,-0.02336,0.06051,0.08374,0.63067,0,1
1768333703.523963,0.00197,-0.00480,-0.02573,0.00157,0.00042,0.00038,0.54758,0.00087,0.22804,-0.00052,0.70685,0.00055,0.70736,1,3,0.99963,0.01045,0.00904,-0.02336,0.06051,0.08374,0.63067,0,1
1768333703.525991,0.02072,-0.02955,0.01291,0.00018,-0.00043,0.00027,0.54754,0.00087,0.22804,-0.00052,0.70685,0.00055,0.70736,1,3,0.99963,0.01045,0.00904,-0.02336,0.06051,0.08374,0.63067,0,1
1768333703.527974,-0.00037,0.02214,-0.01894,-0.00007,0.00029,-0.00015,0.54750,0.00087,0.22803,-0.00052,0.70685,0.00055,0.70736,1,3,0.99963,0.01045,0.00904,-0.02336,0.06051,0.08374,0.63067,0,1
1768333703.529986,0.02918,-0.03095,0.01269,-0.00027,0.00099,0.00026,0.54750,0.00087,0.22803,-0.00052,0.70685,0.00055,0.70736,1,3,0.99963,0.01045,0.00904,-0.02336,0.06051,0.08374,0.63067,0,1
1768333703.531978,0.00312,-0.00000,0.00453,0.00054,0.00027,0.00027,0.54745,0.00087,0.22804,-0.00052,0.70685,0.00055,0.70736,1,3,0.99963,0.01045,0.00904,-0.02336,0.06051,0.08374,0.63067,0,1
1768333703.534005,0.03850,0.00963,-0.01858,-0.00066,-0.00093,-0.00005,0.54745,0.00087,0.22804,-0.00052,0.70685,0.00055,0.70736,1,3,0.99963,0.01045,0.00904,-0.02336,0.06051,0.08374,0.63067,0,1
1768333703.535983,-0.01720,0.01267,0.01948,-0.00019,0.00024,0.00016,0.54741,0.00087,0.22803,-0.00052,0.70685,0.00055,0.70736,1,3,0.99963,0.01045,0.00904,-0.02336,0.06051,0.08374,0.63067,0,1
1768333703.538006,0.00229,0.01036,-0.02620,0.00153,0.00001,-0.00003,0.54738,0.00087,0.22804,-0.00052,0.70685,0.00055,0.70737,1,3,0.99963,0.01045,0.00904,-0.02336,0.06051,0.08374,0.63067,0,1
1768333703.539981,0.01057,-0.04410,-0.03271,0.00218,0.00046,-0.00057,0.54738,0.00087,0.22804,-0.00052,0.70685,0.00055,0.70737,1,3,0.99963,0.01045,0.00904,-0.02336,0.06051,0.08374,0.63067,0,1
1768333703.542004,0.04284,0.01127,-0.01093,-0.00129,-0.00034,0.00049,0.54738,0.00087,0.22804,-0.00052,0.70685,0.00055,0.70737,1,3,0.99963,0.01045,0.00904,-0.02336,0.06051,0.08374,0.63067,0,1
1768333703.543982,-0.01574,-0.03627,0.08153,-0.00100,-0.00038,-0.00004,0.54738,0.00087,0.22804,-0.00052,0.70685,0.00055,0.70737,1,3,0.99963,0.01045,0.00904,-0.02336,0.06051,0.08374,0.63067,0,1
1768333703.546006,-0.01859,0.00862,-0.01845,0.00151,-0.00024,-0.00013,0.54733,0.00087,0.22803,-0.00052,0.70685,0.00055,0.70736,1,3,0.99963,0.01045,0.00904,-0.02336,0.06051,0.08374,0.63067,0,1
1768333703.547998,0.04450,0.02249,0.04961,-0.00203,-0.00216,-0.00013,0.54733,0.00087,0.22803,-0.00052,0.70685,0.00055,0.70736,1,3,0.99963,0.01045,0.00904,-0.02336,0.06051,0.08374,0.63067,0,1
1768333703.549996,0.03991,0.00857,0.01228,-0.00285,-0.00068,0.00119,0.54729,0.00087,0.22803,-0.00052,0.70685,0.00055,0.70736,1,3,0.99963,0.01045,0.00904,-0.02336,0.06051,0.08374,0.63067,0,1
1768333703.551980,0.03680,0.00824,0.00422,-0.00002,0.00100,0.00077,0.54729,0.00087,0.22803,-0.00052,0.70685,0.00055,0.70736,1,3,0.99963,0.01045,0.00904,-0.02336,0.06051,0.08374,0.63067,0,1
1768333703.553976,-0.00225,0.00803,-0.04121,0.00172,-0.00005,0.00024,0.54725,0.00087,0.22804,-0.00052,0.70685,0.00055,0.70736,1,3,0.99963,0.01045,0.00904,-0.02336,0.06051,0.08374,0.63067,0,1
1768333703.555987,-0.02993,-0.00356,-0.00293,0.00049,-0.00036,-0.00037,0.54725,0.00087,0.22804,-0.00052,0.70685,0.00055,0.70736,1,3,0.99962,0.01028,0.00898,-0.02395,0.06050,0.08373,0.63068,0,1
1768333703.558002,-0.00419,0.03460,0.01147,-0.00079,-0.00018,0.00054,0.54721,0.00087,0.22804,-0.00052,0.70685,0.00055,0.70736,1,3,0.99962,0.01028,0.00898,-0.02395,0.06050,0.08373,0.63068,0,1
1768333703.559978,0.01133,-0.01503,0.01244,0.00079,0.00043,0.00027,0.54721,0.00087,0.22804,-0.00052,0.70685,0.00055,0.70736,1,3,0.99962,0.01028,0.00898,-0.02395,0.06050,0.08373,0.63068,0,1
1768333703.562000,0.02159,-0.01486,0.01241,-0.00052,-0.00046,-0.00014,0.54721,0.00087,0.22804,-0.00052,0.70685,0.00055,0.70736,1,3,0.99962,0.01028,0.00898,-0.02395,0.06050,0.08373,0.63068,0,1
1768333703.563980,0.02482,-0.04705,0.00583,0.00019,-0.00033,0.00053,0.54713,0.00087,0.22804,-0.00052,0.70685,0.00055,0.70736,1,3,0.99962,0.01028,0.00898,-0.02395,0.06050,0.08373,0.63068,0,1
1768333703.565995,-0.00450,-0.00952,-0.01034,-0.00002,-0.00014,0.00014,0.54713,0.00087,0.22804,-0.00052,0.70685,0.00055,0.70736,1,3,0.99962,0.01028,0.00898,-0.02395,0.06050,0.08373,0.63068,0,1
1768333703.567983,-0.00491,-0.01485,-0.01043,0.00035,0.00062,-0.00013,0.54709,0.00087,0.22804,-0.00052,0.70685,0.00055,0.70737,1,3,0.99962,0.01028,0.00898,-0.02395,0.06050,0.08373,0.63068,0,1
1768333703.570009,-0.01744,-0.00147,0.00457,0.00051,-0.00025,-0.00025,0.54709,0.00087,0.22804,-0.00052,0.70685,0.00055,0.70737,1,3,0.99962,0.01028,0.00898,-0.02395,0.06050,0.08373,0.63068,0,1
1768333703.571977,0.02461,-0.02693,-0.01783,0.00086,-0.00036,-0.00043,0.54705,0.00087,0.22804,-0.00052,0.70684,0.00055,0.70737,1,3,0.99962,0.01028,0.00898,-0.02395,0.06050,0.08373,0.63068,0,1
1768333703.574002,0.01928,-0.03774,0.02097,-0.00276,-0.00053,0.00069,0.54705,0.00087,0.22804,-0.00052,0.70684,0.00055,0.70737,1,3,0.99962,0.01028,0.00898,-0.02395,0.06050,0.08373,0.63068,0,1
1768333703.576009,0.02749,0.06844,-0.01273,0.00115,0.00055,-0.00006,0.54705,0.00087,0.22804,-0.00052,0.70684,0.00055,0.70737,1,3,0.99962,0.01028,0.00898,-0.02395,0.06050,0.08373,0.63068,0,1
1768333703.578038,0.00772,0.07191,-0.02004,0.00010,-0.00061,0.00009,0.54701,0.00087,0.22804,-0.00052,0.70684,0.00055,0.70737,1,3,0.99962,0.01028,0.00898,-0.02395,0.06050,0.08373,0.63068,0,1
1768333703.580058,-0.02293,0.00559,-0.06410,0.00147,0.00057,-0.00030,0.54701,0.00087,0.22804,-0.00052,0.70684,0.00055,0.70737,1,3,0.99962,0.01028,0.00898,-0.02395,0.06050,0.08373,0.63068,0,1
1768333703.582023,-0.00894,-0.05545,-0.01686,0.00095,-0.00069,-0.00039,0.54697,0.00087,0.22804,-0.00052,0.70684,0.00055,0.70737,1,3,0.99962,0.01028,0.00898,-0.02395,0.06050,0.08373,0.63068,0,1
1768333703.583999,0.02671,-0.05161,0.00621,-0.00140,-0.00149,0.00068,0.54697,0.00087,0.22804,-0.00052,0.70684,0.00055,0.70737,1,3,0.99962,0.01028,0.00898,-0.02395,0.06050,0.08373,0.63068,0,1
1768333703.585998,0.05074,-0.01800,0.00465,-0.00012,-0.00030,-0.00031,0.54693,0.00087,0.22804,-0.00052,0.70685,0.00055,0.70737,1,3,0.99962,0.01028,0.00898,-0.02395,0.06050,0.08373,0.63068,0,1
1768333703.588005,0.02364,0.00780,-0.03382,0.00150,-0.00050,-0.00019,0.54693,0.00087,0.22804,-0.00052,0.70685,0.00055,0.70737,1,3,0.99960,0.01051,0.00977,-0.02418,0.06050,0.08372,0.63060,0,1
1768333703.590005,0.00409,-0.00004,0.01978,-0.00034,0.00000,0.00028,0.54689,0.00087,0.22804,-0.00052,0.70685,0.00055,0.70736,1,3,0.99960,0.01051,0.00977,-0.02418,0.06050,0.08372,0.63060,0,1
1768333703.592010,-0.01292,-0.00005,-0.01818,-0.00034,0.00046,0.00027,0.54685,0.00087,0.22803,-0.00052,0.70685,0.00055,0.70736,1,3,0.99960,0.01051,0.00977,-0.02418,0.06050,0.08372,0.63060,0,1
1768333703.594034,0.00861,-0.02208,0.02816,-0.00060,-0.00054,0.00070,0.54685,0.00087,0.22803,-0.00052,0.70685,0.00055,0.70736,1,3,0.99960,0.01051,0.00977,-0.02418,0.06050,0.08372,0.63060,0,1
1768333703.596015,0.04012,-0.01558,0.01276,-0.00249,-0.00105,0.00066,0.54681,0.00087,0.22804,-0.00052,0.70685,0.00055,0.70736,1,3,0.99960,0.01051,0.00977,-0.02418,0.06050,0.08372,0.63060,0,1
1768333703.598068,0.00691,0.00292,-0.01840,0.00123,-0.00016,-0.00002,0.54681,0.00087,0.22804,-0.00052,0.70685,0.00055,0.70736,1,3,0.99960,0.01051,0.00977,-0.02418,0.06050,0.08372,0.63060,0,1
1768333703.600011,0.00349,0.00467,0.01193,0.00015,0.00051,0.00014,0.54677,0.00087,0.22804,-0.00052,0.70684,0.00055,0.70737,1,3,0.99960,0.01051,0.00977,-0.02418,0.06050,0.08372,0.63060,0,1
1768333703.602046,-0.00097,-0.00745,-0.01028,0.00023,0.00020,0.00067,0.54677,0.00087,0.22804,-0.00052,0.70684,0.00055,0.70737,1,3,0.99960,0.01051,0.00977,-0.02418,0.06050,0.08372,0.63060,0,1
1768333703.604021,0.00008,0.02205,0.00386,-0.00051,0.00028,-0.00014,0.54673,0.00087,0.22804,-0.00052,0.70684,0.00055,0.70737,1,3,0.99960,0.01051,0.00977,-0.02418,0.06050,0.08372,0.63060,0,1
1768333703.606027,0.02069,0.02010,-0.01891,0.00034,-0.00073,-0.00031,0.54673,0.00087,0.22804,-0.00052,0.70684,0.00055,0.70737,1,3,0.99960,0.01051,0.00977,-0.02418,0.06050,0.08372,0.63060,0,1
1768333703.608034,0.01582,-0.00721,-0.00304,0.00089,-0.00014,-0.00015,0.54673,0.00087,0.22804,-0.00052,0.70684,0.00055,0.70737,1,3,0.99960,0.01051,0.00977,-0.02418,0.06050,0.08372,0.63060,0,1
1768333703.610026,0.01240,-0.00064,-0.00293,-0.00056,0.00029,0.00066,0.54669,0.00087,0.22804,-0.00052,0.70684,0.00055,0.70737,1,3,0.99960,0.01051,0.00977,-0.02418,0.06050,0.08372,0.63060,0,1
1768333703.612056,0.00767,0.00234,0.01953,0.00035,0.00033,0.00001,0.54669,0.00087,0.22804,-0.00052,0.70684,0.00055,0.70737,1,3,0.99960,0.01051,0.00977,-0.02418,0.06050,0.08372,0.63060,0,1
1768333703.614024,-0.00072,0.00827,-0.04883,0.00063,-0.00071,-0.00017,0.54665,0.00087,0.22805,-0.00052,0.70683,0.00055,0.70738,1,3,0.99960,0.01051,0.00977,-0.02418,0.06050,0.08372,0.63060,0,1
1768333703.616048,0.00156,-0.01874,-0.01024,0.00249,-0.00021,-0.00001,0.54665,0.00087,0.22805,-0.00052,0.70683,0.00055,0.70738,1,3,0.99960,0.01051,0.00977,-0.02418,0.06050,0.08372,0.63060,0,1
1768333703.618020,0.02752,-0.01235,0.03568,-0.00245,-0.00166,0.00082,0.54661,0.00087,0.22805,-0.00052,0.70683,0.00055,0.70738,1,3,0.99960,0.01051,0.00977,-0.02418,0.06050,0.08372,0.63060,0,1
1768333703.620020,0.01716,-0.00266,0.00459,-0.00059,-0.00028,0.00013,0.54661,0.00087,0.22805,-0.00052,0.70683,0.00055,0.70738,1,3,0.99960,0.01051,0.00977,-0.02418,0.06050,0.08372,0.63060,0,1
1768333703.622056,0.02018,-0.04449,-0.01733,0.00087,0.00009,-0.00016,0.54656,0.00087,0.22805,-0.00052,0.70683,0.00055,0.70738,1,3,0.99960,0.01051,0.00977,-0.02418,0.06050,0.08372,0.63060,0,1
1768333703.624038,-0.01264,-0.01973,0.04298,-0.00036,0.00059,0.00005,0.54656,0.00087,0.22805,-0.00052,0.70683,0.00055,0.70738,1,3,0.99964,0.01037,0.00861,-0.02331,0.06050,0.08372,0.63061,0,1
1768333703.626062,0.00785,0.03677,-0.00382,-0.00033,-0.00007,0.00065,0.54653,0.00087,0.22806,-0.00052,0.70682,0.00055,0.70739,1,3,0.99964,0.01037,0.00861,-0.02331,0.06050,0.08372,0.63061,0,1
1768333703.628043,0.02018,0.06464,-0.00468,0.00045,-0.00101,0.00010,0.54653,0.00087,0.22806,-0.00052,0.70682,0.00055,0.70739,1,3,0.99964,0.01037,0.00861,-0.02331,0.06050,0.08372,0.63061,0,1
1768333703.630046,0.01246,0.03444,0.01105,-0.00014,-0.00001,-0.00028,0.54648,0.00087,0.22806,-0.00052,0.70682,0.00055,0.70739,1,3,0.99964,0.01037,0.00861,-0.02331,0.06050,0.08372,0.63061,0,1
1768333703.632026,0.01676,-0.01298,0.00468,-0.00028,0.00049,-0.00001,0.54644,0.00087,0.22806,-0.00052,0.70682,0.00055,0.70739,1,3,0.99964,0.01037,0.00861,-0.02331,0.06050,0.08372,0.63061,0,1
1768333703.634047,0.02394,-0.03945,0.03631,-0.00278,-0.00160,0.00057,0.54644,0.00087,0.22806,-0.00052,0.70682,0.00055,0.70739,1,3,0.99964,0.01037,0.00861,-0.02331,0.06050,0.08372,0.63061,0,1
1768333703.636057,-0.01334,0.02067,-0.02621,0.00035,-0.00057,0.00012,0.54640,0.00087,0.22806,-0.00052,0.70682,0.00055,0.70739,1,3,0.99964,0.01037,0.00861,-0.02331,0.06050,0.08372,0.63061,0,1
1768333703.638059,-0.00857,0.02724,-0.00371,-0.00045,0.00013,0.00013,0.54640,0.00087,0.22806,-0.00052,0.70682,0.00055,0.70739,1,3,0.99964,0.01037,0.00861,-0.02331,0.06050,0.08372,0.63061,0,1
1768333703.640054,-0.00875,0.03721,-0.02650,-0.00054,-0.00025,0.00065,0.54636,0.00087,0.22806,-0.00052,0.70682,0.00055,0.70739,1,3,0.99964,0.01037,0.00861,-0.02331,0.06050,0.08372,0.63061,0,1
1768333703.642078,-0.00161,0.00281,-0.00305,0.00101,0.00007,0.00040,0.54636,0.00087,0.22806,-0.00052,0.70682,0.00055,0.70739,1,3,0.99964,0.01037,0.00861,-0.02331,0.06050,0.08372,0.63061,0,1
1768333703.644049,0.00263,0.00062,-0.02579,0.00120,-0.00036,0.00025,0.54632,0.00087,0.22806,-0.00052,0.70682,0.00055,0.70740,1,3,0.99964,0.01037,0.00861,-0.02331,0.06050,0.08372,0.63061,0,1
1768333703.646041,-0.00662,-0.02909,-0.04807,0.00215,0.00053,-0.00016,0.54632,0.00087,0.22806,-0.00052,0.70682,0.00055,0.70740,1,3,0.99964,0.01037,0.00861,-0.02331,0.06050,0.08372,0.63061,0,1
1768333703.648044,-0.03088,-0.02344,-0.01747,0.00112,-0.00007,0.00016,0.54632,0.00087,0.22806,-0.00052,0.70682,0.00055,0.70740,1,3,0.99964,0.01037,0.00861,-0.02331,0.06050,0.08372,0.63061,0,1
1768333703.650042,-0.01402,-0.06353,-0.00906,0.00129,0.00040,0.00002,0.54628,0.00087,0.22806,-0.00052,0.70682,0.00055,0.70739,1,3,0.99964,0.01037,0.00861,-0.02331,0.06050,0.08372,0.63061,0,1
1768333703.652044,0.00823,0.00687,0.04211,-0.00026,0.00070,-0.00011,0.54628,0.00087,0.22806,-0.00052,0.70682,0.00055,0.70739,1,3,0.99964,0.01037,0.00861,-0.02331,0.06050,0.08372,0.63061,0,1
1768333703.654046,0.04052,0.00334,-0.00290,-0.00335,-0.00043,0.00091,0.54624,0.00087,0.22806,-0.00052,0.70682,0.00055,0.70739,1,3,0.99964,0.01037,0.00861,-0.02331,0.06050,0.08372,0.63061,0,1
1768333703.656044,0.02905,0.02398,-0.01149,-0.00005,0.00019,-0.00004,0.54624,0.00087,0.22806,-0.00052,0.70682,0.00055,0.70739,1,3,0.99964,0.01037,0.00861,-0.02331,0.06050,0.08372,0.63061,0,1
1768333703.658072,-0.01449,0.01097,-0.04127,0.00154,-0.00029,-0.00002,0.54620,0.00087,0.22805,-0.00052,0.70682,0.00055,0.70739,1,3,0.99962,0.01031,0.00853,-0.02426,0.06051,0.08373,0.63064,0,1
1768333703.660048,-0.00543,-0.01374,-0.04049,0.00102,-0.00076,0.00025,0.54620,0.00087,0.22805,-0.00052,0.70682,0.00055,0.70739,1,3,0.99962,0.01031,0.00853,-0.02426,0.06051,0.08373,0.63064,0,1
1768333703.662058,0.02921,0.01934,0.00412,-0.00032,-0.00044,0.00051,0.54616,0.00087,0.22806,-0.00052,0.70682,0.00055,0.70739,1,3,0.99962,0.01031,0.00853,-0.02426,0.06051,0.08373,0.63064,0,1
1768333703.664055,0.01144,-0.03019,0.02018,0.00082,0.00107,-0.00012,0.54612,0.00087,0.22806,-0.00052,0.70682,0.00055,0.70739,1,3,0.99962,0.01031,0.00853,-0.02426,0.06051,0.08373,0.63064,0,1
1768333703.666068,0.00198,-0.04456,-0.03984,0.00152,0.00071,0.00065,0.54612,0.00087,0.22806,-0.00052,0.70682,0.00055,0.70739,1,3,0.99962,0.01031,0.00853,-0.02426,0.06051,0.08373,0.63064,0,1
1768333703.668100,-0.02315,-0.01929,-0.02526,0.00139,0.00073,0.00041,0.54608,0.00087,0.22806,-0.00052,0.70682,0.00055,0.70739,1,3,0.99962,0.01031,0.00853,-0.02426,0.06051,0.08373,0.63064,0,1
1768333703.670155,-0.00122,0.00825,-0.01849,0.00107,-0.00045,-0.00015,0.54608,0.00087,0.22806,-0.00052,0.70682,0.00055,0.70739,1,3,0.99962,0.01031,0.00853,-0.02426,0.06051,0.08373,0.63064,0,1
1768333703.672085,0.01504,0.00756,-0.01867,0.00150,0.00011,-0.00017,0.54604,0.00087,0.22806,-0.00052,0.70682,0.00055,0.70739,1,3,0.99962,0.01031,0.00853,-0.02426,0.06051,0.08373,0.63064,0,1
1768333703.674081,0.00640,0.00793,0.00399,0.00194,0.00021,-0.00055,0.54604,0.00087,0.22806,-0.00052,0.70682,0.00055,0.70739,1,3,0.99962,0.01031,0.00853,-0.02426,0.06051,0.08373,0.63064,0,1
1768333703.676081,0.02316,-0.01107,0.02771,-0.00266,0.00004,0.00055,0.54600,0.00087,0.22806,-0.00052,0.70682,0.00055,0.70739,1,3,0.99962,0.01031,0.00853,-0.02426,0.06051,0.08373,0.63064,0,1
1768333703.678070,0.02071,0.04851,0.01090,-0.00062,0.00027,0.00051,0.54600,0.00087,0.22806,-0.00052,0.70682,0.00055,0.70739,1,3,0.99962,0.01031,0.00853,-0.02426,0.06051,0.08373,0.63064,0,1
1768333703.680069,0.02594,0.02230,0.01150,-0.00072,-0.00092,-0.00015,0.54600,0.00087,0.22806,-0.00052,0.70682,0.00055,0.70739,1,3,0.99962,0.01031,0.00853,-0.02426,0.06051,0.08373,0.63064,0,1
1768333703.682064,0.01314,0.02488,0.01929,-0.00091,-0.00089,0.00040,0.54596,0.00087,0.22806,-0.00052,0.70682,0.00055,0.70739,1,3,0.99962,0.01031,0.00853,-0.02426,0.06051,0.08373,0.63064,0,1
1768333703.684091,0.01724,-0.01241,0.02017,-0.00071,-0.00053,0.00041,0.54596,0.00087,0.22806,-0.00052,0.70682,0.00055,0.70739,1,3,0.99962,0.01031,0.00853,-0.02426,0.06051,0.08373,0.63064,0,1
1768333703.686061,0.03303,-0.00882,-0.00292,-0.00022,0.00081,0.00064,0.54592,0.00087,0.22806,-0.00052,0.70682,0.00055,0.70739,1,3,0.99962,0.01031,0.00853,-0.02426,0.06051,0.08373,0.63064,0,1
1768333703.688076,0.02840,0.00492,0.01208,0.00060,-0.00055,0.00052,0.54592,0.00087,0.22806,-0.00052,0.70682,0.00055,0.70739,1,3,0.99962,0.01031,0.00853,-0.02426,0.06051,0.08373,0.63064,0,1
1768333703.690103,-0.00616,-0.02918,-0.02527,0.00171,0.00052,-0.00014,0.54588,0.00087,0.22806,-0.00052,0.70682,0.00055,0.70739,1,3,0.99965,0.01035,0.00895,-0.02278,0.06051,0.08374,0.63075,0,1
1768333703.692082,0.00147,-0.00903,-0.04861,0.00261,0.00004,-0.00031,0.54588,0.00087,0.22806,-0.00052,0.70682,0.00055,0.70739,1,3,0.99965,0.01035,0.00895,-0.02278,0.06051,0.08374,0.63075,0,1
1768333703.694092,0.00017,-0.01128,0.01276,-0.00026,-0.00134,0.00042,0.54584,0.00087,0.22805,-0.00052,0.70683,0.00055,0.70739,1,3,0.99965,0.01035,0.00895,-0.02278,0.06051,0.08374,0.63075,0,1
1768333703.696106,0.02181,0.01040,-0.01065,-0.00087,-0.00161,0.00038,0.54580,0.00087,0.22805,-0.00052,0.70683,0.00055,0.70738,1,3,0.99965,0.01035,0.00895,-0.02278,0.06051,0.08374,0.63075,0,1
1768333703.698099,0.02067,0.00942,-0.00347,-0.00001,0.00017,-0.00003,0.54580,0.00087,0.22805,-0.00052,0.70683,0.00055,0.70738,1,3,0.99965,0.01035,0.00895,-0.02278,0.06051,0.08374,0.63075,0,1
1768333703.700130,0.01125,-0.00300,0.01251,-0.00321,-0.00071,0.00055,0.54576,0.00087,0.22805,-0.00052,0.70683,0.00055,0.70739,1,3,0.99965,0.01035,0.00895,-0.02278,0.06051,0.08374,0.63075,0,1
1768333703.702103,0.00862,0.01214,-0.00337,-0.00063,-0.00006,0.00012,0.54576,0.00087,0.22805,-0.00052,0.70683,0.00055,0.70739,1,3,0.99965,0.01035,0.00895,-0.02278,0.06051,0.08374,0.63075,0,1
1768333703.704107,0.00313,-0.01498,-0.01772,0.00035,0.00029,0.00066,0.54572,0.00087,0.22806,-0.00052,0.70682,0.00055,0.70739,1,3,0.99965,0.01035,0.00895,-0.02278,0.06051,0.08374,0.63075,0,1
1768333703.706106,0.01202,-0.02016,-0.02533,0.00007,0.00031,0.00038,0.54572,0.00087,0.22806,-0.00052,0.70682,0.00055,0.70739,1,3,0.99965,0.01035,0.00895,-0.02278,0.06051,0.08374,0.63075,0,1
1768333703.708116,0.00863,-0.02758,0.00530,-0.00067,0.00023,0.00041,0.54568,0.00087,0.22805,-0.00052,0.70683,0.00055,0.70738,1,3,0.99965,0.01035,0.00895,-0.02278,0.06051,0.08374,0.63075,0,1
1768333703.710114,0.01948,-0.00971,-0.02569,0.00129,-0.00018,0.00010,0.54568,0.00087,0.22805,-0.00052,0.70683,0.00055,0.70738,1,3,0.99965,0.01035,0.00895,-0.02278,0.06051,0.08374,0.63075,0,1
1768333703.712107,0.02686,0.00708,0.04262,-0.00200,-0.00104,0.00069,0.54568,0.00087,0.22805,-0.00052,0.70683,0.00055,0.70738,1,3,0.99965,0.01035,0.00895,-0.02278,0.06051,0.08374,0.63075,0,1
1768333703.714103,0.03331,0.01679,-0.00350,-0.00013,-0.00036,0.00037,0.54564,0.00087,0.22805,-0.00052,0.70683,0.00055,0.70738,1,3,0.99965,0.01035,0.00895,-0.02278,0.06051,0.08374,0.63075,0,1
1768333703.716112,0.02174,-0.00097,-0.01070,-0.00122,0.00030,0.00024,0.54564,0.00087,0.22805,-0.00052,0.70683,0.00055,0.70738,1,3,0.99965,0.01035,0.00895,-0.02278,0.06051,0.08374,0.63075,0,1
1768333703.718091,0.00885,-0.00214,0.01228,-0.00058,-0.00069,0.00014,0.54560,0.00087,0.22805,-0.00052,0.70683,0.00055,0.70738,1,3,0.99965,0.01035,0.00895,-0.02278,0.06051,0.08374,0.63075,0,1
1768333703.720136,0.00384,0.00566,-0.01086,0.00038,-0.00064,-0.00028,0.54560,0.00087,0.22805,-0.00052,0.70683,0.00055,0.70738,1,3,0.99965,0.01035,0.00895,-0.02278,0.06051,0.08374,0.63075,0,1
1768333703.722102,0.01029,-0.01022,-0.01822,0.00172,0.00095,0.00011,0.54556,0.00087,0.22805,-0.00052,0.70683,0.00055,0.70738,1,3,0.99962,0.01037,0.00808,-0.02404,0.06050,0.08373,0.63066,0,1
1768333703.724107,0.02437,0.03119,-0.00397,0.00004,0.00050,0.00037,0.54556,0.00087,0.22805,-0.00052,0.70683,0.00055,0.70738,1,3,0.99962,0.01037,0.00808,-0.02404,0.06050,0.08373,0.63066,0,1
1768333703.726090,-0.01051,-0.01682,-0.01009,0.00142,0.00032,0.00054,0.54552,0.00087,0.22805,-0.00052,0.70683,0.00055,0.70738,1,3,0.99962,0.01037,0.00808,-0.02404,0.06050,0.08373,0.63066,0,1
1768333703.728098,-0.00475,0.02524,0.01912,0.00018,-0.00030,0.00001,0.54548,0.00087,0.22805,-0.00052,0.70683,0.00055,0.70738,1,3,0.99962,0.01037,0.00808,-0.02404,0.06050,0.08373,0.63066,0,1
1768333703.730131,-0.00893,0.02758,0.01151,-0.00001,-0.00012,0.00015,0.54548,0.00087,0.22805,-0.00052,0.70683,0.00055,0.70738,1,3,0.99962,0.01037,0.00808,-0.02404,0.06050,0.08373,0.63066,0,1
1768333703.732162,0.02480,0.02124,0.00366,-0.00008,0.00074,-0.00016,0.54544,0.00087,0.22805,-0.00052,0.70683,0.00055,0.70738,1,3,0.99962,0.01037,0.00808,-0.02404,0.06050,0.08373,0.63066,0,1
1768333703.734117,0.01157,-0.00509,-0.02587,0.00069,0.00029,-0.00003,0.54544,0.00087,0.22805,-0.00052,0.70683,0.00055,0.70738,1,3,0.99962,0.01037,0.00808,-0.02404,0.06050,0.08373,0.63066,0,1
1768333703.736141,-0.00045,-0.03626,-0.02510,0.00075,-0.00031,-0.00055,0.54539,0.00087,0.22805,-0.00052,0.70683,0.00055,0.70738,1,3,0.99962,0.01037,0.00808,-0.02404,0.06050,0.08373,0.63066,0,1
1768333703.738135,-0.01385,-0.03757,-0.00959,0.00161,-0.00115,-0.00025,0.54539,0.00087,0.22805,-0.00052,0.70683,0.00055,0.70738,1,3,0.99962,0.01037,0.00808,-0.02404,0.06050,0.08373,0.63066,0,1
1768333703.740148,0.02436,-0.01711,-0.01027,0.00077,-0.00048,0.00011,0.54539,0.00087,0.22805,-0.00052,0.70683,0.00055,0.70738,1,3,0.99962,0.01037,0.00808,-0.02404,0.06050,0.08373,0.63066,0,1
1768333703.742125,0.03423,0.04078,-0.00410,-0.00137,-0.00001,0.00049,0.54539,0.00087,0.22805,-0.00052,0.70683,0.00055,0.70738,1,3,0.99962,0.01037,0.00808,-0.02404,0.06050,0.08373,0.63066,0,1
1768333703.744112,0.01979,0.01823,-0.01131,0.00010,0.00145,0.00050,0.54535,0.00087,0.22804,-0.00052,0.70684,0.00055,0.70737,1,3,0.99962,0.01037,0.00808,-0.02404,0.06050,0.08373,0.63066,0,1
1768333703.746111,0.00428,-0.02017,-0.00990,-0.00080,0.00015,0.00080,0.54535,0.00087,0.22804,-0.00052,0.70684,0.00055,0.70737,1,3,0.99962,0.01037,0.00808,-0.02404,0.06050,0.08373,0.63066,0,1
1768333703.748129,0.04187,-0.03692,-0.01747,0.00053,-0.00094,-0.00018,0.54531,0.00087,0.22804,-0.00052,0.70684,0.00055,0.70737,1,3,0.99962,0.01037,0.00808,-0.02404,0.06050,0.08373,0.63066,0,1
1768333703.750111,0.00843,-0.05590,-0.03192,0.00029,-0.00102,-0.00001,0.54527,0.00087,0.22804,-0.00052,0.70684,0.00055,0.70737,1,3,0.99962,0.01037,0.00808,-0.02404,0.06050,0.08373,0.63066,0,1
1768333703.752123,-0.00161,-0.04187,-0.02475,0.00112,0.00049,0.00040,0.54527,0.00087,0.22804,-0.00052,0.70684,0.00055,0.70737,1,3,0.99962,0.01037,0.00808,-0.02404,0.06050,0.08373,0.63066,0,1
1768333703.754113,0.00747,0.05573,-0.01231,-0.00010,0.00118,0.00010,0.54523,0.00087,0.22805,-0.00052,0.70684,0.00055,0.70738,1,3,0.99962,0.01037,0.00808,-0.02404,0.06050,0.08373,0.63066,0,1
1768333703.756128,0.00446,0.05001,-0.01954,-0.00039,-0.00094,-0.00030,0.54523,0.00087,0.22805,-0.00052,0.70684,0.00055,0.70738,1,3,0.99962,0.01037,0.00808,-0.02404,0.06050,0.08373,0.63066,0,1
1768333703.758111,0.01897,0.01247,0.01959,-0.00215,-0.00133,0.00014,0.54523,0.00087,0.22805,-0.00052,0.70684,0.00055,0.70738,1,3,0.99965,0.01032,0.00718,-0.02341,0.06052,0.08375,0.63079,0,1
1768333703.760134,-0.00414,-0.04898,0.02118,-0.00028,-0.00024,0.00044,0.54519,0.00087,0.22804,-0.00052,0.70684,0.00055,0.70737,1,3,0.99965,0.01032,0.00718,-0.02341,0.06052,0.08375,0.63079,0,1
1768333703.762135,-0.02574,-0.03578,0.00574,0.00032,-0.00050,0.00031,0.54519,0.00087,0.22804,-0.00052,0.70684,0.00055,0.70737,1,3,0.99965,0.01032,0.00718,-0.02341,0.06052,0.08375,0.63079,0,1
1768333703.764142,0.00466,-0.00466,0.01211,-0.00040,-0.00027,-0.00039,0.54511,0.00087,0.22804,-0.00052,0.70684,0.00055,0.70737,1,3,0.99965,0.01032,0.00718,-0.02341,0.06052,0.08375,0.63079,0,1
1768333703.766130,0.02753,-0.00031,-0.04136,0.00162,0.00035,-0.00020,0.54511,0.00087,0.22804,-0.00052,0.70684,0.00055,0.70737,1,3,0.99965,0.01032,0.00718,-0.02341,0.06052,0.08375,0.63079,0,1
1768333703.768140,0.03344,0.02214,-0.01880,-0.00007,-0.00088,0.00022,0.54507,0.00087,0.22804,-0.00052,0.70684,0.00055,0.70737,1,3,0.99965,0.01032,0.00718,-0.02341,0.06052,0.08375,0.63079,0,1
1768333703.770149,0.01284,-0.00562,0.00451,-0.00063,0.00053,-0.00001,0.54507,0.00087,0.22804,-0.00052,0.70684,0.00055,0.70737,1,3,0.99965,0.01032,0.00718,-0.02341,0.06052,0.08375,0.63079,0,1
1768333703.772134,-0.01245,0.00074,0.01959,-0.00011,-0.00019,-0.00051,0.54503,0.00087,0.22805,-0.00052,0.70684,0.00055,0.70737,1,3,0.99965,0.01032,0.00718,-0.02341,0.06052,0.08375,0.63079,0,1
1768333703.774130,0.01177,-0.01519,-0.01034,0.00035,0.00043,0.00025,0.54503,0.00087,0.22805,-0.00052,0.70684,0.00055,0.70737,1,3,0.99965,0.01032,0.00718,-0.02341,0.06052,0.08375,0.63079,0,1
1768333703.776146,0.02938,0.01054,-0.01070,0.00001,-0.00170,0.00037,0.54503,0.00087,0.22805,-0.00052,0.70684,0.00055,0.70737,1,3,0.99965,0.01032,0.00718,-0.02341,0.06052,0.08375,0.63079,0,1
1768333703.778150,-0.00978,0.00739,-0.01085,0.00062,0.00067,0.00027,0.54503,0.00087,0.22805,-0.00052,0.70684,0.00055,0.70737,1,3,0.99965,0.01032,0.00718,-0.02341,0.06052,0.08375,0.63079,0,1
1768333703.780162,0.00789,-0.01696,0.01258,0.00033,-0.00029,0.00014,0.54499,0.00087,0.22805,-0.00052,0.70684,0.00055,0.70737,1,3,0.99965,0.01032,0.00718,-0.02341,0.06052,0.08375,0.63079,0,1
1768333703.782149,0.01351,0.00547,-0.03359,-0.00071,-0.00114,-0.00030,0.54499,0.00087,0.22805,-0.00052,0.70684,0.00055,0.70737,1,3,0.99965,0.01032,0.00718,-0.02341,0.06052,0.08375,0.63079,0,1
1768333703.784150,0.00370,-0.03020,0.03561,-0.00005,0.00092,0.00030,0.54495,0.00087,0.22805,-0.00052,0.70684,0.00055,0.70737,1,3,0.99965,0.01032,0.00718,-0.02341,0.06052,0.08375,0.63079,0,1
1768333703.786148,-0.01343,0.00973,-0.01824,-0.00022,0.00047,0.00080,0.54495,0.00087,0.22805,-0.00052,0.70684,0.00055,0.70737,1,3,0.99965,0.01032,0.00718,-0.02341,0.06052,0.08375,0.63079,0,1
1768333703.788147,0.00044,0.00319,-0.00319,-0.00030,-0.00073,-0.00040,0.54491,0.00087,0.22805,-0.00052,0.70684,0.00055,0.70737,1,3,0.99965,0.01032,0.00718,-0.02341,0.06052,0.08375,0.63079,0,1
1768333703.790150,0.01243,0.00007,-0.01800,-0.00034,-0.00060,0.00065,0.54491,0.00087,0.22805,-0.00052,0.70684,0.00055,0.70737,1,3,0.99964,0.01038,0.00842,-0.02308,0.06051,0.08374,0.63070,0,1
1768333703.792166,0.02932,0.00410,-0.00316,-0.00050,0.00008,0.00051,0.54487,0.00087,0.22805,-0.00052,0.70684,0.00055,0.70737,1,3,0.99964,0.01038,0.00842,-0.02308,0.06051,0.08374,0.63070,0,1
1768333703.794149,0.00827,0.01737,0.02720,-0.00056,-0.00056,0.00082,0.54483,0.00087,0.22805,-0.00052,0.70684,0.00055,0.70737,1,3,0.99964,0.01038,0.00842,-0.02308,0.06051,0.08374,0.63070,0,1
1768333703.796175,0.00438,-0.00056,0.01213,-0.00078,0.00051,0.00028,0.54483,0.00087,0.22805,-0.00052,0.70684,0.00055,0.70737,1,3,0.99964,0.01038,0.00842,-0.02308,0.06051,0.08374,0.63070,0,1
1768333703.798158,0.01306,-0.02002,-0.01763,-0.00080,-0.00021,0.00039,0.54479,0.00087,0.22804,-0.00052,0.70684,0.00055,0.70737,1,3,0.99964,0.01038,0.00842,-0.02308,0.06051,0.08374,0.63070,0,1
1768333703.800398,0.01915,-0.02981,-0.03281,0.00149,0.00035,0.00023,0.54475,0.00087,0.22804,-0.00052,0.70684,0.00055,0.70737,1,3,0.99964,0.01038,0.00842,-0.02308,0.06051,0.08374,0.63070,0,1
1768333703.802169,0.02144,0.00453,-0.00322,-0.00072,-0.00021,0.00011,0.54475,0.00087,0.22804,-0.00052,0.70684,0.00055,0.70737,1,3,0.99964,0.01038,0.00842,-0.02308,0.06051,0.08374,0.63070,0,1
1768333703.804162,0.03253,0.02401,0.00414,-0.00332,-0.00125,0.00038,0.54475,0.00087,0.22804,-0.00052,0.70684,0.00055,0.70737,1,3,0.99964,0.01038,0.00842,-0.02308,0.06051,0.08374,0.63070,0,1
1768333703.806167,-0.00456,0.01013,0.01204,-0.00022,-0.00015,0.00042,0.54471,0.00087,0.22805,-0.00052,0.70684,0.00055,0.70738,1,3,0.99964,0.01038,0.00842,-0.02308,0.06051,0.08374,0.63070,0,1
1768333703.808159,0.00288,-0.00018,-0.01034,0.00032,0.00016,0.00107,0.54471,0.00087,0.22805,-0.00052,0.70684,0.00055,0.70738,1,3,0.99964,0.01038,0.00842,-0.02308,0.06051,0.08374,0.63070,0,1
1768333703.810166,0.01612,-0.01280,-0.02553,0.00016,0.00025,0.00037,0.54467,0.00087,0.22805,-0.00052,0.70684,0.00055,0.70738,1,3,0.99964,0.01038,0.00842,-0.02308,0.06051,0.08374,0.63070,0,1
1768333703.812175,-0.00103,-0.01670,-0.01796,0.00099,-0.00006,-0.00028,0.54467,0.00087,0.22805,-0.00052,0.70684,0.00055,0.70738,1,3,0.99964,0.01038,0.00842,-0.02308,0.06051,0.08374,0.63070,0,1
1768333703.814170,0.02548,-0.02305,-0.01016,-0.00062,0.00027,0.00024,0.54467,0.00087,0.22805,-0.00052,0.70684,0.00055,0.70738,1,3,0.99964,0.01038,0.00842,-0.02308,0.06051,0.08374,0.63070,0,1
1768333703.816189,0.01616,0.02643,-0.00391,-0.00002,0.00059,0.00011,0.54462,0.00087,0.22805,-0.00052,0.70684,0.00055,0.70738,1,3,0.99964,0.01038,0.00842,-0.02308,0.06051,0.08374,0.63070,0,1
1768333703.818170,0.01496,-0.01245,-0.02593,0.00169,0.00063,-0.00044,0.54462,0.00087,0.22805,-0.00052,0.70684,0.00055,0.70738,1,3,0.99964,0.01038,0.00842,-0.02308,0.06051,0.08374,0.63070,0,1
1768333703.820190,0.00819,0.03703,0.01902,-0.00054,-0.00045,0.00067,0.54459,0.00087,0.22805,-0.00052,0.70684,0.00055,0.70738,1,3,0.99964,0.01038,0.00842,-0.02308,0.06051,0.08374,0.63070,0,1
1768333703.822175,0.00055,0.00284,-0.00324,-0.00052,-0.00035,-0.00040,0.54459,0.00087,0.22805,-0.00052,0.70684,0.00055,0.70738,1,3,0.99964,0.01038,0.00842,-0.02308,0.06051,0.08374,0.63070,0,1
1768333703.824179,0.01544,-0.00273,0.01982,0.00072,0.00025,0.00054,0.54455,0.00087,0.22805,-0.00052,0.70683,0.00055,0.70738,1,3,0.99964,0.01038,0.00842,-0.02308,0.06051,0.08374,0.63070,0,1
1768333703.826189,0.01576,-0.02735,-0.01755,0.00064,0.00014,0.00038,0.54455,0.00087,0.22805,-0.00052,0.70683,0.00055,0.70738,1,3,0.99964,0.01038,0.00842,-0.02308,0.06051,0.08374,0.63070,0,1
1768333703.828214,0.01074,0.02175,0.03471,-0.00291,-0.00073,0.00069,0.54451,0.00087,0.22805,-0.00052,0.70683,0.00055,0.70738,1,3,0.99963,0.01037,0.00864,-0.02348,0.06052,0.08375,0.63081,0,1
1768333703.830202,0.00231,0.01760,0.01984,-0.00275,-0.00151,0.00083,0.54451,0.00087,0.22805,-0.00052,0.70683,0.00055,0.70738,1,3,0.99963,0.01037,0.00864,-0.02348,0.06052,0.08375,0.63081,0,1
1768333703.832180,-0.00417,-0.00420,0.02735,0.00005,-0.00042,-0.00037,0.54447,0.00087,0.22806,-0.00052,0.70683,0.00055,0.70739,1,3,0.99963,0.01037,0.00864,-0.02348,0.06052,0.08375,0.63081,0,1
1768333703.834188,0.02875,0.02450,-0.00384,0.00040,-0.00032,-0.00004,0.54443,0.00087,0.22805,-0.00052,0.70683,0.00055,0.70738,1,3,0.99963,0.01037,0.00864,-0.02348,0.06052,0.08375,0.63081,0,1
1768333703.836185,0.02832,0.00475,-0.01091,0.00081,-0.00017,0.00010,0.54443,0.00087,0.22805,-0.00052,0.70683,0.00055,0.70738,1,3,0.99963,0.01037,0.00864,-0.02348,0.06052,0.08375,0.63081,0,1
1768333703.838191,0.01511,-0.01541,0.05823,-0.00271,-0.00038,0.00031,0.54439,0.00087,0.22806,-0.00052,0.70683,0.00055,0.70739,1,3,0.99963,0.01037,0.00864,-0.02348,0.06052,0.08375,0.63081,0,1
1768333703.840259,0.00800,-0.01740,-0.00248,-0.00011,-0.00003,0.00054,0.54439,0.00087,0.22806,-0.00052,0.70683,0.00055,0.70739,1,3,0.99963,0.01037,0.00864,-0.02348,0.06052,0.08375,0.63081,0,1
1768333703.842201,0.00766,-0.01267,-0.02551,0.00016,0.00035,0.00038,0.54435,0.00087,0.22806,-0.00052,0.70683,0.00055,0.70739,1,3,0.99963,0.01037,0.00864,-0.02348,0.06052,0.08375,0.63081,0,1
1768333703.844197,-0.00487,0.02556,-0.00363,0.00041,-0.00068,-0.00000,0.54435,0.00087,0.22806,-0.00052,0.70683,0.00055,0.70739,1,3,0.99963,0.01037,0.00864,-0.02348,0.06052,0.08375,0.63081,0,1
1768333703.846186,0.01532,0.01982,0.03481,-0.00294,-0.00154,0.00056,0.54431,0.00087,0.22806,-0.00052,0.70683,0.00055,0.70739,1,3,0.99963,0.01037,0.00864,-0.02348,0.06052,0.08375,0.63081,0,1
1768333703.848188,0.02016,0.00439,0.00425,0.00037,0.00044,0.00012,0.54431,0.00087,0.22806,-0.00052,0.70683,0.00055,0.70739,1,3,0.99963,0.01037,0.00864,-0.02348,0.06052,0.08375,0.63081,0,1
1768333703.850188,0.00570,-0.00203,-0.01831,0.00226,0.00024,0.00011,0.54431,0.00087,0.22806,-0.00052,0.70683,0.00055,0.70739,1,3,0.99963,0.01037,0.00864,-0.02348,0.06052,0.08375,0.63081,0,1
1768333703.852218,0.00827,0.01695,-0.01138,-0.00013,0.00044,-0.00043,0.54427,0.00087,0.22806,-0.00052,0.70683,0.00055,0.70738,1,3,0.99963,0.01037,0.00864,-0.02348,0.06052,0.08375,0.63081,0,1
1768333703.854222,0.00302,-0.00961,0.00493,0.00064,-0.00010,0.00054,0.54427,0.00087,0.22806,-0.00052,0.70683,0.00055,0.70738,1,3,0.99963,0.01037,0.00864,-0.02348,0.06052,0.08375,0.63081,0,1
1768333703.856214,-0.00413,-0.02333,0.02800,0.00025,-0.00116,-0.00023,0.54423,0.00087,0.22806,-0.00052,0.70683,0.00055,0.70739,1,3,0.99963,0.01037,0.00864,-0.02348,0.06052,0.08375,0.63081,0,1
1768333703.858207,0.01078,-0.02455,-0.00996,0.00133,0.00007,0.00053,0.54423,0.00087,0.22806,-0.00052,0.70683,0.00055,0.70739,1,3,0.99963,0.01037,0.00864,-0.02348,0.06052,0.08375,0.63081,0,1
1768333703.860245,0.02721,0.00317,0.03503,-0.00161,-0.00206,0.00001,0.54419,0.00087,0.22806,-0.00052,0.70683,0.00055,0.70739,1,3,0.99963,0.01037,0.00864,-0.02348,0.06052,0.08375,0.63081,0,1
1768333703.862213,0.02432,0.02189,-0.00387,0.00058,0.00011,-0.00017,0.54419,0.00087,0.22806,-0.00052,0.70683,0.00055,0.70739,1,3,0.99963,0.01037,0.00864,-0.02348,0.06052,0.08375,0.63081,0,1
1768333703.864223,-0.00436,-0.02458,0.06576,0.00002,0.00049,-0.00021,0.54414,0.00087,0.22805,-0.00052,0.70683,0.00055,0.70739,1,3,0.99963,0.01031,0.00758,-0.02384,0.06052,0.08376,0.63088,0,1
1768333703.866214,0.00834,0.01142,0.02687,-0.00064,0.00095,0.00014,0.54414,0.00087,0.22805,-0.00052,0.70683,0.00055,0.70739,1,3,0.99963,0.01031,0.00758,-0.02384,0.06052,0.08376,0.63088,0,1
1768333703.868218,0.03488,0.02198,0.04981,-0.00160,-0.00127,0.00068,0.54410,0.00087,0.22805,-0.00052,0.70683,0.00055,0.70738,1,3,0.99963,0.01031,0.00758,-0.02384,0.06052,0.08376,0.63088,0,1
1768333703.870215,0.01409,-0.01233,-0.03321,0.00213,0.00040,0.00036,0.54406,0.00087,0.22806,-0.00052,0.70683,0.00055,0.70739,1,3,0.99963,0.01031,0.00758,-0.02384,0.06052,0.08376,0.63088,0,1
1768333703.872205,-0.00525,-0.01469,0.00530,0.00014,0.00001,0.00109,0.54406,0.00087,0.22806,-0.00052,0.70683,0.00055,0.70739,1,3,0.99963,0.01031,0.00758,-0.02384,0.06052,0.08376,0.63088,0,1
1768333703.874231,-0.00508,-0.01975,-0.01767,0.00029,0.00039,0.00040,0.54402,0.00087,0.22805,-0.00052,0.70683,0.00055,0.70738,1,3,0.99963,0.01031,0.00758,-0.02384,0.06052,0.08376,0.63088,0,1
1768333703.876200,0.01288,-0.00492,0.01999,-0.00062,-0.00048,0.00041,0.54402,0.00087,0.22805,-0.00052,0.70683,0.00055,0.70738,1,3,0.99963,0.01031,0.00758,-0.02384,0.06052,0.08376,0.63088,0,1
1768333703.878220,0.00671,-0.00191,-0.06396,0.00160,-0.00016,-0.00033,0.54398,0.00087,0.22805,-0.00052,0.70683,0.00055,0.70738,1,3,0.99963,0.01031,0.00758,-0.02384,0.06052,0.08376,0.63088,0,1
1768333703.880217,0.00297,0.00586,-0.00312,0.00104,-0.00075,0.00013,0.54398,0.00087,0.22805,-0.00052,0.70683,0.00055,0.70738,1,3,0.99963,0.01031,0.00758,-0.02384,0.06052,0.08376,0.63088,0,1
1768333703.882205,0.01217,0.00019,0.00441,0.00032,-0.00023,-0.00014,0.54394,0.00087,0.22805,-0.00052,0.70683,0.00055,0.70738,1,3,0.99963,0.01031,0.00758,-0.02384,0.06052,0.08376,0.63088,0,1
1768333703.884229,0.01008,-0.03700,0.00585,-0.00188,-0.00092,0.00069,0.54394,0.00087,0.22805,-0.00052,0.70683,0.00055,0.70738,1,3,0.99963,0.01031,0.00758,-0.02384,0.06052,0.08376,0.63088,0,1
1768333703.886231,0.01522,0.00237,-0.04888,0.00122,0.00025,-0.00006,0.54394,0.00087,0.22805,-0.00052,0.70683,0.00055,0.70738,1,3,0.99963,0.01031,0.00758,-0.02384,0.06052,0.08376,0.63088,0,1
1768333703.888232,-0.00242,-0.04634,-0.01714,0.00216,0.00037,0.00013,0.54390,0.00087,0.22805,-0.00052,0.70683,0.00055,0.70738,1,3,0.99963,0.01031,0.00758,-0.02384,0.06052,0.08376,0.63088,0,1
1768333703.890232,-0.00859,0.00303,0.01971,-0.00009,-0.00023,0.00003,0.54390,0.00087,0.22805,-0.00052,0.70683,0.00055,0.70738,1,3,0.99963,0.01031,0.00758,-0.02384,0.06052,0.08376,0.63088,0,1
1768333703.892231,0.03792,-0.00427,-0.00274,0.00005,-0.00192,0.00037,0.54386,0.00087,0.22805,-0.00052,0.70683,0.00055,0.70738,1,3,0.99963,0.01031,0.00758,-0.02384,0.06052,0.08376,0.63088,0,1
1768333703.894238,0.03374,0.05140,-0.01199,-0.00059,-0.00065,0.00022,0.54386,0.00087,0.22805,-0.00052,0.70683,0.00055,0.70738,1,3,0.99960,0.01028,0.00970,-0.02443,0.06048,0.08369,0.63039,0,1
1768333703.896234,0.03763,0.03342,-0.00416,-0.00037,0.00033,0.00008,0.54382,0.00087,0.22805,-0.00052,0.70683,0.00055,0.70738,1,3,0.99960,0.01028,0.00970,-0.02443,0.06048,0.08369,0.63039,0,1
1768333703.898240,-0.01437,0.00567,-0.01835,0.00126,0.00009,0.00013,0.54382,0.00087,0.22805,-0.00052,0.70683,0.00055,0.70738,1,3,0.99960,0.01028,0.00970,-0.02443,0.06048,0.08369,0.63039,0,1
1768333703.900238,0.01247,-0.03017,-0.00994,-0.00027,0.00043,0.00026,0.54378,0.00087,0.22805,-0.00052,0.70683,0.00055,0.70738,1,3,0.99960,0.01028,0.00970,-0.02443,0.06048,0.08369,0.63039,0,1
1768333703.902241,-0.00372,-0.05399,0.00584,-0.00034,0.00000,-0.00024,0.54374,0.00087,0.22805,-0.00052,0.70683,0.00055,0.70738,1,3,0.99960,0.01028,0.00970,-0.02443,0.06048,0.08369,0.63039,0,1
1768333703.904241,0.00920,-0.03663,0.04363,-0.00078,-0.00079,0.00031,0.54374,0.00087,0.22805,-0.00052,0.70683,0.00055,0.70738,1,3,0.99960,0.01028,0.00970,-0.02443,0.06048,0.08369,0.63039,0,1
1768333703.906246,0.00981,0.03006,-0.01889,0.00199,-0.00021,0.00064,0.54370,0.00087,0.22805,-0.00052,0.70684,0.00055,0.70738,1,3,0.99960,0.01028,0.00970,-0.02443,0.06048,0.08369,0.63039,0,1
1768333703.908242,-0.00071,0.03230,0.01922,-0.00016,-0.00034,0.00082,0.54370,0.00087,0.22805,-0.00052,0.70684,0.00055,0.70738,1,3,0.99960,0.01028,0.00970,-0.02443,0.06048,0.08369,0.63039,0,1
1768333703.910237,0.01711,0.04252,-0.00401,-0.00048,-0.00133,0.00011,0.54366,0.00087,0.22805,-0.00052,0.70684,0.00055,0.70738,1,3,0.99960,0.01028,0.00970,-0.02443,0.06048,0.08369,0.63039,0,1
1768333703.912216,-0.00237,0.00353,-0.03373,0.00232,-0.00019,-0.00043,0.54366,0.00087,0.22805,-0.00052,0.70684,0.00055,0.70738,1,3,0.99960,0.01028,0.00970,-0.02443,0.06048,0.08369,0.63039,0,1
1768333703.914260,0.01253,-0.03492,-0.02509,-0.00011,0.00031,-0.00002,0.54366,0.00087,0.22805,-0.00052,0.70684,0.00055,0.70738,1,3,0.99960,0.01028,0.00970,-0.02443,0.06048,0.08369,0.63039,0,1
1768333703.916238,0.02518,-0.01763,-0.01770,-0.00033,-0.00036,0.00051,0.54362,0.00087,0.22805,-0.00052,0.70684,0.00055,0.70738,1,3,0.99960,0.01028,0.00970,-0.02443,0.06048,0.08369,0.63039,0,1
1768333703.918254,0.02337,-0.02036,0.01264,-0.00233,-0.00047,-0.00000,0.54362,0.00087,0.22805,-0.00052,0.70684,0.00055,0.70738,1,3,0.99960,0.01028,0.00970,-0.02443,0.06048,0.08369,0.63039,0,1
1768333703.920230,0.00204,-0.00462,-0.03329,0.00157,0.00016,0.00038,0.54358,0.00087,0.22805,-0.00052,0.70684,0.00055,0.70738,1,3,0.99960,0.01028,0.00970,-0.02443,0.06048,0.08369,0.63039,0,1
1768333703.922249,0.00002,0.01190,0.01177,-0.00063,0.00055,0.00014,0.54358,0.00087,0.22805,-0.00052,0.70684,0.00055,0.70738,1,3,0.99960,0.01028,0.00970,-0.02443,0.06048,0.08369,0.63039,0,1
1768333703.924257,0.00458,-0.03837,-0.01721,0.00007,-0.00125,-0.00027,0.54354,0.00087,0.22804,-0.00052,0.70684,0.00055,0.70737,1,3,0.99960,0.01028,0.00970,-0.02443,0.06048,0.08369,0.63039,0,1
1768333703.926238,0.01236,-0.03973,-0.01730,0.00005,0.00019,0.00012,0.54354,0.00087,0.22804,-0.00052,0.70684,0.00055,0.70737,1,3,0.99963,0.01047,0.00830,-0.02356,0.06050,0.08373,0.63070,0,1
1768333703.928247,-0.00144,-0.03203,-0.04048,0.00124,0.00072,-0.00029,0.54350,0.00087,0.22804,-0.00052,0.70684,0.00055,0.70737,1,3,0.99963,0.01047,0.00830,-0.02356,0.06050,0.08373,0.63070,0,1
1768333703.930238,0.00211,0.00054,-0.04103,0.00163,-0.00010,0.00023,0.54350,0.00087,0.22804,-0.00052,0.70684,0.00055,0.70737,1,3,0.99963,0.01047,0.00830,-0.02356,0.06050,0.08373,0.63070,0,1
1768333703.932240,0.00386,0.01135,-0.02611,0.00067,-0.00154,-0.00043,0.54346,0.00087,0.22804,-0.00052,0.70684,0.00055,0.70737,1,3,0.99963,0.01047,0.00830,-0.02356,0.06050,0.08373,0.63070,0,1
1768333703.934251,-0.00509,0.02499,-0.00373,0.00040,0.00009,-0.00000,0.54342,0.00086,0.22805,-0.00052,0.70684,0.00055,0.70738,1,3,0.99963,0.01047,0.00830,-0.02356,0.06050,0.08373,0.63070,0,1
1768333703.936256,0.02946,0.01442,-0.01864,-0.00038,-0.00044,0.00022,0.54342,0.00086,0.22805,-0.00052,0.70684,0.00055,0.70738,1,3,0.99963,0.01047,0.00830,-0.02356,0.06050,0.08373,0.63070,0,1
1768333703.938237,-0.00517,-0.03929,0.00588,0.00028,0.00003,0.00097,0.54338,0.00086,0.22804,-0.00052,0.70684,0.00055,0.70737,1,3,0.99963,0.01047,0.00830,-0.02356,0.06050,0.08373,0.63070,0,1
1768333703.940253,-0.00601,-0.05357,-0.00946,0.00185,0.00029,-0.00026,0.54338,0.00086,0.22804,-0.00052,0.70684,0.00055,0.70737,1,3,0.99963,0.01047,0.00830,-0.02356,0.06050,0.08373,0.63070,0,1
1768333703.942245,0.00818,-0.04728,-0.00954,-0.00004,0.00050,0.00013,0.54334,0.00086,0.22805,-0.00052,0.70684,0.00055,0.70737,1,3,0.99963,0.01047,0.00830,-0.02356,0.06050,0.08373,0.63070,0,1
1768333703.944253,0.02793,0.02911,0.01900,0.00067,0.00008,0.00065,0.54334,0.00086,0.22805,-0.00052,0.70684,0.00055,0.70737,1,3,0.99963,0.01047,0.00830,-0.02356,0.06050,0.08373,0.63070,0,1
1768333703.946252,0.02930,0.05378,-0.01219,-0.00034,-0.00022,-0.00005,0.54334,0.00086,0.22805,-0.00052,0.70684,0.00055,0.70737,1,3,0.99963,0.01047,0.00830,-0.02356,0.06050,0.08373,0.63070,0,1
1768333703.948256,0.02547,0.03151,-0.00383,-0.00083,-0.00028,0.00037,0.54330,0.00086,0.22805,-0.00052,0.70684,0.00055,0.70737,1,3,0.99963,0.01047,0.00830,-0.02356,0.06050,0.08373,0.63070,0,1
1768333703.950292,0.01554,0.03166,0.01127,0.00048,0.00035,0.00039,0.54330,0.00086,0.22805,-0.00052,0.70684,0.00055,0.70737,1,3,0.99963,0.01047,0.00830,-0.02356,0.06050,0.08373,0.63070,0,1
1768333703.952292,0.00282,0.01028,-0.04100,0.00066,-0.00049,0.00077,0.54326,0.00086,0.22805,-0.00052,0.70684,0.00055,0.70737,1,3,0.99963,0.01047,0.00830,-0.02356,0.06050,0.08373,0.63070,0,1
1768333703.954253,0.00789,-0.02195,0.01276,0.00027,-0.00028,0.00028,0.54326,0.00086,0.22805,-0.00052,0.70684,0.00055,0.70737,1,3,0.99963,0.01047,0.00830,-0.02356,0.06050,0.08373,0.63070,0,1
1768333703.956255,0.00855,-0.00285,0.01197,-0.00037,0.00045,-0.00027,0.54322,0.00086,0.22805,-0.00052,0.70684,0.00055,0.70737,1,3,0.99963,0.01047,0.00830,-0.02356,0.06050,0.08373,0.63070,0,1
1768333703.958258,0.00608,-0.01732,-0.03299,0.00164,0.00051,0.00051,0.54322,0.00086,0.22805,-0.00052,0.70684,0.00055,0.70737,1,3,0.99962,0.01037,0.00877,-0.02384,0.06049,0.08371,0.63055,0,1
1768333703.960276,-0.01740,0.00289,-0.00311,0.00013,0.00025,0.00001,0.54318,0.00086,0.22805,-0.00052,0.70684,0.00055,0.70738,1,3,0.99962,0.01037,0.00877,-0.02384,0.06049,0.08371,0.63055,0,1
1768333703.962260,0.02906,0.00912,0.00406,-0.00001,0.00032,-0.00003,0.54314,0.00086,0.22805,-0.00052,0.70683,0.00055,0.70738,1,3,0.99962,0.01037,0.00877,-0.02384,0.06049,0.08371,0.63055,0,1
1768333703.964272,-0.00072,-0.02723,-0.01749,0.00020,0.00034,0.00040,0.54314,0.00086,0.22805,-0.00052,0.70683,0.00055,0.70738,1,3,0.99962,0.01037,0.00877,-0.02384,0.06049,0.08371,0.63055,0,1
1768333703.966294,0.01265,-0.06375,-0.01662,0.00020,-0.00056,-0.00000,0.54310,0.00086,0.22805,-0.00052,0.70684,0.00055,0.70738,1,3,0.99962,0.01037,0.00877,-0.02384,0.06049,0.08371,0.63055,0,1
1768333703.968277,-0.00506,-0.03385,-0.02495,0.00078,-0.00024,-0.00000,0.54310,0.00086,0.22805,-0.00052,0.70684,0.00055,0.70738,1,3,0.99962,0.01037,0.00877,-0.02384,0.06049,0.08371,0.63055,0,1
1768333703.970279,-0.00467,-0.01429,0.02023,0.00014,-0.00026,0.00030,0.54306,0.00086,0.22806,-0.00052,0.70683,0.00055,0.70738,1,3,0.99962,0.01037,0.00877,-0.02384,0.06049,0.08371,0.63055,0,1
1768333703.972265,0.04469,0.01105,0.01937,-0.00282,-0.00050,0.00011,0.54306,0.00086,0.22806,-0.00052,0.70683,0.00055,0.70738,1,3,0.99962,0.01037,0.00877,-0.02384,0.06049,0.08371,0.63055,0,1
1768333703.974296,0.01915,-0.00758,0.00493,-0.00240,-0.00106,0.00027,0.54302,0.00086,0.22805,-0.00052,0.70683,0.00055,0.70738,1,3,0.99962,0.01037,0.00877,-0.02384,0.06049,0.08371,0.63055,0,1
1768333703.976280,-0.00129,0.01305,-0.01111,0.00113,-0.00021,-0.00028,0.54302,0.00086,0.22805,-0.00052,0.70683,0.00055,0.70738,1,3,0.99962,0.01037,0.00877,-0.02384,0.06049,0.08371,0.63055,0,1
1768333703.978278,0.02077,0.01035,-0.00332,0.00022,-0.00097,-0.00002,0.54302,0.00086,0.22805,-0.00052,0.70683,0.00055,0.70738,1,3,0.99962,0.01037,0.00877,-0.02384,0.06049,0.08371,0.63055,0,1
1768333703.980288,-0.00084,0.01295,0.01169,0.00069,-0.00021,-0.00026,0.54298,0.00086,0.22805,-0.00052,0.70683,0.00055,0.70738,1,3,0.99962,0.01037,0.00877,-0.02384,0.06049,0.08371,0.63055,0,1
1768333703.982296,0.01361,-0.01050,0.00477,-0.00134,0.00015,0.00013,0.54298,0.00086,0.22805,-0.00052,0.70683,0.00055,0.70738,1,3,0.99962,0.01037,0.00877,-0.02384,0.06049,0.08371,0.63055,0,1
1768333703.984297,-0.00664,-0.00997,-0.01817,0.00172,0.00115,0.00012,0.54294,0.00086,0.22806,-0.00052,0.70683,0.00055,0.70738,1,3,0.99962,0.01037,0.00877,-0.02384,0.06049,0.08371,0.63055,0,1
1768333703.986308,0.00288,0.02059,-0.01888,0.00122,-0.00052,-0.00029,0.54294,0.00086,0.22806,-0.00052,0.70683,0.00055,0.70738,1,3,0.99962,0.01037,0.00877,-0.02384,0.06049,0.08371,0.63055,0,1
1768333703.988271,0.01019,-0.01902,-0.04843,0.00249,-0.00006,-0.00045,0.54290,0.00086,0.22806,-0.00052,0.70683,0.00055,0.70739,1,3,0.99962,0.01037,0.00877,-0.02384,0.06049,0.08371,0.63055,0,1
1768333703.990283,0.01634,-0.02205,-0.01782,0.00049,-0.00026,-0.00016,0.54290,0.00086,0.22806,-0.00052,0.70683,0.00055,0.70739,1,3,0.99962,0.01037,0.00877,-0.02384,0.06049,0.08371,0.63055,0,1
1768333703.992283,0.03154,0.00485,0.03491,-0.00202,-0.00135,0.00014,0.54286,0.00086,0.22806,-0.00052,0.70683,0.00055,0.70738,1,3,0.99962,0.01037,0.00877,-0.02384,0.06049,0.08371,0.63055,0,1
1768333703.994280,0.01162,0.02894,-0.02634,-0.00020,0.00028,0.00104,0.54286,0.00086,0.22806,-0.00052,0.70683,0.00055,0.70738,1,3,0.99962,0.01037,0.00877,-0.02384,0.06049,0.08371,0.63055,0,1
1768333703.996281,0.02940,0.02920,0.04173,-0.00042,-0.00033,0.00027,0.54282,0.00086,0.22806,-0.00052,0.70683,0.00055,0.70739,1,3,0.99967,0.01038,0.00680,-0.02233,0.06053,0.08378,0.63096,0,1
1768333703.998273,0.00469,-0.00386,0.01205,0.00005,-0.00104,-0.00080,0.54282,0.00086,0.22806,-0.00052,0.70683,0.00055,0.70739,1,3,0.99967,0.01038,0.00680,-0.02233,0.06053,0.08378,0.63096,0,1
1768333704.000288,0.02663,-0.04917,-0.01708,0.00256,0.00003,0.00038,0.54278,0.00086,0.22806,-0.00052,0.70682,0.00055,0.70739,1,3,0.99967,0.01038,0.00680,-0.02233,0.06053,0.08378,0.63096,0,1
1768333704.002293,0.01926,0.01457,-0.01892,0.00137,0.00044,-0.00018,0.54274,0.00086,0.22806,-0.00052,0.70682,0.00055,0.70739,1,3,0.99967,0.01038,0.00680,-0.02233,0.06053,0.08378,0.63096,0,1
1768333704.004316,0.00207,0.00979,-0.02631,0.00153,0.00078,-0.00003,0.54274,0.00086,0.22806,-0.00052,0.70682,0.00055,0.70739,1,3,0.99967,0.01038,0.00680,-0.02233,0.06053,0.08378,0.63096,0,1
1768333704.006327,-0.00948,-0.01170,-0.00257,0.00061,-0.00020,0.00042,0.54270,0.00086,0.22806,-0.00052,0.70682,0.00055,0.70739,1,3,0.99967,0.01038,0.00680,-0.02233,0.06053,0.08378,0.63096,0,1
1768333704.008372,0.00391,0.00094,-0.00322,0.00055,-0.00077,-0.00054,0.54270,0.00086,0.22806,-0.00052,0.70682,0.00055,0.70739,1,3,0.99967,0.01038,0.00680,-0.02233,0.06053,0.08378,0.63096,0,1
1768333704.010325,0.01161,-0.00932,-0.01798,0.00086,-0.00059,0.00011,0.54266,0.00086,0.22806,-0.00052,0.70682,0.00055,0.70739,1,3,0.99967,0.01038,0.00680,-0.02233,0.06053,0.08378,0.63096,0,1
1768333704.012310,0.01317,0.00942,-0.00321,-0.00110,-0.00011,0.00039,0.54266,0.00086,0.22806,-0.00052,0.70682,0.00055,0.70739,1,3,0.99967,0.01038,0.00680,-0.02233,0.06053,0.08378,0.63096,0,1
1768333704.014305,0.01595,-0.01671,-0.03334,0.00121,-0.00039,-0.00071,0.54262,0.00086,0.22806,-0.00052,0.70682,0.00055,0.70739,1,3,0.99967,0.01038,0.00680,-0.02233,0.06053,0.08378,0.63096,0,1
1768333704.016299,-0.00024,0.02676,0.01139,-0.00045,0.00054,0.00014,0.54262,0.00086,0.22806,-0.00052,0.70682,0.00055,0.70739,1,3,0.99967,0.01038,0.00680,-0.02233,0.06053,0.08378,0.63096,0,1
1768333704.018321,0.01039,-0.02912,-0.03289,0.00215,0.00007,-0.00016,0.54262,0.00086,0.22806,-0.00052,0.70682,0.00055,0.70739,1,3,0.99967,0.01038,0.00680,-0.02233,0.06053,0.08378,0.63096,0,1
1768333704.020307,-0.02113,0.02498,-0.00365,-0.00048,0.00028,0.00001,0.54262,0.00086,0.22806,-0.00052,0.70682,0.00055,0.70739,1,3,0.99967,0.01038,0.00680,-0.02233,0.06053,0.08378,0.63096,0,1
1768333704.022321,0.03020,-0.01468,0.00503,-0.00073,-0.00119,0.00025,0.54258,0.00086,0.22807,-0.00052,0.70682,0.00055,0.70740,1,3,0.99967,0.01038,0.00680,-0.02233,0.06053,0.08378,0.63096,0,1
1768333704.024307,0.01183,0.01903,0.04202,-0.00011,0.00066,0.00055,0.54258,0.00086,0.22807,-0.00052,0.70682,0.00055,0.70740,1,3,0.99967,0.01038,0.00680,-0.02233,0.06053,0.08378,0.63096,0,1
1768333704.026325,0.00268,0.00511,0.00434,0.00103,0.00027,0.00013,0.54254,0.00086,0.22807,-0.00052,0.70682,0.00055,0.70740,1,3,0.99967,0.01038,0.00680,-0.02233,0.06053,0.08378,0.63096,0,1
1768333704.028307,0.00880,0.00345,0.01961,-0.00008,-0.00121,-0.00039,0.54254,0.00086,0.22807,-0.00052,0.70682,0.00055,0.70740,1,3,0.99961,0.01021,0.00865,-0.02462,0.06049,0.08372,0.63056,0,1
1768333704.030337,0.01197,0.01441,0.02708,-0.00016,0.00015,0.00068,0.54250,0.00086,0.22806,-0.00052,0.70682,0.00055,0.70739,1,3,0.99961,0.01021,0.00865,-0.02462,0.06049,0.08372,0.63056,0,1
1768333704.032327,0.02525,0.01111,-0.01876,-0.00064,0.00075,0.00009,0.54246,0.00086,0.22806,-0.00052,0.70682,0.00055,0.70739,1,3,0.99961,0.01021,0.00865,-0.02462,0.06049,0.08372,0.63056,0,1
1768333704.034344,0.01294,0.02379,-0.00385,-0.00092,0.00063,-0.00002,0.54242,0.00086,0.22806,-0.00052,0.70682,0.00055,0.70739,1,3,0.99961,0.01021,0.00865,-0.02462,0.06049,0.08372,0.63056,0,1
1768333704.036324,0.02942,0.02367,-0.00392,-0.00049,0.00043,-0.00004,0.54242,0.00086,0.22806,-0.00052,0.70682,0.00055,0.70739,1,3,0.99961,0.01021,0.00865,-0.02462,0.06049,0.08372,0.63056,0,1
1768333704.038343,0.00895,0.01746,0.03431,-0.00056,-0.00034,-0.00039,0.54238,0.00086,0.22806,-0.00052,0.70682,0.00055,0.70739,1,3,0.99961,0.01021,0.00865,-0.02462,0.06049,0.08372,0.63056,0,1
1768333704.040324,0.00383,0.01974,0.02699,-0.00032,-0.00014,0.00055,0.54238,0.00086,0.22806,-0.00052,0.70682,0.00055,0.70739,1,3,0.99961,0.01021,0.00865,-0.02462,0.06049,0.08372,0.63056,0,1
1768333704.042336,0.01339,-0.00111,0.00430,-0.00123,0.00090,-0.00014,0.54234,0.00086,0.22806,-0.00052,0.70682,0.00055,0.70739,1,3,0.99961,0.01021,0.00865,-0.02462,0.06049,0.08372,0.63056,0,1
1768333704.044325,0.01701,-0.01305,-0.02551,-0.00071,0.00024,0.00037,0.54234,0.00086,0.22806,-0.00052,0.70682,0.00055,0.70739,1,3,0.99961,0.01021,0.00865,-0.02462,0.06049,0.08372,0.63056,0,1
1768333704.046344,0.01628,-0.01735,0.00510,0.00011,-0.00025,0.00053,0.54229,0.00086,0.22806,-0.00052,0.70682,0.00055,0.70739,1,3,0.99961,0.01021,0.00865,-0.02462,0.06049,0.08372,0.63056,0,1
1768333704.048323,0.02016,-0.02908,0.01295,0.00084,-0.00080,0.00027,0.54229,0.00086,0.22806,-0.00052,0.70682,0.00055,0.70739,1,3,0.99961,0.01021,0.00865,-0.02462,0.06049,0.08372,0.63056,0,1
1768333704.050326,0.00364,-0.02481,-0.00989,0.00002,0.00016,0.00054,0.54229,0.00086,0.22806,-0.00052,0.70682,0.00055,0.70739,1,3,0.99961,0.01021,0.00865,-0.02462,0.06049,0.08372,0.63056,0,1
1768333704.052321,0.01228,0.01465,-0.00342,-0.00016,-0.00011,0.00025,0.54225,0.00086,0.22806,-0.00052,0.70683,0.00055,0.70739,1,3,0.99961,0.01021,0.00865,-0.02462,0.06049,0.08372,0.63056,0,1
1768333704.054333,0.02024,-0.00458,-0.03356,0.00092,-0.00045,-0.00045,0.54225,0.00086,0.22806,-0.00052,0.70683,0.00055,0.70739,1,3,0.99961,0.01021,0.00865,-0.02462,0.06049,0.08372,0.63056,0,1
1768333704.056312,0.01297,-0.01398,-0.03284,-0.00029,-0.00149,0.00024,0.54225,0.00086,0.22806,-0.00052,0.70683,0.00055,0.70739,1,3,0.99961,0.01021,0.00865,-0.02462,0.06049,0.08372,0.63056,0,1
1768333704.058331,0.01597,-0.03171,-0.02504,0.00081,-0.00050,0.00011,0.54221,0.00086,0.22805,-0.00052,0.70683,0.00055,0.70738,1,3,0.99961,0.01021,0.00865,-0.02462,0.06049,0.08372,0.63056,0,1
1768333704.060334,0.00433,0.00993,0.00426,-0.00044,-0.00014,-0.00000,0.54221,0.00086,0.22805,-0.00052,0.70683,0.00055,0.70738,1,3,0.99961,0.01021,0.00865,-0.02462,0.06049,0.08372,0.63056,0,1
1768333704.062348,0.00472,0.02026,-0.02638,-0.00053,-0.00079,-0.00030,0.54217,0.00086,0.22806,-0.00052,0.70683,0.00055,0.70739,1,3,0.99964,0.01061,0.00816,-0.02321,0.06051,0.08374,0.63070,0,1
1768333704.064343,-0.00567,-0.01500,-0.00274,0.00079,0.00089,0.00027,0.54217,0.00086,0.22806,-0.00052,0.70683,0.00055,0.70739,1,3,0.99964,0.01061,0.00816,-0.02321,0.06051,0.08374,0.63070,0,1
1768333704.066390,0.00050,-0.00246,-0.00275,-0.00102,-0.00033,0.00054,0.54213,0.00086,0.22806,-0.00052,0.70683,0.00055,0.70739,1,3,0.99964,0.01061,0.00816,-0.02321,0.06051,0.08374,0.63070,0,1
1768333704.068352,0.02447,-0.03729,-0.02514,0.00074,0.00016,-0.00017,0.54209,0.00086,0.22805,-0.00052,0.70683,0.00055,0.70738,1,3,0.99964,0.01061,0.00816,-0.02321,0.06051,0.08374,0.63070,0,1
1768333704.070361,-0.01716,0.00423,-0.02585,0.00058,-0.00128,-0.00040,0.54205,0.00086,0.22806,-0.00052,0.70683,0.00055,0.70739,1,3,0.99964,0.01061,0.00816,-0.02321,0.06051,0.08374,0.63070,0,1
1768333704.072360,0.00222,-0.01961,-0.03311,0.00161,0.00055,-0.00003,0.54205,0.00086,0.22806,-0.00052,0.70683,0.00055,0.70739,1,3,0.99964,0.01061,0.00816,-0.02321,0.06051,0.08374,0.63070,0,1
1768333704.074364,0.02533,0.04605,0.01852,-0.00087,0.00009,0.00038,0.54201,0.00086,0.22805,-0.00052,0.70683,0.00055,0.70738,1,3,0.99964,0.01061,0.00816,-0.02321,0.06051,0.08374,0.63070,0,1
1768333704.076384,0.04083,-0.01065,0.04301,-0.00309,-0.00119,0.00055,0.54201,0.00086,0.22805,-0.00052,0.70683,0.00055,0.70738,1,3,0.99964,0.01061,0.00816,-0.02321,0.06051,0.08374,0.63070,0,1
1768333704.078365,0.01448,-0.00188,-0.02605,0.00226,-0.00013,-0.00031,0.54201,0.00086,0.22805,-0.00052,0.70683,0.00055,0.70738,1,3,0.99964,0.01061,0.00816,-0.02321,0.06051,0.08374,0.63070,0,1
1768333704.080360,0.02466,0.00219,-0.00310,0.00013,-0.00025,0.00038,0.54197,0.00086,0.22806,-0.00052,0.70683,0.00055,0.70739,1,3,0.99964,0.01061,0.00816,-0.02321,0.06051,0.08374,0.63070,0,1
1768333704.082370,-0.00581,-0.02327,-0.04046,0.00178,-0.00075,-0.00029,0.54197,0.00086,0.22806,-0.00052,0.70683,0.00055,0.70739,1,3,0.99964,0.01061,0.00816,-0.02321,0.06051,0.08374,0.63070,0,1
1768333704.084355,0.03433,0.03678,-0.01154,-0.00098,-0.00103,0.00022,0.54197,0.00086,0.22806,-0.00052,0.70683,0.00055,0.70739,1,3,0.99964,0.01061,0.00816,-0.02321,0.06051,0.08374,0.63070,0,1
1768333704.086349,0.00780,-0.03202,-0.01764,0.00058,0.00023,-0.00028,0.54193,0.00086,0.22806,-0.00052,0.70682,0.00055,0.70739,1,3,0.99964,0.01061,0.00816,-0.02321,0.06051,0.08374,0.63070,0,1
1768333704.088359,-0.01367,-0.02412,-0.01016,0.00090,0.00035,-0.00026,0.54193,0.00086,0.22806,-0.00052,0.70682,0.00055,0.70739,1,3,0.99964,0.01061,0.00816,-0.02321,0.06051,0.08374,0.63070,0,1
1768333704.090381,0.01974,-0.02448,-0.01029,0.00133,-0.00005,-0.00029,0.54189,0.00086,0.22806,-0.00052,0.70683,0.00055,0.70739,1,3,0.99964,0.01061,0.00816,-0.02321,0.06051,0.08374,0.63070,0,1
1768333704.092365,0.00693,0.02139,-0.01880,0.00036,0.00097,0.00064,0.54189,0.00086,0.22806,-0.00052,0.70683,0.00055,0.70739,1,3,0.99964,0.01061,0.00816,-0.02321,0.06051,0.08374,0.63070,0,1
1768333704.094392,0.00673,-0.02662,-0.01024,0.00174,0.00011,-0.00041,0.54185,0.00086,0.22805,-0.00052,0.70683,0.00055,0.70738,1,3,0.99967,0.01066,0.00720,-0.02231,0.06053,0.08377,0.63095,0,1
1768333704.096365,-0.00466,0.00133,-0.01817,0.00055,-0.00117,-0.00014,0.54185,0.00086,0.22805,-0.00052,0.70683,0.00055,0.70738,1,3,0.99967,0.01066,0.00720,-0.02231,0.06053,0.08377,0.63095,0,1
1768333704.098384,-0.00988,-0.03120,-0.05552,0.00146,-0.00006,-0.00029,0.54181,0.00086,0.22805,-0.00052,0.70683,0.00055,0.70739,1,3,0.99967,0.01066,0.00720,-0.02231,0.06053,0.08377,0.63095,0,1
1768333704.100422,0.01021,0.01565,-0.01861,0.00204,-0.00059,0.00024,0.54177,0.00086,0.22805,-0.00052,0.70683,0.00055,0.70739,1,3,0.99967,0.01066,0.00720,-0.02231,0.06053,0.08377,0.63095,0,1
1768333704.102395,0.02978,0.02461,-0.01894,-0.00048,-0.00084,-0.00005,0.54177,0.00086,0.22805,-0.00052,0.70683,0.00055,0.70739,1,3,0.99967,0.01066,0.00720,-0.02231,0.06053,0.08377,0.63095,0,1
1768333704.104396,-0.00490,0.00489,-0.01063,-0.00006,0.00024,0.00053,0.54173,0.00086,0.22805,-0.00052,0.70683,0.00055,0.70738,1,3,0.99967,0.01066,0.00720,-0.02231,0.06053,0.08377,0.63095,0,1
1768333704.106390,0.01150,-0.05354,-0.00183,0.00142,-0.00043,-0.00027,0.54173,0.00086,0.22805,-0.00052,0.70683,0.00055,0.70738,1,3,0.99967,0.01066,0.00720,-0.02231,0.06053,0.08377,0.63095,0,1
1768333704.108387,0.00827,-0.02234,0.00532,-0.00039,-0.00015,0.00068,0.54169,0.00086,0.22805,-0.00052,0.70683,0.00055,0.70738,1,3,0.99967,0.01066,0.00720,-0.02231,0.06053,0.08377,0.63095,0,1
1768333704.110389,0.02020,-0.02964,-0.00233,0.00061,-0.00017,0.00026,0.54169,0.00086,0.22805,-0.00052,0.70683,0.00055,0.70738,1,3,0.99967,0.01066,0.00720,-0.02231,0.06053,0.08377,0.63095,0,1
1768333704.112402,0.01390,0.01523,0.04200,-0.00103,-0.00091,-0.00052,0.54165,0.00086,0.22805,-0.00052,0.70683,0.00055,0.70738,1,3,0.99967,0.01066,0.00720,-0.02231,0.06053,0.08377,0.63095,0,1
1768333704.114378,0.00570,-0.00203,-0.01831,0.00226,0.00024,0.00011,0.54165,0.00086,0.22805,-0.00052,0.70683,0.00055,0.70738,1,3,0.99967,0.01066,0.00720,-0.02231,0.06053,0.08377,0.63095,0,1
1768333704.116410,0.03056,0.01474,-0.01851,-0.00125,-0.00122,0.00023,0.54165,0.00086,0.22805,-0.00052,0.70683,0.00055,0.70738,1,3,0.99967,0.01066,0.00720,-0.02231,0.06053,0.08377,0.63095,0,1
1768333704.118407,0.04226,0.03094,0.03402,-0.00083,0.00002,0.00038,0.54161,0.00086,0.22805,-0.00052,0.70683,0.00055,0.70738,1,3,0.99967,0.01066,0.00720,-0.02231,0.06053,0.08377,0.63095,0,1
1768333704.120383,0.02078,0.02886,-0.01148,-0.00042,0.00029,0.00023,0.54161,0.00086,0.22805,-0.00052,0.70683,0.00055,0.70738,1,3,0.99967,0.01066,0.00720,-0.02231,0.06053,0.08377,0.63095,0,1
1768333704.122388,0.00569,-0.01883,0.08118,-0.00122,-0.00141,0.00007,0.54157,0.00086,0.22805,-0.00052,0.70683,0.00055,0.70738,1,3,0.99967,0.01066,0.00720,-0.02231,0.06053,0.08377,0.63095,0,1
1768333704.124380,0.02383,0.00273,-0.02622,0.00144,-0.00025,-0.00045,0.54157,0.00086,0.22805,-0.00052,0.70683,0.00055,0.70738,1,3,0.99967,0.01066,0.00720,-0.02231,0.06053,0.08377,0.63095,0,1
1768333704.126401,-0.00244,-0.01163,-0.04842,0.00214,0.00009,-0.00003,0.54153,0.00086,0.22805,-0.00052,0.70683,0.00055,0.70738,1,3,0.99967,0.01066,0.00720,-0.02231,0.06053,0.08377,0.63095,0,1
1768333704.128393,-0.00010,0.02222,0.01146,-0.00029,0.00015,-0.00013,0.54153,0.00086,0.22805,-0.00052,0.70683,0.00055,0.70738,1,3,0.99967,0.01066,0.00720,-0.02231,0.06053,0.08377,0.63095,0,1
1768333704.130402,0.01083,-0.00289,0.04306,-0.00299,-0.00083,0.00098,0.54149,0.00086,0.22805,-0.00052,0.70683,0.00055,0.70738,1,3,0.99967,0.01066,0.00720,-0.02231,0.06053,0.08377,0.63095,0,1
1768333704.132420,0.00020,-0.01675,0.01269,-0.00032,-0.00057,0.00015,0.54149,0.00086,0.22805,-0.00052,0.70683,0.00055,0.70738,1,3,0.99963,0.01015,0.00797,-0.02414,0.06049,0.08371,0.63056,0,1
1768333704.134414,0.00301,-0.02944,-0.00989,0.00083,0.00017,0.00027,0.54145,0.00086,0.22805,-0.00052,0.70683,0.00055,0.70738,1,3,0.99963,0.01015,0.00797,-0.02414,0.06049,0.08371,0.63056,0,1
1768333704.136409,0.01649,-0.03162,-0.00980,0.00037,-0.00076,0.00012,0.54145,0.00086,0.22805,-0.00052,0.70683,0.00055,0.70738,1,3,0.99963,0.01015,0.00797,-0.02414,0.06049,0.08371,0.63056,0,1
1768333704.138407,0.01617,0.04625,0.01092,-0.00021,0.00033,0.00038,0.54145,0.00086,0.22805,-0.00052,0.70683,0.00055,0.70738,1,3,0.99963,0.01015,0.00797,-0.02414,0.06049,0.08371,0.63056,0,1
1768333704.140408,0.02749,0.01507,-0.03387,0.00159,-0.00054,0.00021,0.54137,0.00086,0.22805,-0.00052,0.70683,0.00055,0.70738,1,3,0.99963,0.01015,0.00797,-0.02414,0.06049,0.08371,0.63056,0,1
1768333704.142426,0.00754,-0.00228,-0.01080,0.00073,0.00008,-0.00028,0.54137,0.00086,0.22805,-0.00052,0.70683,0.00055,0.70738,1,3,0.99963,0.01015,0.00797,-0.02414,0.06049,0.08371,0.63056,0,1
1768333704.144433,0.02801,0.00822,0.01921,0.00042,0.00161,0.00038,0.54133,0.00086,0.22805,-0.00052,0.70683,0.00055,0.70738,1,3,0.99963,0.01015,0.00797,-0.02414,0.06049,0.08371,0.63056,0,1
1768333704.146409,0.00617,-0.02617,-0.03300,0.00240,-0.00026,-0.00043,0.54133,0.00086,0.22805,-0.00052,0.70683,0.00055,0.70738,1,3,0.99963,0.01015,0.00797,-0.02414,0.06049,0.08371,0.63056,0,1
1768333704.148406,0.01059,-0.00226,-0.00243,-0.00255,-0.00159,0.00094,0.54129,0.00086,0.22806,-0.00052,0.70683,0.00055,0.70739,1,3,0.99963,0.01015,0.00797,-0.02414,0.06049,0.08371,0.63056,0,1
1768333704.150422,0.00197,-0.03451,-0.02517,0.00186,0.00081,-0.00002,0.54129,0.00086,0.22806,-0.00052,0.70683,0.00055,0.70739,1,3,0.99963,0.01015,0.00797,-0.02414,0.06049,0.08371,0.63056,0,1
1768333704.152425,-0.00444,0.00561,-0.01844,0.00016,-0.00041,-0.00028,0.54129,0.00086,0.22806,-0.00052,0.70683,0.00055,0.70739,1,3,0.99963,0.01015,0.00797,-0.02414,0.06049,0.08371,0.63056,0,1
1768333704.154404,0.01000,-0.02467,-0.03282,0.00198,0.00046,0.00051,0.54125,0.00086,0.22806,-0.00052,0.70683,0.00055,0.70739,1,3,0.99963,0.01015,0.00797,-0.02414,0.06049,0.08371,0.63056,0,1
1768333704.156380,0.02181,-0.01930,-0.01010,-0.00057,-0.00121,-0.00002,0.54125,0.00086,0.22806,-0.00052,0.70683,0.00055,0.70739,1,3,0.99963,0.01015,0.00797,-0.02414,0.06049,0.08371,0.63056,0,1
1768333704.158396,-0.00123,0.01821,-0.01885,0.00119,-0.00047,-0.00042,0.54121,0.00086,0.22806,-0.00052,0.70683,0.00055,0.70738,1,3,0.99963,0.01015,0.00797,-0.02414,0.06049,0.08371,0.63056,0,1
1768333704.160381,-0.00102,0.01658,-0.02614,-0.00014,0.00082,0.00078,0.54121,0.00086,0.22806,-0.00052,0.70683,0.00055,0.70738,1,3,0.99963,0.01015,0.00797,-0.02414,0.06049,0.08371,0.63056,0,1
1768333704.162385,0.01225,0.06353,0.01816,-0.00066,0.00024,0.00052,0.54117,0.00086,0.22806,-0.00052,0.70682,0.00055,0.70739,1,3,0.99963,0.01015,0.00797,-0.02414,0.06049,0.08371,0.63056,0,1
1768333704.164421,0.02020,0.01365,-0.01863,-0.00017,0.00082,0.00063,0.54117,0.00086,0.22806,-0.00052,0.70682,0.00055,0.70739,1,3,0.99961,0.01028,0.00874,-0.02448,0.06050,0.08372,0.63059,0,1
1768333704.166426,0.03353,-0.02222,0.01253,0.00027,-0.00060,-0.00015,0.54113,0.00086,0.22806,-0.00052,0.70682,0.00055,0.70739,1,3,0.99961,0.01028,0.00874,-0.02448,0.06050,0.08372,0.63059,0,1
1768333704.168420,0.01322,0.00603,-0.00314,-0.00027,-0.00164,-0.00028,0.54113,0.00086,0.22806,-0.00052,0.70682,0.00055,0.70739,1,3,0.99961,0.01028,0.00874,-0.02448,0.06050,0.08372,0.63059,0,1
1768333704.170409,0.01733,-0.00776,-0.01061,-0.00065,-0.00003,-0.00016,0.54113,0.00086,0.22806,-0.00052,0.70682,0.00055,0.70739,1,3,0.99961,0.01028,0.00874,-0.02448,0.06050,0.08372,0.63059,0,1
1768333704.172407,-0.00039,0.01147,-0.00351,-0.00042,0.00119,0.00013,0.54104,0.00086,0.22806,-0.00052,0.70682,0.00055,0.70739,1,3,0.99961,0.01028,0.00874,-0.02448,0.06050,0.08372,0.63059,0,1
1768333704.174424,0.00495,0.00960,-0.02612,-0.00110,-0.00002,-0.00002,0.54104,0.00086,0.22806,-0.00052,0.70682,0.00055,0.70739,1,3,0.99961,0.01028,0.00874,-0.02448,0.06050,0.08372,0.63059,0,1
1768333704.176420,0.01324,-0.00028,0.00460,-0.00100,-0.00024,0.00026,0.54100,0.00086,0.22806,-0.00052,0.70682,0.00055,0.70739,1,3,0.99961,0.01028,0.00874,-0.02448,0.06050,0.08372,0.63059,0,1
1768333704.178424,0.02300,-0.00266,-0.02581,0.00160,0.00016,0.00049,0.54100,0.00086,0.22806,-0.00052,0.70682,0.00055,0.70739,1,3,0.99961,0.01028,0.00874,-0.02448,0.06050,0.08372,0.63059,0,1
1768333704.180467,-0.00606,0.01634,-0.01843,0.00161,-0.00116,0.00026,0.54096,0.00086,0.22806,-0.00052,0.70682,0.00055,0.70739,1,3,0.99961,0.01028,0.00874,-0.02448,0.06050,0.08372,0.63059,0,1
1768333704.182402,0.01734,-0.03262,-0.01748,-0.00073,0.00012,0.00012,0.54096,0.00086,0.22806,-0.00052,0.70682,0.00055,0.70739,1,3,0.99961,0.01028,0.00874,-0.02448,0.06050,0.08372,0.63059,0,1
1768333704.184405,-0.02109,-0.03945,0.05874,-0.00038,0.00084,0.00021,0.54096,0.00086,0.22806,-0.00052,0.70682,0.00055,0.70739,1,3,0.99961,0.01028,0.00874,-0.02448,0.06050,0.08372,0.63059,0,1
1768333704.186417,0.00015,0.00235,-0.01076,-0.00053,0.00017,-0.00001,0.54092,0.00086,0.22806,-0.00052,0.70682,0.00055,0.70739,1,3,0.99961,0.01028,0.00874,-0.02448,0.06050,0.08372,0.63059,0,1
1768333704.188415,-0.00173,0.01047,0.00472,-0.00262,-0.00158,0.00042,0.54092,0.00086,0.22806,-0.00052,0.70682,0.00055,0.70739,1,3,0.99961,0.01028,0.00874,-0.02448,0.06050,0.08372,0.63059,0,1
1768333704.190404,0.02943,-0.01975,0.00513,-0.00014,-0.00079,0.00039,0.54088,0.00086,0.22806,-0.00052,0.70682,0.00055,0.70739,1,3,0.99961,0.01028,0.00874,-0.02448,0.06050,0.08372,0.63059,0,1
1768333704.192415,0.01309,-0.01413,0.01994,-0.00007,-0.00087,-0.00053,0.54088,0.00086,0.22806,-0.00052,0.70682,0.00055,0.70739,1,3,0.99961,0.01028,0.00874,-0.02448,0.06050,0.08372,0.63059,0,1
1768333704.194403,0.00411,0.00434,-0.01845,-0.00051,0.00063,0.00012,0.54084,0.00086,0.22806,-0.00052,0.70683,0.00055,0.70739,1,3,0.99961,0.01028,0.00874,-0.02448,0.06050,0.08372,0.63059,0,1
1768333704.196424,0.00682,-0.00226,-0.06401,0.00138,0.00022,-0.00033,0.54084,0.00086,0.22806,-0.00052,0.70683,0.00055,0.70739,1,3,0.99961,0.01049,0.00903,-0.02428,0.06050,0.08373,0.63065,0,1
1768333704.198420,0.00397,-0.04931,-0.00946,0.00016,0.00017,0.00000,0.54080,0.00086,0.22806,-0.00052,0.70682,0.00055,0.70739,1,3,0.99961,0.01049,0.00903,-0.02428,0.06050,0.08373,0.63065,0,1
1768333704.200424,0.01311,0.00507,-0.02608,-0.00050,-0.00050,-0.00030,0.54080,0.00086,0.22806,-0.00052,0.70682,0.00055,0.70739,1,3,0.99961,0.01049,0.00903,-0.02428,0.06050,0.08373,0.63065,0,1
1768333704.202405,0.02430,0.00253,0.01211,0.00057,-0.00050,0.00039,0.54076,0.00086,0.22806,-0.00052,0.70683,0.00055,0.70739,1,3,0.99961,0.01049,0.00903,-0.02428,0.06050,0.08373,0.63065,0,1
1768333704.204400,0.02532,0.06581,-0.01223,-0.00107,-0.00017,0.00062,0.54072,0.00086,0.22806,-0.00052,0.70682,0.00055,0.70739,1,3,0.99961,0.01049,0.00903,-0.02428,0.06050,0.08373,0.63065,0,1
1768333704.206462,0.01580,0.00689,0.00425,0.00040,0.00049,0.00025,0.54072,0.00086,0.22806,-0.00052,0.70682,0.00055,0.70739,1,3,0.99961,0.01049,0.00903,-0.02428,0.06050,0.08373,0.63065,0,1
1768333704.208476,-0.00456,-0.00966,0.02001,-0.00002,0.00011,0.00016,0.54068,0.00086,0.22806,-0.00052,0.70683,0.00055,0.70739,1,3,0.99961,0.01049,0.00903,-0.02428,0.06050,0.08373,0.63065,0,1
1768333704.210439,0.00765,-0.02613,-0.00250,0.00109,-0.00079,-0.00040,0.54068,0.00086,0.22806,-0.00052,0.70683,0.00055,0.70739,1,3,0.99961,0.01049,0.00903,-0.02428,0.06050,0.08373,0.63065,0,1
1768333704.212441,0.01048,0.01523,-0.04179,0.00203,0.00016,-0.00059,0.54064,0.00086,0.22806,-0.00052,0.70683,0.00055,0.70739,1,3,0.99961,0.01049,0.00903,-0.02428,0.06050,0.08373,0.63065,0,1
1768333704.214423,0.01505,-0.00241,-0.01831,0.00138,0.00012,0.00010,0.54064,0.00086,0.22806,-0.00052,0.70683,0.00055,0.70739,1,3,0.99961,0.01049,0.00903,-0.02428,0.06050,0.08373,0.63065,0,1
1768333704.216442,0.01256,0.01925,-0.00400,-0.00011,0.00063,-0.00069,0.54064,0.00086,0.22806,-0.00052,0.70683,0.00055,0.70739,1,3,0.99961,0.01049,0.00903,-0.02428,0.06050,0.08373,0.63065,0,1
1768333704.218426,-0.00571,-0.01447,-0.01025,0.00101,0.00026,0.00027,0.54060,0.00086,0.22806,-0.00052,0.70683,0.00055,0.70738,1,3,0.99961,0.01049,0.00903,-0.02428,0.06050,0.08373,0.63065,0,1
1768333704.220423,0.03527,0.02742,0.03436,-0.00153,-0.00180,0.00013,0.54060,0.00086,0.22806,-0.00052,0.70683,0.00055,0.70738,1,3,0.99961,0.01049,0.00903,-0.02428,0.06050,0.08373,0.63065,0,1
1768333704.222441,0.01760,0.01709,0.01166,-0.00100,-0.00043,-0.00001,0.54056,0.00086,0.22805,-0.00052,0.70683,0.00055,0.70738,1,3,0.99961,0.01049,0.00903,-0.02428,0.06050,0.08373,0.63065,0,1
1768333704.224429,0.00261,-0.01495,0.00484,0.00101,0.00067,0.00027,0.54056,0.00086,0.22805,-0.00052,0.70683,0.00055,0.70738,1,3,0.99961,0.01049,0.00903,-0.02428,0.06050,0.08373,0.63065,0,1
1768333704.226428,-0.00628,-0.03227,0.03625,-0.00270,-0.00047,0.00099,0.54052,0.00086,0.22805,-0.00052,0.70684,0.00055,0.70738,1,3,0.99961,0.01049,0.00903,-0.02428,0.06050,0.08373,0.63065,0,1
1768333704.228445,0.00680,-0.01498,0.05090,-0.00292,-0.00090,0.00072,0.54052,0.00086,0.22805,-0.00052,0.70684,0.00055,0.70738,1,3,0.99961,0.01049,0.00903,-0.02428,0.06050,0.08373,0.63065,0,1
1768333704.230429,0.00816,0.00151,-0.00298,-0.00076,0.00072,0.00080,0.54048,0.00086,0.22805,-0.00052,0.70684,0.00055,0.70738,1,3,0.99961,0.01049,0.00903,-0.02428,0.06050,0.08373,0.63065,0,1
1768333704.232449,0.01729,-0.00723,-0.01812,-0.00043,-0.00066,-0.00016,0.54048,0.00086,0.22805,-0.00052,0.70684,0.00055,0.70738,1,3,0.99961,0.01049,0.00903,-0.02428,0.06050,0.08373,0.63065,0,1
1768333704.234441,0.01200,-0.02454,0.01291,0.00024,-0.00032,0.00055,0.54044,0.00086,0.22805,-0.00052,0.70684,0.00055,0.70737,1,3,0.99963,0.01033,0.00801,-0.02400,0.06050,0.08373,0.63064,0,1
1768333704.236440,0.01274,-0.02018,0.02788,-0.00058,0.00017,0.00042,0.54044,0.00086,0.22805,-0.00052,0.70684,0.00055,0.70737,1,3,0.99963,0.01033,0.00801,-0.02400,0.06050,0.08373,0.63064,0,1
1768333704.238434,0.01507,0.00206,-0.04153,0.00143,0.00087,-0.00046,0.54040,0.00086,0.22804,-0.00052,0.70684,0.00055,0.70737,1,3,0.99963,0.01033,0.00801,-0.02400,0.06050,0.08373,0.63064,0,1
1768333704.240471,0.03187,0.00136,-0.01093,0.00099,0.00094,0.00036,0.54036,0.00086,0.22804,-0.00052,0.70685,0.00055,0.70736,1,3,0.99963,0.01033,0.00801,-0.02400,0.06050,0.08373,0.63064,0,1
1768333704.242429,0.01295,0.02012,0.01931,-0.00053,-0.00089,0.00014,0.54036,0.00086,0.22804,-0.00052,0.70685,0.00055,0.70736,1,3,0.99963,0.01033,0.00801,-0.02400,0.06050,0.08373,0.63064,0,1
1768333704.244482,0.02998,0.02940,0.00383,-0.00085,-0.00084,0.00024,0.54032,0.00086,0.22804,-0.00052,0.70685,0.00055,0.70737,1,3,0.99963,0.01033,0.00801,-0.02400,0.06050,0.08373,0.63064,0,1
1768333704.246454,-0.00168,0.01259,0.00416,0.00112,0.00031,0.00013,0.54032,0.00086,0.22804,-0.00052,0.70685,0.00055,0.70737,1,3,0.99963,0.01033,0.00801,-0.02400,0.06050,0.08373,0.63064,0,1
1768333704.248455,0.03499,0.02661,0.04959,-0.00176,-0.00090,0.00054,0.54028,0.00086,0.22804,-0.00052,0.70685,0.00055,0.70736,1,3,0.99963,0.01033,0.00801,-0.02400,0.06050,0.08373,0.63064,0,1
1768333704.250449,0.01492,0.02277,-0.03417,0.00169,-0.00041,-0.00018,0.54028,0.00086,0.22804,-0.00052,0.70685,0.00055,0.70736,1,3,0.99963,0.01033,0.00801,-0.02400,0.06050,0.08373,0.63064,0,1
1768333704.252449,-0.01278,0.02031,0.01157,-0.00010,-0.00007,-0.00025,0.54028,0.00086,0.22804,-0.00052,0.70685,0.00055,0.70736,1,3,0.99963,0.01033,0.00801,-0.02400,0.06050,0.08373,0.63064,0,1
1768333704.254446,0.01360,0.01053,-0.02579,-0.00108,-0.00164,0.00038,0.54024,0.00086,0.22804,-0.00052,0.70685,0.00055,0.70737,1,3,0.99963,0.01033,0.00801,-0.02400,0.06050,0.08373,0.63064,0,1
1768333704.256453,0.02143,-0.01014,0.01182,-0.00003,0.00029,-0.00109,0.54024,0.00086,0.22804,-0.00052,0.70685,0.00055,0.70737,1,3,0.99963,0.01033,0.00801,-0.02400,0.06050,0.08373,0.63064,0,1
1768333704.258447,-0.00466,-0.05405,0.00612,0.00010,0.00003,0.00057,0.54020,0.00086,0.22804,-0.00052,0.70685,0.00055,0.70736,1,3,0.99963,0.01033,0.00801,-0.02400,0.06050,0.08373,0.63064,0,1
1768333704.260447,-0.00905,0.00312,-0.00309,0.00035,-0.00023,0.00001,0.54020,0.00086,0.22804,-0.00052,0.70685,0.00055,0.70736,1,3,0.99963,0.01033,0.00801,-0.02400,0.06050,0.08373,0.63064,0,1
1768333704.262449,0.01760,0.01211,0.01184,-0.00106,-0.00043,0.00013,0.54016,0.00086,0.22804,-0.00052,0.70685,0.00055,0.70736,1,3,0.99963,0.01033,0.00801,-0.02400,0.06050,0.08373,0.63064,0,1
1768333704.264462,0.01642,0.00169,0.01185,-0.00010,0.00073,-0.00001,0.54016,0.00086,0.22804,-0.00052,0.70685,0.00055,0.70736,1,3,0.99962,0.01026,0.00854,-0.02398,0.06050,0.08373,0.63064,0,1
1768333704.266449,0.00344,0.01517,0.00406,0.00050,-0.00014,-0.00014,0.54012,0.00086,0.22804,-0.00052,0.70685,0.00055,0.70736,1,3,0.99962,0.01026,0.00854,-0.02398,0.06050,0.08373,0.63064,0,1
1768333704.268449,-0.00240,-0.00225,-0.03350,0.00182,0.00059,0.00011,0.54007,0.00086,0.22803,-0.00052,0.70686,0.00055,0.70736,1,3,0.99962,0.01026,0.00854,-0.02398,0.06050,0.08373,0.63064,0,1
1768333704.270461,0.02493,0.00586,-0.01088,-0.00070,0.00102,0.00064,0.54007,0.00086,0.22803,-0.00052,0.70686,0.00055,0.70736,1,3,0.99962,0.01026,0.00854,-0.02398,0.06050,0.08373,0.63064,0,1
1768333704.272455,0.00326,-0.04424,-0.01727,0.00087,0.00030,-0.00014,0.54003,0.00086,0.22803,-0.00052,0.70686,0.00055,0.70735,1,3,0.99962,0.01026,0.00854,-0.02398,0.06050,0.08373,0.63064,0,1
1768333704.274485,0.01213,-0.01553,-0.02555,-0.00009,0.00068,0.00024,0.54003,0.00086,0.22803,-0.00052,0.70686,0.00055,0.70735,1,3,0.99962,0.01026,0.00854,-0.02398,0.06050,0.08373,0.63064,0,1
1768333704.276505,0.01986,-0.02410,-0.05596,0.00155,-0.00043,-0.00073,0.53999,0.00086,0.22803,-0.00052,0.70686,0.00055,0.70735,1,3,0.99962,0.01026,0.00854,-0.02398,0.06050,0.08373,0.63064,0,1
1768333704.278468,-0.00439,-0.00489,-0.01057,-0.00018,0.00023,-0.00000,0.53999,0.00086,0.22803,-0.00052,0.70686,0.00055,0.70735,1,3,0.99962,0.01026,0.00854,-0.02398,0.06050,0.08373,0.63064,0,1
1768333704.280501,0.00390,-0.02970,-0.00986,-0.00004,0.00016,0.00027,0.53995,0.00086,0.22803,-0.00052,0.70686,0.00055,0.70735,1,3,0.99962,0.01026,0.00854,-0.02398,0.06050,0.08373,0.63064,0,1
1768333704.282470,0.00208,-0.01499,-0.01816,0.00166,0.00105,-0.00015,0.53995,0.00086,0.22803,-0.00052,0.70686,0.00055,0.70735,1,3,0.99962,0.01026,0.00854,-0.02398,0.06050,0.08373,0.63064,0,1
1768333704.284482,0.01099,-0.02030,-0.03302,0.00094,0.00083,0.00037,0.53995,0.00086,0.22803,-0.00052,0.70686,0.00055,0.70735,1,3,0.99962,0.01026,0.00854,-0.02398,0.06050,0.08373,0.63064,0,1
1768333704.286474,0.01109,-0.02419,-0.00265,0.00155,-0.00007,-0.00028,0.53991,0.00086,0.22803,-0.00052,0.70686,0.00055,0.70735,1,3,0.99962,0.01026,0.00854,-0.02398,0.06050,0.08373,0.63064,0,1
1768333704.288484,0.02070,0.00515,-0.01837,0.00016,-0.00071,0.00010,0.53991,0.00086,0.22803,-0.00052,0.70686,0.00055,0.70735,1,3,0.99962,0.01026,0.00854,-0.02398,0.06050,0.08373,0.63064,0,1
1768333704.290462,0.01217,-0.00969,0.01979,0.00042,-0.00010,-0.00026,0.53987,0.00086,0.22803,-0.00052,0.70686,0.00055,0.70735,1,3,0.99962,0.01026,0.00854,-0.02398,0.06050,0.08373,0.63064,0,1
1768333704.292473,0.01575,0.00751,0.01175,0.00085,-0.00003,-0.00014,0.53987,0.00086,0.22803,-0.00052,0.70686,0.00055,0.70735,1,3,0.99962,0.01026,0.00854,-0.02398,0.06050,0.08373,0.63064,0,1
1768333704.294473,0.02003,0.03947,-0.00420,0.00058,-0.00023,-0.00003,0.53983,0.00086,0.22804,-0.00052,0.70685,0.00055,0.70736,1,3,0.99962,0.01026,0.00854,-0.02398,0.06050,0.08373,0.63064,0,1
1768333704.296474,0.01675,0.05640,0.00322,-0.00075,-0.00032,0.00051,0.53983,0.00086,0.22804,-0.00052,0.70685,0.00055,0.70736,1,3,0.99962,0.01026,0.00854,-0.02398,0.06050,0.08373,0.63064,0,1
1768333704.298468,0.02132,0.04464,0.01093,-0.00045,-0.00088,-0.00016,0.53979,0.00086,0.22803,-0.00052,0.70685,0.00055,0.70736,1,3,0.99963,0.01040,0.00910,-0.02347,0.06051,0.08374,0.63076,0,1
1768333704.300484,0.00645,-0.03876,0.01361,-0.00212,-0.00177,0.00057,0.53979,0.00086,0.22803,-0.00052,0.70685,0.00055,0.70736,1,3,0.99963,0.01040,0.00910,-0.02347,0.06051,0.08374,0.63076,0,1
1768333704.302473,0.02405,-0.02646,-0.01780,0.00153,-0.00073,-0.00043,0.53975,0.00086,0.22804,-0.00052,0.70685,0.00055,0.70736,1,3,0.99963,0.01040,0.00910,-0.02347,0.06051,0.08374,0.63076,0,1
1768333704.304499,-0.00130,0.00236,0.03488,0.00056,0.00057,0.00043,0.53971,0.00086,0.22803,-0.00052,0.70686,0.00055,0.70735,1,3,0.99963,0.01040,0.00910,-0.02347,0.06051,0.08374,0.63076,0,1
1768333704.306495,0.02534,-0.00350,0.03481,-0.00060,0.00063,0.00014,0.53971,0.00086,0.22803,-0.00052,0.70686,0.00055,0.70735,1,3,0.99963,0.01040,0.00910,-0.02347,0.06051,0.08374,0.63076,0,1
1768333704.308499,-0.01099,-0.00168,-0.04896,0.00248,0.00055,-0.00070,0.53967,0.00086,0.22803,-0.00052,0.70686,0.00055,0.70736,1,3,0.99963,0.01040,0.00910,-0.02347,0.06051,0.08374,0.63076,0,1
1768333704.310486,-0.02137,-0.00496,-0.01020,-0.00062,0.00045,0.00082,0.53967,0.00086,0.22803,-0.00052,0.70686,0.00055,0.70736,1,3,0.99963,0.01040,0.00910,-0.02347,0.06051,0.08374,0.63076,0,1
1768333704.312493,-0.01060,-0.01200,-0.03326,0.00170,0.00069,-0.00002,0.53963,0.00086,0.22804,-0.00052,0.70685,0.00055,0.70736,1,3,0.99963,0.01040,0.00910,-0.02347,0.06051,0.08374,0.63076,0,1
1768333704.314487,0.02122,0.01515,0.00428,-0.00037,-0.00111,0.00025,0.53963,0.00086,0.22804,-0.00052,0.70685,0.00055,0.70736,1,3,0.99963,0.01040,0.00910,-0.02347,0.06051,0.08374,0.63076,0,1
1768333704.316487,0.02535,0.00212,-0.02602,-0.00031,-0.00026,-0.00004,0.53963,0.00086,0.22804,-0.00052,0.70685,0.00055,0.70736,1,3,0.99963,0.01040,0.00910,-0.02347,0.06051,0.08374,0.63076,0,1
1768333704.318600,0.01990,-0.00562,-0.00301,0.00047,0.00058,0.00038,0.53959,0.00086,0.22804,-0.00052,0.70685,0.00055,0.70736,1,3,0.99963,0.01040,0.00910,-0.02347,0.06051,0.08374,0.63076,0,1
1768333704.320571,0.02148,-0.01582,-0.01053,-0.00075,0.00069,-0.00016,0.53959,0.00086,0.22804,-0.00052,0.70685,0.00055,0.70736,1,3,0.99963,0.01040,0.00910,-0.02347,0.06051,0.08374,0.63076,0,1
1768333704.322588,0.01686,-0.04686,-0.03224,-0.00003,-0.00037,0.00011,0.53959,0.00086,0.22804,-0.00052,0.70685,0.00055,0.70736,1,3,0.99963,0.01040,0.00910,-0.02347,0.06051,0.08374,0.63076,0,1
1768333704.324587,0.00854,-0.02638,-0.00248,0.00021,-0.00080,-0.00040,0.53955,0.00086,0.22803,-0.00052,0.70685,0.00055,0.70736,1,3,0.99963,0.01040,0.00910,-0.02347,0.06051,0.08374,0.63076,0,1
1768333704.326515,0.01117,-0.01919,-0.04043,0.00118,-0.00057,0.00037,0.53955,0.00086,0.22803,-0.00052,0.70685,0.00055,0.70736,1,3,0.99963,0.01040,0.00910,-0.02347,0.06051,0.08374,0.63076,0,1
1768333704.328503,0.02853,0.02389,-0.02674,0.00039,0.00045,-0.00006,0.53951,0.00086,0.22804,-0.00052,0.70685,0.00055,0.70736,1,3,0.99963,0.01040,0.00910,-0.02347,0.06051,0.08374,0.63076,0,1
1768333704.330509,0.02355,-0.00799,-0.01841,0.00131,0.00078,-0.00017,0.53951,0.00086,0.22804,-0.00052,0.70685,0.00055,0.70736,1,3,0.99964,0.01027,0.00793,-0.02337,0.06049,0.08372,0.63061,0,1
1768333704.332524,0.01291,0.01439,0.01178,-0.00082,0.00001,0.00026,0.53947,0.00086,0.22804,-0.00052,0.70685,0.00055,0.70736,1,3,0.99964,0.01027,0.00793,-0.02337,0.06049,0.08372,0.63061,0,1
1768333704.334517,0.00447,-0.00950,-0.00290,-0.00024,-0.00038,-0.00027,0.53947,0.00086,0.22804,-0.00052,0.70685,0.00055,0.70736,1,3,0.99964,0.01027,0.00793,-0.02337,0.06049,0.08372,0.63061,0,1
1768333704.336528,-0.02116,-0.00422,0.01994,-0.00017,-0.00008,0.00004,0.53943,0.00086,0.22804,-0.00052,0.70685,0.00055,0.70736,1,3,0.99964,0.01027,0.00793,-0.02337,0.06049,0.08372,0.63061,0,1
1768333704.338539,-0.01271,-0.00432,-0.01064,0.00004,-0.00006,-0.00040,0.53939,0.00086,0.22804,-0.00052,0.70685,0.00055,0.70736,1,3,0.99964,0.01027,0.00793,-0.02337,0.06049,0.08372,0.63061,0,1
1768333704.340529,0.04588,0.00918,0.01182,-0.00000,-0.00038,0.00037,0.53935,0.00086,0.22804,-0.00052,0.70685,0.00055,0.70736,1,3,0.99964,0.01027,0.00793,-0.02337,0.06049,0.08372,0.63061,0,1
1768333704.342521,0.02436,0.01520,0.06492,-0.00278,-0.00179,-0.00050,0.53935,0.00086,0.22804,-0.00052,0.70685,0.00055,0.70736,1,3,0.99964,0.01027,0.00793,-0.02337,0.06049,0.08372,0.63061,0,1
1768333704.344530,0.00664,0.02701,0.02649,0.00108,0.00058,0.00014,0.53935,0.00086,0.22804,-0.00052,0.70685,0.00055,0.70736,1,3,0.99964,0.01027,0.00793,-0.02337,0.06049,0.08372,0.63061,0,1
1768333704.346511,0.01748,0.03230,-0.00385,-0.00082,-0.00095,-0.00002,0.53931,0.00086,0.22804,-0.00052,0.70685,0.00055,0.70737,1,3,0.99964,0.01027,0.00793,-0.02337,0.06049,0.08372,0.63061,0,1
1768333704.348537,-0.00219,-0.00162,-0.04116,0.00204,-0.00005,-0.00030,0.53931,0.00086,0.22804,-0.00052,0.70685,0.00055,0.70737,1,3,0.99964,0.01027,0.00793,-0.02337,0.06049,0.08372,0.63061,0,1
1768333704.350519,0.02302,-0.02012,0.04339,-0.00233,-0.00097,0.00083,0.53927,0.00086,0.22804,-0.00052,0.70685,0.00055,0.70736,1,3,0.99964,0.01027,0.00793,-0.02337,0.06049,0.08372,0.63061,0,1
1768333704.352554,0.03781,0.01346,-0.00380,-0.00039,0.00072,-0.00018,0.53927,0.00086,0.22804,-0.00052,0.70685,0.00055,0.70736,1,3,0.99964,0.01027,0.00793,-0.02337,0.06049,0.08372,0.63061,0,1
1768333704.354536,0.00811,0.01201,-0.01085,-0.00041,0.00008,0.00052,0.53927,0.00086,0.22804,-0.00052,0.70685,0.00055,0.70736,1,3,0.99964,0.01027,0.00793,-0.02337,0.06049,0.08372,0.63061,0,1
1768333704.356554,-0.00358,0.01447,-0.01094,-0.00126,0.00021,0.00026,0.53923,0.00086,0.22804,-0.00052,0.70685,0.00055,0.70737,1,3,0.99964,0.01027,0.00793,-0.02337,0.06049,0.08372,0.63061,0,1
1768333704.358515,-0.02667,-0.00153,-0.01049,0.00095,0.00012,0.00015,0.53923,0.00086,0.22804,-0.00052,0.70685,0.00055,0.70737,1,3,0.99964,0.01027,0.00793,-0.02337,0.06049,0.08372,0.63061,0,1
1768333704.360519,0.01768,0.00232,0.00463,-0.00118,-0.00067,0.00039,0.53919,0.00086,0.22804,-0.00052,0.70685,0.00055,0.70737,1,3,0.99964,0.01027,0.00793,-0.02337,0.06049,0.08372,0.63061,0,1
1768333704.362525,0.02760,-0.02988,-0.04060,0.00170,0.00037,-0.00019,0.53919,0.00086,0.22804,-0.00052,0.70685,0.00055,0.70737,1,3,0.99964,0.01027,0.00793,-0.02337,0.06049,0.08372,0.63061,0,1
1768333704.364540,0.01636,-0.02207,0.01274,0.00027,-0.00038,0.00027,0.53915,0.00086,0.22805,-0.00052,0.70684,0.00055,0.70737,1,3,0.99964,0.01027,0.00793,-0.02337,0.06049,0.08372,0.63061,0,1
1768333704.366572,0.00242,-0.00412,-0.05632,0.00179,-0.00024,-0.00045,0.53915,0.00086,0.22805,-0.00052,0.70684,0.00055,0.70737,1,3,0.99964,0.01027,0.00793,-0.02337,0.06049,0.08372,0.63061,0,1
1768333704.368540,-0.00217,0.02561,0.04974,-0.00200,-0.00160,0.00004,0.53911,0.00086,0.22805,-0.00052,0.70684,0.00055,0.70737,1,3,0.99961,0.01033,0.00880,-0.02459,0.06049,0.08371,0.63049,0,1
1768333704.370548,-0.00880,0.02301,-0.01120,0.00016,-0.00050,-0.00014,0.53911,0.00086,0.22805,-0.00052,0.70684,0.00055,0.70737,1,3,0.99961,0.01033,0.00880,-0.02459,0.06049,0.08371,0.63049,0,1
1768333704.372550,0.01159,0.00987,0.02693,0.00066,0.00015,0.00001,0.53907,0.00086,0.22804,-0.00052,0.70684,0.00055,0.70737,1,3,0.99961,0.01033,0.00880,-0.02459,0.06049,0.08371,0.63049,0,1
1768333704.374532,0.03778,-0.00594,-0.01060,-0.00041,0.00011,0.00036,0.53907,0.00086,0.22804,-0.00052,0.70684,0.00055,0.70737,1,3,0.99961,0.01033,0.00880,-0.02459,0.06049,0.08371,0.63049,0,1
1768333704.376555,0.01135,0.00561,-0.00335,0.00126,-0.00048,-0.00028,0.53907,0.00086,0.22804,-0.00052,0.70684,0.00055,0.70737,1,3,0.99961,0.01033,0.00880,-0.02459,0.06049,0.08371,0.63049,0,1
1768333704.378534,0.01850,0.02172,0.02704,-0.00226,-0.00069,0.00068,0.53903,0.00086,0.22804,-0.00052,0.70684,0.00055,0.70737,1,3,0.99961,0.01033,0.00880,-0.02459,0.06049,0.08371,0.63049,0,1
1768333704.380538,0.00862,0.02333,0.00423,-0.00027,-0.00172,0.00026,0.53899,0.00086,0.22804,-0.00052,0.70684,0.00055,0.70737,1,3,0.99961,0.01033,0.00880,-0.02459,0.06049,0.08371,0.63049,0,1
1768333704.382561,0.01328,-0.00076,0.00435,-0.00100,0.00052,-0.00014,0.53894,0.00086,0.22804,-0.00052,0.70685,0.00055,0.70737,1,3,0.99961,0.01033,0.00880,-0.02459,0.06049,0.08371,0.63049,0,1
1768333704.384547,-0.00017,-0.01273,0.00474,-0.00028,0.00069,0.00001,0.53894,0.00086,0.22804,-0.00052,0.70685,0.00055,0.70737,1,3,0.99961,0.01033,0.00880,-0.02459,0.06049,0.08371,0.63049,0,1
1768333704.386548,0.02071,-0.01461,0.01238,0.00036,-0.00045,-0.00014,0.53890,0.00086,0.22804,-0.00052,0.70685,0.00055,0.70736,1,3,0.99961,0.01033,0.00880,-0.02459,0.06049,0.08371,0.63049,0,1
1768333704.388529,0.01584,-0.02636,-0.05573,0.00131,-0.00076,-0.00045,0.53890,0.00086,0.22804,-0.00052,0.70685,0.00055,0.70736,1,3,0.99961,0.01033,0.00880,-0.02459,0.06049,0.08371,0.63049,0,1
1768333704.390548,0.02546,-0.01683,-0.03293,-0.00010,-0.00126,0.00009,0.53886,0.00086,0.22804,-0.00052,0.70685,0.00055,0.70736,1,3,0.99961,0.01033,0.00880,-0.02459,0.06049,0.08371,0.63049,0,1
1768333704.392547,-0.00007,0.00297,-0.02569,-0.00030,-0.00071,0.00039,0.53886,0.00086,0.22804,-0.00052,0.70685,0.00055,0.70736,1,3,0.99961,0.01033,0.00880,-0.02459,0.06049,0.08371,0.63049,0,1
1768333704.394539,-0.01304,0.03009,-0.00366,-0.00019,-0.00020,0.00027,0.53886,0.00086,0.22804,-0.00052,0.70685,0.00055,0.70736,1,3,0.99961,0.01033,0.00880,-0.02459,0.06049,0.08371,0.63049,0,1
1768333704.396562,0.03391,0.00092,0.01953,-0.00098,0.00078,0.00039,0.53882,0.00086,0.22804,-0.00052,0.70685,0.00055,0.70736,1,3,0.99961,0.01033,0.00880,-0.02459,0.06049,0.08371,0.63049,0,1
1768333704.398563,0.06654,-0.03434,-0.01774,0.00012,0.00106,0.00047,0.53882,0.00086,0.22804,-0.00052,0.70685,0.00055,0.70736,1,3,0.99961,0.01033,0.00880,-0.02459,0.06049,0.08371,0.63049,0,1
1768333704.400595,0.02921,-0.03517,-0.00998,0.00011,0.00023,-0.00003,0.53878,0.00086,0.22803,-0.00052,0.70686,0.00055,0.70736,1,3,0.99961,0.01033,0.00880,-0.02459,0.06049,0.08371,0.63049,0,1
1768333704.402586,-0.01204,-0.00392,-0.00275,-0.00061,-0.00095,0.00002,0.53878,0.00086,0.22803,-0.00052,0.70686,0.00055,0.70736,1,3,0.99961,0.01033,0.00880,-0.02459,0.06049,0.08371,0.63049,0,1
1768333704.404587,-0.01274,0.02097,0.00426,-0.00009,-0.00108,0.00015,0.53874,0.00086,0.22803,-0.00052,0.70686,0.00055,0.70735,1,3,0.99963,0.01039,0.00770,-0.02389,0.06050,0.08373,0.63065,0,1
1768333704.406585,0.00535,-0.01909,0.05834,-0.00101,-0.00102,0.00005,0.53874,0.00086,0.22803,-0.00052,0.70686,0.00055,0.70735,1,3,0.99963,0.01039,0.00770,-0.02389,0.06050,0.08373,0.63065,0,1
1768333704.408571,0.06111,0.00835,0.00395,0.00130,0.00070,0.00034,0.53870,0.00086,0.22803,-0.00052,0.70686,0.00055,0.70735,1,3,0.99963,0.01039,0.00770,-0.02389,0.06050,0.08373,0.63065,0,1
1768333704.410566,0.03640,-0.00996,-0.02575,0.00129,-0.00038,0.00008,0.53866,0.00086,0.22802,-0.00052,0.70687,0.00055,0.70735,1,3,0.99963,0.01039,0.00770,-0.02389,0.06050,0.08373,0.63065,0,1
1768333704.412572,-0.01675,0.02825,-0.00388,-0.00000,-0.00055,-0.00066,0.53866,0.00086,0.22802,-0.00052,0.70687,0.00055,0.70735,1,3,0.99963,0.01039,0.00770,-0.02389,0.06050,0.08373,0.63065,0,1
1768333704.414625,-0.01683,0.01437,-0.01838,0.00027,-0.00179,-0.00026,0.53862,0.00086,0.22803,-0.00052,0.70686,0.00055,0.70735,1,3,0.99963,0.01039,0.00770,-0.02389,0.06050,0.08373,0.63065,0,1
1768333704.416585,-0.00412,0.00017,0.01966,-0.00034,0.00009,-0.00011,0.53862,0.00086,0.22803,-0.00052,0.70686,0.00055,0.70735,1,3,0.99963,0.01039,0.00770,-0.02389,0.06050,0.08373,0.63065,0,1
1768333704.418567,0.00828,0.00699,-0.01102,-0.00025,0.00045,-0.00015,0.53858,0.00086,0.22802,-0.00052,0.70686,0.00055,0.70735,1,3,0.99963,0.01039,0.00770,-0.02389,0.06050,0.08373,0.63065,0,1
1768333704.420583,0.01162,-0.00060,0.00425,0.00053,0.00092,-0.00015,0.53858,0.00086,0.22802,-0.00052,0.70686,0.00055,0.70735,1,3,0.99963,0.01039,0.00770,-0.02389,0.06050,0.08373,0.63065,0,1
1768333704.422577,0.01699,-0.00752,0.02014,-0.00065,-0.00052,0.00068,0.53858,0.00086,0.22802,-0.00052,0.70686,0.00055,0.70735,1,3,0.99963,0.01039,0.00770,-0.02389,0.06050,0.08373,0.63065,0,1
1768333704.424577,0.00829,0.00204,0.01194,-0.00031,0.00045,0.00000,0.53854,0.00086,0.22802,-0.00052,0.70686,0.00055,0.70735,1,3,0.99963,0.01039,0.00770,-0.02389,0.06050,0.08373,0.63065,0,1
1768333704.426576,-0.00564,-0.00927,0.00480,0.00108,-0.00000,0.00015,0.53854,0.00086,0.22802,-0.00052,0.70686,0.00055,0.70735,1,3,0.99963,0.01039,0.00770,-0.02389,0.06050,0.08373,0.63065,0,1
1768333704.428581,-0.03083,-0.00415,0.00486,0.00070,0.00030,0.00044,0.53850,0.00086,0.22802,-0.00052,0.70687,0.00055,0.70734,1,3,0.99963,0.01039,0.00770,-0.02389,0.06050,0.08373,0.63065,0,1
1768333704.430570,0.00822,-0.00316,-0.00311,-0.00038,0.00071,0.00012,0.53850,0.00086,0.22802,-0.00052,0.70687,0.00055,0.70734,1,3,0.99963,0.01039,0.00770,-0.02389,0.06050,0.08373,0.63065,0,1
1768333704.432608,0.01511,-0.02197,-0.02567,0.00180,0.00026,-0.00057,0.53845,0.00086,0.22802,-0.00052,0.70687,0.00055,0.70734,1,3,0.99963,0.01039,0.00770,-0.02389,0.06050,0.08373,0.63065,0,1
1768333704.434601,0.04133,0.01190,0.01166,0.00046,-0.00033,0.00010,0.53845,0.00086,0.22802,-0.00052,0.70687,0.00055,0.70734,1,3,0.99963,0.01028,0.00849,-0.02354,0.06051,0.08374,0.63068,0,1
1768333704.436594,0.00781,0.01339,-0.04157,0.00091,-0.00095,-0.00071,0.53841,0.00086,0.22802,-0.00052,0.70687,0.00055,0.70734,1,3,0.99963,0.01028,0.00849,-0.02354,0.06051,0.08374,0.63068,0,1
1768333704.438585,-0.03427,0.01452,-0.03356,0.00071,-0.00133,-0.00026,0.53841,0.00086,0.22802,-0.00052,0.70687,0.00055,0.70734,1,3,0.99963,0.01028,0.00849,-0.02354,0.06051,0.08374,0.63068,0,1
1768333704.440590,-0.02284,-0.00416,-0.04852,0.00136,0.00033,-0.00002,0.53837,0.00086,0.22801,-0.00052,0.70688,0.00055,0.70734,1,3,0.99963,0.01028,0.00849,-0.02354,0.06051,0.08374,0.63068,0,1
1768333704.442599,0.00251,-0.03864,-0.03260,0.00181,-0.00021,-0.00029,0.53833,0.00086,0.22801,-0.00052,0.70688,0.00055,0.70734,1,3,0.99963,0.01028,0.00849,-0.02354,0.06051,0.08374,0.63068,0,1
1768333704.444612,0.01080,-0.02498,-0.01798,0.00154,0.00095,-0.00029,0.53833,0.00086,0.22801,-0.00052,0.70688,0.00055,0.70734,1,3,0.99963,0.01028,0.00849,-0.02354,0.06051,0.08374,0.63068,0,1
1768333704.446600,-0.00020,-0.02715,-0.00225,-0.00023,0.00008,0.00041,0.53829,0.00086,0.22801,-0.00052,0.70688,0.00055,0.70733,1,3,0.99963,0.01028,0.00849,-0.02354,0.06051,0.08374,0.63068,0,1
1768333704.448590,-0.00143,-0.00364,0.01281,-0.00257,-0.00246,0.00043,0.53829,0.00086,0.22801,-0.00052,0.70688,0.00055,0.70733,1,3,0.99963,0.01028,0.00849,-0.02354,0.06051,0.08374,0.63068,0,1
1768333704.450592,-0.00411,0.01583,0.00405,0.00007,-0.00081,-0.00053,0.53825,0.00086,0.22801,-0.00052,0.70688,0.00055,0.70733,1,3,0.99963,0.01028,0.00849,-0.02354,0.06051,0.08374,0.63068,0,1
1768333704.452591,0.02088,-0.01498,-0.04805,-0.00030,-0.00056,0.00062,0.53825,0.00086,0.22801,-0.00052,0.70688,0.00055,0.70733,1,3,0.99963,0.01028,0.00849,-0.02354,0.06051,0.08374,0.63068,0,1
1768333704.454597,0.02866,-0.02242,0.02815,-0.00323,-0.00155,0.00028,0.53825,0.00086,0.22801,-0.00052,0.70688,0.00055,0.70733,1,3,0.99963,0.01028,0.00849,-0.02354,0.06051,0.08374,0.63068,0,1
1768333704.456591,0.02023,0.00958,0.01930,0.00043,0.00017,-0.00001,0.53821,0.00086,0.22800,-0.00052,0.70689,0.00055,0.70733,1,3,0.99963,0.01028,0.00849,-0.02354,0.06051,0.08374,0.63068,0,1
1768333704.458614,0.01210,-0.00505,-0.00287,0.00004,-0.00009,0.00039,0.53821,0.00086,0.22800,-0.00052,0.70689,0.00055,0.70733,1,3,0.99963,0.01028,0.00849,-0.02354,0.06051,0.08374,0.63068,0,1
1768333704.460616,0.01672,-0.01250,0.00493,-0.00027,-0.00027,0.00040,0.53817,0.00086,0.22800,-0.00052,0.70689,0.00055,0.70733,1,3,0.99963,0.01028,0.00849,-0.02354,0.06051,0.08374,0.63068,0,1
1768333704.462597,0.02179,-0.01015,0.02016,-0.00111,-0.00058,0.00054,0.53817,0.00086,0.22800,-0.00052,0.70689,0.00055,0.70733,1,3,0.99963,0.01028,0.00849,-0.02354,0.06051,0.08374,0.63068,0,1
1768333704.464621,-0.00559,-0.01478,0.01249,0.00079,0.00064,0.00029,0.53813,0.00086,0.22801,-0.00052,0.70689,0.00055,0.70733,1,3,0.99963,0.01028,0.00849,-0.02354,0.06051,0.08374,0.63068,0,1
1768333704.466597,-0.00357,0.01949,0.01167,-0.00120,0.00020,0.00014,0.53813,0.00086,0.22801,-0.00052,0.70689,0.00055,0.70733,1,3,0.99963,0.01028,0.00849,-0.02354,0.06051,0.08374,0.63068,0,1
1768333704.468603,0.01682,0.02197,0.01141,-0.00029,-0.00005,-0.00015,0.53808,0.00086,0.22801,-0.00052,0.70688,0.00055,0.70733,1,3,0.99963,0.01028,0.00849,-0.02354,0.06051,0.08374,0.63068,0,1
1768333704.470623,0.02426,0.02665,0.01128,0.00042,0.00024,0.00011,0.53808,0.00086,0.22801,-0.00052,0.70688,0.00055,0.70733,1,3,0.99963,0.01028,0.00906,-0.02361,0.06050,0.08373,0.63061,0,1
1768333704.472617,0.01430,-0.01012,0.04321,-0.00221,-0.00087,0.00097,0.53805,0.00086,0.22801,-0.00052,0.70688,0.00055,0.70733,1,3,0.99963,0.01028,0.00906,-0.02361,0.06050,0.08373,0.63061,0,1
1768333704.474603,0.00389,0.01496,-0.01095,-0.00016,-0.00026,0.00026,0.53805,0.00086,0.22801,-0.00052,0.70688,0.00055,0.70733,1,3,0.99963,0.01028,0.00906,-0.02361,0.06050,0.08373,0.63061,0,1
1768333704.476601,0.00788,0.02760,-0.00352,-0.00000,-0.00082,0.00052,0.53801,0.00086,0.22801,-0.00052,0.70688,0.00055,0.70734,1,3,0.99963,0.01028,0.00906,-0.02361,0.06050,0.08373,0.63061,0,1
1768333704.478611,0.01572,-0.02172,0.01256,0.00115,-0.00038,-0.00013,0.53797,0.00086,0.22801,-0.00052,0.70688,0.00055,0.70733,1,3,0.99963,0.01028,0.00906,-0.02361,0.06050,0.08373,0.63061,0,1
1768333704.480658,0.02039,-0.02978,0.01286,0.00039,-0.00004,0.00027,0.53797,0.00086,0.22801,-0.00052,0.70688,0.00055,0.70733,1,3,0.99963,0.01028,0.00906,-0.02361,0.06050,0.08373,0.63061,0,1
1768333704.482680,0.00198,-0.00979,-0.02555,0.00151,0.00042,0.00052,0.53793,0.00086,0.22801,-0.00052,0.70688,0.00055,0.70734,1,3,0.99963,0.01028,0.00906,-0.02361,0.06050,0.08373,0.63061,0,1
1768333704.484609,0.03008,0.02041,-0.00343,-0.00053,-0.00185,0.00010,0.53793,0.00086,0.22801,-0.00052,0.70688,0.00055,0.70734,1,3,0.99963,0.01028,0.00906,-0.02361,0.06050,0.08373,0.63061,0,1
1768333704.486635,0.01024,0.00028,-0.02609,0.00207,0.00030,-0.00017,0.53789,0.00086,0.22801,-0.00052,0.70688,0.00055,0.70734,1,3,0.99963,0.01028,0.00906,-0.02361,0.06050,0.08373,0.63061,0,1
1768333704.488622,0.02078,0.00038,-0.00297,0.00010,-0.00096,0.00025,0.53789,0.00086,0.22801,-0.00052,0.70688,0.00055,0.70734,1,3,0.99963,0.01028,0.00906,-0.02361,0.06050,0.08373,0.63061,0,1
1768333704.490622,0.01265,-0.00047,0.01194,-0.00034,0.00040,-0.00014,0.53789,0.00086,0.22801,-0.00052,0.70688,0.00055,0.70734,1,3,0.99963,0.01028,0.00906,-0.02361,0.06050,0.08373,0.63061,0,1
1768333704.492632,0.01207,0.00412,-0.00317,-0.00029,0.00067,0.00052,0.53785,0.00086,0.22801,-0.00052,0.70688,0.00055,0.70733,1,3,0.99963,0.01028,0.00906,-0.02361,0.06050,0.08373,0.63061,0,1
1768333704.494614,0.00083,-0.02116,-0.03311,-0.00016,-0.00097,-0.00096,0.53785,0.00086,0.22801,-0.00052,0.70688,0.00055,0.70733,1,3,0.99963,0.01028,0.00906,-0.02361,0.06050,0.08373,0.63061,0,1
1768333704.496614,0.00866,-0.01690,-0.01013,-0.00033,-0.00068,0.00013,0.53781,0.00086,0.22802,-0.00052,0.70687,0.00055,0.70734,1,3,0.99963,0.01028,0.00906,-0.02361,0.06050,0.08373,0.63061,0,1
1768333704.498630,-0.02210,-0.02827,-0.02503,0.00106,-0.00043,-0.00012,0.53781,0.00086,0.22802,-0.00052,0.70687,0.00055,0.70734,1,3,0.99963,0.01028,0.00906,-0.02361,0.06050,0.08373,0.63061,0,1
1768333704.500623,-0.00457,-0.01468,-0.00260,-0.00008,0.00012,0.00028,0.53777,0.00086,0.22802,-0.00052,0.70687,0.00055,0.70734,1,3,0.99966,0.01027,0.00699,-0.02308,0.06053,0.08376,0.63089,0,1
1768333704.502631,0.01537,-0.02201,-0.03307,0.00136,0.00001,-0.00017,0.53777,0.00086,0.22802,-0.00052,0.70687,0.00055,0.70734,1,3,0.99966,0.01027,0.00699,-0.02308,0.06053,0.08376,0.63089,0,1
1768333704.504615,0.01990,0.01915,-0.01116,0.00033,0.00031,0.00050,0.53773,0.00086,0.22802,-0.00052,0.70687,0.00055,0.70735,1,3,0.99966,0.01027,0.00699,-0.02308,0.06053,0.08376,0.63089,0,1
1768333704.506631,0.00723,0.01809,-0.01888,0.00119,-0.00057,-0.00043,0.53773,0.00086,0.22802,-0.00052,0.70687,0.00055,0.70735,1,3,0.99966,0.01027,0.00699,-0.02308,0.06053,0.08376,0.63089,0,1
1768333704.508630,0.01702,0.03746,-0.01181,-0.00010,-0.00083,-0.00057,0.53769,0.00086,0.22803,-0.00052,0.70686,0.00055,0.70735,1,3,0.99966,0.01027,0.00699,-0.02308,0.06053,0.08376,0.63089,0,1
1768333704.510624,0.01679,-0.00243,-0.01800,-0.00037,-0.00065,0.00051,0.53765,0.00086,0.22803,-0.00052,0.70686,0.00055,0.70736,1,3,0.99966,0.01027,0.00699,-0.02308,0.06053,0.08376,0.63089,0,1
1768333704.512627,0.00434,-0.00003,0.00462,-0.00056,-0.00013,0.00027,0.53765,0.00086,0.22803,-0.00052,0.70686,0.00055,0.70736,1,3,0.99966,0.01027,0.00699,-0.02308,0.06053,0.08376,0.63089,0,1
1768333704.514631,0.00319,-0.03451,-0.00230,0.00077,0.00042,0.00000,0.53761,0.00086,0.22803,-0.00052,0.70686,0.00055,0.70736,1,3,0.99966,0.01027,0.00699,-0.02308,0.06053,0.08376,0.63089,0,1
1768333704.516633,0.02991,-0.00547,0.01213,-0.00062,-0.00018,-0.00002,0.53761,0.00086,0.22803,-0.00052,0.70686,0.00055,0.70736,1,3,0.99966,0.01027,0.00699,-0.02308,0.06053,0.08376,0.63089,0,1
1768333704.518637,0.02076,0.02028,-0.02647,0.00034,-0.00098,-0.00031,0.53757,0.00086,0.22803,-0.00052,0.70685,0.00055,0.70736,1,3,0.99966,0.01027,0.00699,-0.02308,0.06053,0.08376,0.63089,0,1
1768333704.520643,0.00426,0.01963,-0.00355,-0.00054,-0.00002,0.00012,0.53757,0.00086,0.22803,-0.00052,0.70685,0.00055,0.70736,1,3,0.99966,0.01027,0.00699,-0.02308,0.06053,0.08376,0.63089,0,1
1768333704.522637,-0.01680,-0.01170,0.02012,-0.00026,-0.00012,0.00004,0.53757,0.00086,0.22803,-0.00052,0.70685,0.00055,0.70736,1,3,0.99966,0.01027,0.00699,-0.02308,0.06053,0.08376,0.63089,0,1
1768333704.524652,-0.00918,-0.02711,-0.01746,0.00021,0.00044,0.00041,0.53753,0.00086,0.22804,-0.00052,0.70685,0.00055,0.70737,1,3,0.99966,0.01027,0.00699,-0.02308,0.06053,0.08376,0.63089,0,1
1768333704.526671,0.01489,-0.02108,0.02049,-0.00300,0.00028,0.00082,0.53753,0.00086,0.22804,-0.00052,0.70685,0.00055,0.70737,1,3,0.99966,0.01027,0.00699,-0.02308,0.06053,0.08376,0.63089,0,1
1768333704.528635,0.00826,-0.00739,0.00478,-0.00021,-0.00017,0.00027,0.53749,0.00086,0.22804,-0.00052,0.70684,0.00055,0.70737,1,3,0.99966,0.01027,0.00699,-0.02308,0.06053,0.08376,0.63089,0,1
1768333704.530655,-0.02237,-0.01418,-0.00257,0.00080,0.00033,0.00029,0.53749,0.00086,0.22804,-0.00052,0.70684,0.00055,0.70737,1,3,0.99966,0.01027,0.00699,-0.02308,0.06053,0.08376,0.63089,0,1
1768333704.532645,-0.00028,-0.00259,-0.02561,-0.00037,0.00006,0.00052,0.53745,0.00085,0.22804,-0.00052,0.70684,0.00055,0.70737,1,3,0.99963,0.01035,0.00836,-0.02363,0.06050,0.08373,0.63067,0,1
1768333704.534657,0.01020,-0.01251,0.04324,-0.00224,-0.00082,0.00084,0.53745,0.00085,0.22804,-0.00052,0.70684,0.00055,0.70737,1,3,0.99963,0.01035,0.00836,-0.02363,0.06050,0.08373,0.63067,0,1
1768333704.536650,0.01282,0.03418,0.01086,-0.00036,0.00036,-0.00069,0.53741,0.00085,0.22804,-0.00052,0.70684,0.00055,0.70737,1,3,0.99963,0.01035,0.00836,-0.02363,0.06050,0.08373,0.63067,0,1
1768333704.538655,-0.00148,0.04668,-0.01220,0.00088,0.00091,-0.00043,0.53741,0.00085,0.22804,-0.00052,0.70684,0.00055,0.70737,1,3,0.99963,0.01035,0.00836,-0.02363,0.06050,0.08373,0.63067,0,1
1768333704.540650,0.01196,0.02426,-0.01108,-0.00026,0.00002,0.00078,0.53736,0.00085,0.22804,-0.00052,0.70684,0.00055,0.70738,1,3,0.99963,0.01035,0.00836,-0.02363,0.06050,0.08373,0.63067,0,1
1768333704.542659,0.01630,-0.01152,-0.00290,0.00083,-0.00091,-0.00042,0.53732,0.00085,0.22804,-0.00052,0.70684,0.00055,0.70738,1,3,0.99963,0.01035,0.00836,-0.02363,0.06050,0.08373,0.63067,0,1
1768333704.544676,0.01050,0.01933,0.02696,0.00099,0.00055,0.00095,0.53732,0.00085,0.22804,-0.00052,0.70684,0.00055,0.70738,1,3,0.99963,0.01035,0.00836,-0.02363,0.06050,0.08373,0.63067,0,1
1768333704.546668,0.00224,-0.02718,0.02072,-0.00242,-0.00071,0.00043,0.53728,0.00085,0.22804,-0.00052,0.70684,0.00055,0.70738,1,3,0.99963,0.01035,0.00836,-0.02363,0.06050,0.08373,0.63067,0,1
1768333704.548663,0.01492,0.02277,-0.03417,0.00169,-0.00041,-0.00018,0.53728,0.00085,0.22804,-0.00052,0.70684,0.00055,0.70738,1,3,0.99963,0.01035,0.00836,-0.02363,0.06050,0.08373,0.63067,0,1
1768333704.550668,0.02064,-0.01615,0.00472,-0.00031,0.00121,0.00026,0.53724,0.00085,0.22805,-0.00052,0.70683,0.00055,0.70738,1,3,0.99963,0.01035,0.00836,-0.02363,0.06050,0.08373,0.63067,0,1
1768333704.552664,0.00147,-0.01401,-0.04843,0.00255,0.00004,-0.00017,0.53724,0.00085,0.22805,-0.00052,0.70683,0.00055,0.70738,1,3,0.99963,0.01035,0.00836,-0.02363,0.06050,0.08373,0.63067,0,1
1768333704.554656,0.01112,-0.02849,-0.04034,0.00172,-0.00095,-0.00017,0.53724,0.00085,0.22805,-0.00052,0.70683,0.00055,0.70738,1,3,0.99963,0.01035,0.00836,-0.02363,0.06050,0.08373,0.63067,0,1
1768333704.556668,0.00425,-0.02999,-0.03285,-0.00027,0.00053,-0.00016,0.53720,0.00085,0.22804,-0.00052,0.70684,0.00055,0.70737,1,3,0.99963,0.01035,0.00836,-0.02363,0.06050,0.08373,0.63067,0,1
1768333704.558669,0.00341,0.00944,-0.00348,0.00021,0.00076,-0.00001,0.53720,0.00085,0.22804,-0.00052,0.70684,0.00055,0.70737,1,3,0.99963,0.01035,0.00836,-0.02363,0.06050,0.08373,0.63067,0,1
1768333704.560678,0.01638,0.01704,-0.00345,-0.00013,-0.00016,0.00038,0.53716,0.00085,0.22805,-0.00052,0.70684,0.00055,0.70738,1,3,0.99963,0.01035,0.00836,-0.02363,0.06050,0.08373,0.63067,0,1
1768333704.562655,0.02089,-0.01478,0.00477,0.00014,-0.00032,-0.00014,0.53716,0.00085,0.22805,-0.00052,0.70684,0.00055,0.70738,1,3,0.99963,0.01035,0.00836,-0.02363,0.06050,0.08373,0.63067,0,1
1768333704.564683,0.03254,0.00416,0.01987,-0.00334,-0.00110,0.00053,0.53712,0.00085,0.22804,-0.00052,0.70684,0.00055,0.70737,1,3,0.99963,0.01035,0.00836,-0.02363,0.06050,0.08373,0.63067,0,1
1768333704.566714,0.01643,-0.00835,-0.00281,-0.00044,0.00063,0.00066,0.53712,0.00085,0.22804,-0.00052,0.70684,0.00055,0.70737,1,3,0.99961,0.01029,0.00931,-0.02419,0.06049,0.08371,0.63048,0,1
1768333704.568692,-0.01400,-0.00464,-0.03321,0.00070,0.00035,0.00039,0.53708,0.00085,0.22804,-0.00052,0.70684,0.00055,0.70737,1,3,0.99961,0.01029,0.00931,-0.02419,0.06049,0.08371,0.63048,0,1
1768333704.570707,0.00693,0.00788,0.01198,0.00107,-0.00029,0.00027,0.53708,0.00085,0.22804,-0.00052,0.70684,0.00055,0.70737,1,3,0.99961,0.01029,0.00931,-0.02419,0.06049,0.08371,0.63048,0,1
1768333704.572690,0.02108,-0.00011,0.01217,-0.00034,-0.00046,0.00026,0.53708,0.00085,0.22804,-0.00052,0.70684,0.00055,0.70737,1,3,0.99961,0.01029,0.00931,-0.02419,0.06049,0.08371,0.63048,0,1
1768333704.574709,0.00398,0.00112,-0.01078,0.00055,-0.00102,-0.00055,0.53704,0.00085,0.22804,-0.00052,0.70684,0.00055,0.70737,1,3,0.99961,0.01029,0.00931,-0.02419,0.06049,0.08371,0.63048,0,1
1768333704.576694,0.02973,-0.02526,-0.00234,-0.00064,-0.00028,0.00052,0.53700,0.00085,0.22804,-0.00052,0.70684,0.00055,0.70737,1,3,0.99961,0.01029,0.00931,-0.02419,0.06049,0.08371,0.63048,0,1
1768333704.578703,-0.02257,0.00592,0.00432,0.00126,0.00018,-0.00025,0.53696,0.00085,0.22804,-0.00052,0.70684,0.00055,0.70737,1,3,0.99961,0.01029,0.00931,-0.02419,0.06049,0.08371,0.63048,0,1
1768333704.580743,0.00452,0.01979,0.04187,-0.00054,-0.00003,-0.00024,0.53696,0.00085,0.22804,-0.00052,0.70684,0.00055,0.70737,1,3,0.99961,0.01029,0.00931,-0.02419,0.06049,0.08371,0.63048,0,1
1768333704.582705,0.00419,0.00455,-0.00323,-0.00050,0.00038,0.00013,0.53692,0.00085,0.22804,-0.00052,0.70684,0.00055,0.70737,1,3,0.99961,0.01029,0.00931,-0.02419,0.06049,0.08371,0.63048,0,1
1768333704.584689,0.00269,-0.01983,-0.01756,0.00073,0.00030,0.00080,0.53692,0.00085,0.22804,-0.00052,0.70684,0.00055,0.70737,1,3,0.99961,0.01029,0.00931,-0.02419,0.06049,0.08371,0.63048,0,1
1768333704.586725,0.02855,-0.01460,-0.01009,0.00058,-0.00091,0.00064,0.53688,0.00085,0.22804,-0.00052,0.70684,0.00055,0.70737,1,3,0.99961,0.01029,0.00931,-0.02419,0.06049,0.08371,0.63048,0,1
1768333704.588682,0.01628,0.00261,0.02717,0.00035,-0.00028,0.00001,0.53688,0.00085,0.22804,-0.00052,0.70684,0.00055,0.70737,1,3,0.99961,0.01029,0.00931,-0.02419,0.06049,0.08371,0.63048,0,1
1768333704.590689,0.01028,-0.00524,-0.01840,0.00178,0.00094,-0.00003,0.53688,0.00085,0.22804,-0.00052,0.70684,0.00055,0.70737,1,3,0.99961,0.01029,0.00931,-0.02419,0.06049,0.08371,0.63048,0,1
1768333704.592708,0.01261,0.01496,0.01166,-0.00016,-0.00037,-0.00014,0.53688,0.00085,0.22804,-0.00052,0.70684,0.00055,0.70737,1,3,0.99961,0.01029,0.00931,-0.02419,0.06049,0.08371,0.63048,0,1
1768333704.594718,-0.01035,-0.01190,-0.03341,0.00170,0.00068,-0.00042,0.53684,0.00085,0.22804,-0.00052,0.70684,0.00055,0.70737,1,3,0.99961,0.01029,0.00931,-0.02419,0.06049,0.08371,0.63048,0,1
1768333704.596710,-0.00749,-0.01286,-0.01038,-0.00137,0.00066,0.00001,0.53684,0.00085,0.22804,-0.00052,0.70684,0.00055,0.70737,1,3,0.99961,0.01029,0.00931,-0.02419,0.06049,0.08371,0.63048,0,1
1768333704.598708,0.01173,-0.03445,-0.00989,0.00077,0.00006,-0.00001,0.53680,0.00085,0.22804,-0.00052,0.70685,0.00055,0.70737,1,3,0.99961,0.01029,0.00931,-0.02419,0.06049,0.08371,0.63048,0,1
1768333704.600720,0.01843,-0.00695,0.04312,-0.00173,-0.00168,0.00070,0.53676,0.00085,0.22804,-0.00052,0.70685,0.00055,0.70737,1,3,0.99961,0.01029,0.00931,-0.02419,0.06049,0.08371,0.63048,0,1
1768333704.602731,0.02890,-0.02469,-0.00268,0.00067,-0.00029,-0.00029,0.53676,0.00085,0.22804,-0.00052,0.70685,0.00055,0.70737,1,3,0.99961,0.01029,0.00931,-0.02419,0.06049,0.08371,0.63048,0,1
1768333704.604709,0.00479,-0.00514,0.00481,-0.00106,-0.00013,0.00041,0.53676,0.00085,0.22804,-0.00052,0.70685,0.00055,0.70737,1,3,0.99961,0.01029,0.00931,-0.02419,0.06049,0.08371,0.63048,0,1
1768333704.606728,0.00936,0.00660,0.00418,-0.00135,0.00056,-0.00014,0.53672,0.00085,0.22804,-0.00052,0.70685,0.00055,0.70737,1,3,0.99961,0.01029,0.00931,-0.02419,0.06049,0.08371,0.63048,0,1
1768333704.608708,-0.00598,-0.03434,-0.03269,0.00143,0.00066,-0.00001,0.53672,0.00085,0.22804,-0.00052,0.70685,0.00055,0.70737,1,3,0.99961,0.01042,0.00983,-0.02392,0.06050,0.08372,0.63060,0,1
1768333704.610733,0.03159,-0.00573,0.02776,-0.00259,-0.00083,0.00081,0.53668,0.00085,0.22804,-0.00052,0.70685,0.00055,0.70736,1,3,0.99961,0.01042,0.00983,-0.02392,0.06050,0.08372,0.63060,0,1
1768333704.612702,0.02804,-0.00728,0.05074,-0.00283,-0.00193,0.00070,0.53668,0.00085,0.22804,-0.00052,0.70685,0.00055,0.70736,1,3,0.99961,0.01042,0.00983,-0.02392,0.06050,0.08372,0.63060,0,1
1768333704.614737,0.00676,-0.02100,-0.04051,0.00181,-0.00091,-0.00017,0.53660,0.00085,0.22804,-0.00052,0.70685,0.00055,0.70736,1,3,0.99961,0.01042,0.00983,-0.02392,0.06050,0.08372,0.63060,0,1
1768333704.616706,0.01422,0.00954,0.03504,-0.00219,-0.00076,0.00083,0.53660,0.00085,0.22804,-0.00052,0.70685,0.00055,0.70736,1,3,0.99961,0.01042,0.00983,-0.02392,0.06050,0.08372,0.63060,0,1
1768333704.618829,0.02608,0.00695,0.01976,-0.00134,-0.00064,0.00067,0.53656,0.00085,0.22804,-0.00052,0.70685,0.00055,0.70737,1,3,0.99961,0.01042,0.00983,-0.02392,0.06050,0.08372,0.63060,0,1
1768333704.620803,0.01656,0.04671,-0.00435,-0.00021,-0.00019,-0.00003,0.53656,0.00085,0.22804,-0.00052,0.70685,0.00055,0.70737,1,3,0.99961,0.01042,0.00983,-0.02392,0.06050,0.08372,0.63060,0,1
1768333704.622716,0.00902,-0.00716,0.01211,-0.00043,-0.00032,-0.00053,0.53656,0.00085,0.22804,-0.00052,0.70685,0.00055,0.70737,1,3,0.99961,0.01042,0.00983,-0.02392,0.06050,0.08372,0.63060,0,1
1768333704.624719,-0.00920,-0.02080,-0.02521,0.00094,-0.00097,-0.00014,0.53652,0.00085,0.22803,-0.00052,0.70685,0.00055,0.70736,1,3,0.99961,0.01042,0.00983,-0.02392,0.06050,0.08372,0.63060,0,1
1768333704.626729,-0.00387,-0.02961,-0.00997,-0.00048,0.00024,-0.00013,0.53652,0.00085,0.22803,-0.00052,0.70685,0.00055,0.70736,1,3,0.99961,0.01042,0.00983,-0.02392,0.06050,0.08372,0.63060,0,1
1768333704.628725,0.00589,0.01999,0.01959,-0.00206,-0.00117,0.00055,0.53648,0.00085,0.22804,-0.00052,0.70685,0.00055,0.70736,1,3,0.99961,0.01042,0.00983,-0.02392,0.06050,0.08372,0.63060,0,1
1768333704.630753,-0.00841,-0.00711,0.01246,-0.00043,-0.00010,0.00029,0.53648,0.00085,0.22804,-0.00052,0.70685,0.00055,0.70736,1,3,0.99961,0.01042,0.00983,-0.02392,0.06050,0.08372,0.63060,0,1
1768333704.632753,-0.00104,0.01314,-0.01126,0.00113,-0.00022,-0.00068,0.53648,0.00085,0.22804,-0.00052,0.70685,0.00055,0.70736,1,3,0.99961,0.01042,0.00983,-0.02392,0.06050,0.08372,0.63060,0,1
1768333704.634756,0.02386,-0.02477,0.02831,-0.00282,-0.00148,0.00056,0.53644,0.00085,0.22804,-0.00052,0.70685,0.00055,0.70736,1,3,0.99961,0.01042,0.00983,-0.02392,0.06050,0.08372,0.63060,0,1
1768333704.636781,0.01257,-0.01557,-0.01052,-0.00031,0.00079,-0.00015,0.53644,0.00085,0.22804,-0.00052,0.70685,0.00055,0.70736,1,3,0.99961,0.01042,0.00983,-0.02392,0.06050,0.08372,0.63060,0,1
1768333704.638735,-0.00029,-0.03711,0.00516,0.00030,0.00071,-0.00052,0.53640,0.00085,0.22804,-0.00052,0.70685,0.00055,0.70736,1,3,0.99961,0.01042,0.00983,-0.02392,0.06050,0.08372,0.63060,0,1
1768333704.640726,-0.00446,-0.01495,0.01237,-0.00008,0.00062,-0.00012,0.53640,0.00085,0.22804,-0.00052,0.70685,0.00055,0.70736,1,3,0.99962,0.01043,0.00829,-0.02430,0.06049,0.08372,0.63056,0,1
1768333704.642749,0.00625,0.00746,-0.01870,0.00172,0.00060,-0.00016,0.53636,0.00085,0.22804,-0.00052,0.70685,0.00055,0.70736,1,3,0.99962,0.01043,0.00829,-0.02430,0.06049,0.08372,0.63056,0,1
1768333704.644737,0.01173,0.01023,0.01181,0.00066,-0.00036,-0.00000,0.53632,0.00085,0.22803,-0.00052,0.70685,0.00055,0.70736,1,3,0.99962,0.01043,0.00829,-0.02430,0.06049,0.08372,0.63056,0,1
1768333704.646751,0.00753,-0.02581,-0.02524,0.00131,-0.00117,-0.00042,0.53632,0.00085,0.22803,-0.00052,0.70685,0.00055,0.70736,1,3,0.99962,0.01043,0.00829,-0.02430,0.06049,0.08372,0.63056,0,1
1768333704.648784,0.02134,-0.02985,0.00532,-0.00048,-0.00031,0.00026,0.53628,0.00085,0.22804,-0.00052,0.70685,0.00055,0.70737,1,3,0.99962,0.01043,0.00829,-0.02430,0.06049,0.08372,0.63056,0,1
1768333704.650780,0.02104,0.06359,-0.00459,-0.00088,-0.00025,0.00050,0.53628,0.00085,0.22804,-0.00052,0.70685,0.00055,0.70737,1,3,0.99962,0.01043,0.00829,-0.02430,0.06049,0.08372,0.63056,0,1
1768333704.652757,-0.02196,0.04036,-0.01177,0.00058,0.00002,-0.00040,0.53624,0.00085,0.22804,-0.00052,0.70684,0.00055,0.70737,1,3,0.99962,0.01043,0.00829,-0.02430,0.06049,0.08372,0.63056,0,1
1768333704.654748,0.01777,0.01195,-0.02632,-0.00107,-0.00018,-0.00031,0.53624,0.00085,0.22804,-0.00052,0.70684,0.00055,0.70737,1,3,0.99962,0.01043,0.00829,-0.02430,0.06049,0.08372,0.63056,0,1
1768333704.656776,0.02013,-0.02982,0.00523,0.00061,0.00009,0.00026,0.53620,0.00085,0.22804,-0.00052,0.70684,0.00055,0.70737,1,3,0.99962,0.01043,0.00829,-0.02430,0.06049,0.08372,0.63056,0,1
1768333704.658736,-0.00006,-0.03658,0.01303,0.00009,-0.00018,-0.00011,0.53620,0.00085,0.22804,-0.00052,0.70684,0.00055,0.70737,1,3,0.99962,0.01043,0.00829,-0.02430,0.06049,0.08372,0.63056,0,1
1768333704.660767,-0.00158,-0.04606,-0.02462,0.00151,-0.00027,0.00013,0.53620,0.00085,0.22804,-0.00052,0.70684,0.00055,0.70737,1,3,0.99962,0.01043,0.00829,-0.02430,0.06049,0.08372,0.63056,0,1
1768333704.662756,0.00415,-0.01471,-0.00278,-0.00008,0.00001,-0.00013,0.53616,0.00085,0.22803,-0.00052,0.70685,0.00055,0.70736,1,3,0.99962,0.01043,0.00829,-0.02430,0.06049,0.08372,0.63056,0,1
1768333704.664763,0.00366,0.00455,-0.00345,0.00015,0.00076,-0.00028,0.53616,0.00085,0.22803,-0.00052,0.70685,0.00055,0.70736,1,3,0.99962,0.01043,0.00829,-0.02430,0.06049,0.08372,0.63056,0,1
1768333704.666765,0.02163,0.02917,0.00382,-0.00108,-0.00036,0.00025,0.53612,0.00085,0.22804,-0.00052,0.70685,0.00055,0.70736,1,3,0.99962,0.01043,0.00829,-0.02430,0.06049,0.08372,0.63056,0,1
1768333704.668768,0.01493,-0.00707,-0.04087,0.00154,-0.00025,0.00022,0.53612,0.00085,0.22804,-0.00052,0.70685,0.00055,0.70736,1,3,0.99962,0.01043,0.00829,-0.02430,0.06049,0.08372,0.63056,0,1
1768333704.670773,0.00290,-0.02831,-0.06324,0.00172,-0.00086,-0.00058,0.53608,0.00085,0.22804,-0.00052,0.70685,0.00055,0.70736,1,3,0.99961,0.01043,0.00846,-0.02447,0.06049,0.08372,0.63054,0,1
1768333704.672757,-0.00556,-0.03387,0.00538,0.00122,0.00001,0.00002,0.53608,0.00085,0.22804,-0.00052,0.70685,0.00055,0.70736,1,3,0.99961,0.01043,0.00846,-0.02447,0.06049,0.08372,0.63054,0,1
1768333704.674771,0.01586,-0.01267,-0.00311,0.00082,0.00062,-0.00042,0.53604,0.00085,0.22804,-0.00052,0.70685,0.00055,0.70737,1,3,0.99961,0.01043,0.00846,-0.02447,0.06049,0.08372,0.63054,0,1
1768333704.676750,0.00462,0.01929,-0.01877,-0.00098,0.00023,0.00011,0.53600,0.00085,0.22804,-0.00052,0.70684,0.00055,0.70737,1,3,0.99961,0.01043,0.00846,-0.02447,0.06049,0.08372,0.63054,0,1
1768333704.678761,0.02413,0.00460,0.01959,-0.00290,-0.00101,-0.00027,0.53600,0.00085,0.22804,-0.00052,0.70684,0.00055,0.70737,1,3,0.99961,0.01043,0.00846,-0.02447,0.06049,0.08372,0.63054,0,1
1768333704.680776,0.01566,-0.02125,-0.04053,0.00137,-0.00101,-0.00017,0.53595,0.00085,0.22804,-0.00052,0.70684,0.00055,0.70737,1,3,0.99961,0.01043,0.00846,-0.02447,0.06049,0.08372,0.63054,0,1
1768333704.682765,0.02489,-0.05180,-0.00932,0.00035,-0.00046,0.00025,0.53595,0.00085,0.22804,-0.00052,0.70684,0.00055,0.70737,1,3,0.99961,0.01043,0.00846,-0.02447,0.06049,0.08372,0.63054,0,1
1768333704.684752,-0.01002,-0.02159,-0.04076,0.00158,0.00043,-0.00056,0.53592,0.00085,0.22804,-0.00052,0.70684,0.00055,0.70737,1,3,0.99961,0.01043,0.00846,-0.02447,0.06049,0.08372,0.63054,0,1
1768333704.686783,0.00811,-0.00787,-0.01790,-0.00043,0.00022,0.00065,0.53592,0.00085,0.22804,-0.00052,0.70684,0.00055,0.70737,1,3,0.99961,0.01043,0.00846,-0.02447,0.06049,0.08372,0.63054,0,1
1768333704.688779,-0.01077,-0.01188,-0.01789,0.00170,0.00045,0.00040,0.53588,0.00085,0.22804,-0.00052,0.70684,0.00055,0.70737,1,3,0.99961,0.01043,0.00846,-0.02447,0.06049,0.08372,0.63054,0,1
1768333704.690888,0.01198,0.01033,0.01167,0.00066,-0.00037,-0.00041,0.53588,0.00085,0.22804,-0.00052,0.70684,0.00055,0.70737,1,3,0.99961,0.01043,0.00846,-0.02447,0.06049,0.08372,0.63054,0,1
1768333704.692890,0.01306,0.02475,0.01909,-0.00069,-0.00051,-0.00000,0.53588,0.00085,0.22804,-0.00052,0.70684,0.00055,0.70737,1,3,0.99961,0.01043,0.00846,-0.02447,0.06049,0.08372,0.63054,0,1
1768333704.694797,0.00776,-0.01161,-0.01810,0.00083,-0.00055,-0.00042,0.53584,0.00085,0.22805,-0.00052,0.70684,0.00055,0.70737,1,3,0.99961,0.01043,0.00846,-0.02447,0.06049,0.08372,0.63054,0,1
1768333704.696794,-0.00142,-0.01479,0.02799,-0.00292,-0.00081,0.00031,0.53584,0.00085,0.22805,-0.00052,0.70684,0.00055,0.70737,1,3,0.99961,0.01043,0.00846,-0.02447,0.06049,0.08372,0.63054,0,1
1768333704.698793,0.01199,-0.05927,-0.00915,0.00047,0.00008,0.00027,0.53580,0.00085,0.22805,-0.00052,0.70684,0.00055,0.70738,1,3,0.99961,0.01043,0.00846,-0.02447,0.06049,0.08372,0.63054,0,1
1768333704.700789,-0.00250,-0.01178,-0.01807,0.00214,0.00034,-0.00001,0.53580,0.00085,0.22805,-0.00052,0.70684,0.00055,0.70738,1,3,0.99961,0.01043,0.00846,-0.02447,0.06049,0.08372,0.63054,0,1
1768333704.702789,0.01672,0.00738,0.01199,-0.00025,-0.00041,0.00026,0.53575,0.00085,0.22805,-0.00052,0.70684,0.00055,0.70738,1,3,0.99961,0.01043,0.00846,-0.02447,0.06049,0.08372,0.63054,0,1
1768333704.704794,0.01225,0.01032,0.02705,0.00022,-0.00062,0.00001,0.53575,0.00085,0.22805,-0.00052,0.70684,0.00055,0.70738,1,3,0.99961,0.01043,0.00846,-0.02447,0.06049,0.08372,0.63054,0,1
1768333704.706789,0.00366,0.02435,-0.01141,-0.00004,0.00049,-0.00002,0.53571,0.00085,0.22805,-0.00052,0.70684,0.00055,0.70738,1,3,0.99963,0.01027,0.00735,-0.02413,0.06050,0.08373,0.63062,0,1
1768333704.708790,-0.00010,0.00234,0.00441,-0.00031,0.00030,0.00000,0.53571,0.00085,0.22805,-0.00052,0.70684,0.00055,0.70738,1,3,0.99963,0.01027,0.00735,-0.02413,0.06050,0.08373,0.63062,0,1
1768333704.710783,0.01481,0.01470,0.02752,-0.00278,-0.00140,0.00109,0.53567,0.00085,0.22805,-0.00052,0.70684,0.00055,0.70738,1,3,0.99963,0.01027,0.00735,-0.02413,0.06050,0.08373,0.63062,0,1
1768333704.712768,-0.01714,0.03269,-0.00381,-0.00016,-0.00015,0.00001,0.53563,0.00085,0.22805,-0.00052,0.70683,0.00055,0.70738,1,3,0.99963,0.01027,0.00735,-0.02413,0.06050,0.08373,0.63062,0,1
1768333704.714789,-0.00663,-0.02283,-0.04805,0.00266,-0.00100,-0.00029,0.53563,0.00085,0.22805,-0.00052,0.70683,0.00055,0.70738,1,3,0.99963,0.01027,0.00735,-0.02413,0.06050,0.08373,0.63062,0,1
1768333704.716791,-0.00241,-0.03415,0.00594,-0.00206,-0.00115,0.00083,0.53559,0.00085,0.22805,-0.00052,0.70683,0.00055,0.70738,1,3,0.99963,0.01027,0.00735,-0.02413,0.06050,0.08373,0.63062,0,1
1768333704.718799,0.00308,-0.01926,0.00498,0.00096,-0.00010,0.00001,0.53559,0.00085,0.22805,-0.00052,0.70683,0.00055,0.70738,1,3,0.99963,0.01027,0.00735,-0.02413,0.06050,0.08373,0.63062,0,1
1768333704.720890,0.01278,0.00484,-0.02614,-0.00028,-0.00011,-0.00030,0.53555,0.00085,0.22805,-0.00052,0.70683,0.00055,0.70738,1,3,0.99963,0.01027,0.00735,-0.02413,0.06050,0.08373,0.63062,0,1
1768333704.722822,-0.00864,-0.00273,-0.01061,-0.00037,0.00066,0.00014,0.53555,0.00085,0.22805,-0.00052,0.70683,0.00055,0.70738,1,3,0.99963,0.01027,0.00735,-0.02413,0.06050,0.08373,0.63062,0,1
1768333704.724810,-0.00796,-0.01222,0.01265,-0.00092,-0.00010,0.00043,0.53555,0.00085,0.22805,-0.00052,0.70683,0.00055,0.70738,1,3,0.99963,0.01027,0.00735,-0.02413,0.06050,0.08373,0.63062,0,1
1768333704.726815,0.02481,-0.01721,0.01253,0.00033,-0.00049,0.00013,0.53551,0.00085,0.22805,-0.00052,0.70683,0.00055,0.70738,1,3,0.99963,0.01027,0.00735,-0.02413,0.06050,0.08373,0.63062,0,1
1768333704.728814,0.02748,0.03499,-0.03459,0.00183,-0.00057,-0.00033,0.53551,0.00085,0.22805,-0.00052,0.70683,0.00055,0.70738,1,3,0.99963,0.01027,0.00735,-0.02413,0.06050,0.08373,0.63062,0,1
1768333704.730809,0.01226,-0.00373,0.01200,0.00093,-0.00113,-0.00081,0.53547,0.00085,0.22805,-0.00052,0.70683,0.00055,0.70738,1,3,0.99963,0.01027,0.00735,-0.02413,0.06050,0.08373,0.63062,0,1
1768333704.732812,-0.00917,-0.02128,-0.02546,0.00093,-0.00021,-0.00054,0.53547,0.00085,0.22805,-0.00052,0.70683,0.00055,0.70738,1,3,0.99963,0.01027,0.00735,-0.02413,0.06050,0.08373,0.63062,0,1
1768333704.734797,-0.00975,-0.04139,-0.01741,0.00134,0.00045,-0.00040,0.53543,0.00085,0.22805,-0.00052,0.70683,0.00055,0.70738,1,3,0.99963,0.01034,0.00882,-0.02376,0.06051,0.08374,0.63070,0,1
1768333704.736809,0.00843,-0.00751,-0.01059,-0.00021,0.00008,-0.00015,0.53543,0.00085,0.22805,-0.00052,0.70683,0.00055,0.70738,1,3,0.99963,0.01034,0.00882,-0.02376,0.06051,0.08374,0.63070,0,1
1768333704.738808,-0.00632,-0.03332,-0.05534,0.00210,-0.00048,-0.00003,0.53539,0.00085,0.22805,-0.00052,0.70683,0.00055,0.70738,1,3,0.99963,0.01034,0.00882,-0.02376,0.06051,0.08374,0.63070,0,1
1768333704.740828,0.00667,-0.03440,0.02835,-0.00229,-0.00090,0.00003,0.53535,0.00085,0.22805,-0.00052,0.70683,0.00055,0.70738,1,3,0.99963,0.01034,0.00882,-0.02376,0.06051,0.08374,0.63070,0,1
1768333704.742809,0.03657,0.00972,-0.04908,0.00109,-0.00040,-0.00008,0.53535,0.00085,0.22805,-0.00052,0.70683,0.00055,0.70738,1,3,0.99963,0.01034,0.00882,-0.02376,0.06051,0.08374,0.63070,0,1
1768333704.744821,0.01642,-0.02180,0.02019,0.00049,-0.00052,-0.00013,0.53531,0.00085,0.22805,-0.00052,0.70683,0.00055,0.70738,1,3,0.99963,0.01034,0.00882,-0.02376,0.06051,0.08374,0.63070,0,1
1768333704.746821,0.00058,0.02705,-0.02666,-0.00089,0.00002,-0.00030,0.53531,0.00085,0.22805,-0.00052,0.70683,0.00055,0.70738,1,3,0.99963,0.01034,0.00882,-0.02376,0.06051,0.08374,0.63070,0,1
1768333704.748840,0.00326,-0.01943,-0.00263,0.00074,0.00002,0.00000,0.53527,0.00085,0.22805,-0.00052,0.70683,0.00055,0.70738,1,3,0.99963,0.01034,0.00882,-0.02376,0.06051,0.08374,0.63070,0,1
1768333704.750835,-0.00807,-0.00688,0.01252,-0.00064,-0.00048,0.00029,0.53527,0.00085,0.22805,-0.00052,0.70683,0.00055,0.70738,1,3,0.99963,0.01034,0.00882,-0.02376,0.06051,0.08374,0.63070,0,1
1768333704.752845,0.04168,0.01169,0.00369,0.00046,0.00016,-0.00072,0.53523,0.00085,0.22805,-0.00052,0.70683,0.00055,0.70738,1,3,0.99963,0.01034,0.00882,-0.02376,0.06051,0.08374,0.63070,0,1
1768333704.754839,0.03342,0.01653,0.01147,-0.00014,0.00014,-0.00003,0.53523,0.00085,0.22805,-0.00052,0.70683,0.00055,0.70738,1,3,0.99963,0.01034,0.00882,-0.02376,0.06051,0.08374,0.63070,0,1
1768333704.756855,0.04272,-0.02252,0.03567,-0.00083,-0.00108,0.00067,0.53523,0.00085,0.22805,-0.00052,0.70683,0.00055,0.70738,1,3,0.99963,0.01034,0.00882,-0.02376,0.06051,0.08374,0.63070,0,1
1768333704.758828,-0.00050,-0.03147,0.01284,0.00059,-0.00018,-0.00025,0.53519,0.00085,0.22805,-0.00052,0.70684,0.00055,0.70738,1,3,0.99963,0.01034,0.00882,-0.02376,0.06051,0.08374,0.63070,0,1
1768333704.760832,0.01288,0.00504,0.01964,-0.00050,-0.00049,0.00014,0.53519,0.00085,0.22805,-0.00052,0.70684,0.00055,0.70738,1,3,0.99963,0.01034,0.00882,-0.02376,0.06051,0.08374,0.63070,0,1
1768333704.762810,0.01213,0.03405,-0.01905,-0.00036,0.00014,0.00050,0.53515,0.00085,0.22805,-0.00052,0.70684,0.00055,0.70738,1,3,0.99963,0.01034,0.00882,-0.02376,0.06051,0.08374,0.63070,0,1
1768333704.764812,0.00698,-0.01016,0.04311,-0.00308,-0.00078,0.00058,0.53515,0.00085,0.22805,-0.00052,0.70684,0.00055,0.70738,1,3,0.99963,0.01034,0.00882,-0.02376,0.06051,0.08374,0.63070,0,1
1768333704.766824,-0.00434,-0.04876,0.02102,0.00016,-0.00024,0.00004,0.53511,0.00085,0.22805,-0.00052,0.70683,0.00055,0.70738,1,3,0.99963,0.01034,0.00882,-0.02376,0.06051,0.08374,0.63070,0,1
1768333704.768818,0.02796,-0.04210,0.05127,-0.00238,-0.00115,0.00003,0.53511,0.00085,0.22805,-0.00052,0.70683,0.00055,0.70738,1,3,0.99962,0.01036,0.00876,-0.02379,0.06050,0.08372,0.63058,0,1
1768333704.770814,0.02083,0.00429,-0.04146,-0.00007,0.00043,-0.00032,0.53507,0.00085,0.22805,-0.00052,0.70684,0.00055,0.70737,1,3,0.99962,0.01036,0.00876,-0.02379,0.06050,0.08372,0.63058,0,1
1768333704.772850,-0.02214,0.01065,-0.03365,0.00066,0.00005,-0.00001,0.53507,0.00085,0.22805,-0.00052,0.70684,0.00055,0.70737,1,3,0.99962,0.01036,0.00876,-0.02379,0.06050,0.08372,0.63058,0,1
1768333704.774833,-0.02207,0.00721,-0.02582,0.00127,-0.00160,-0.00026,0.53503,0.00085,0.22805,-0.00052,0.70684,0.00055,0.70738,1,3,0.99962,0.01036,0.00876,-0.02379,0.06050,0.08372,0.63058,0,1
1768333704.776840,-0.00005,-0.01178,0.02767,-0.00005,-0.00045,0.00003,0.53499,0.00085,0.22805,-0.00052,0.70684,0.00055,0.70737,1,3,0.99962,0.01036,0.00876,-0.02379,0.06050,0.08372,0.63058,0,1
1768333704.778854,0.03257,-0.05197,-0.01719,0.00122,-0.00005,-0.00017,0.53499,0.00085,0.22805,-0.00052,0.70684,0.00055,0.70737,1,3,0.99962,0.01036,0.00876,-0.02379,0.06050,0.08372,0.63058,0,1
1768333704.780844,0.02474,-0.00743,0.01973,0.00045,-0.00025,-0.00014,0.53495,0.00085,0.22804,-0.00052,0.70684,0.00055,0.70737,1,3,0.99962,0.01036,0.00876,-0.02379,0.06050,0.08372,0.63058,0,1
1768333704.782847,0.01759,-0.00274,-0.00316,-0.00081,-0.00017,-0.00028,0.53495,0.00085,0.22804,-0.00052,0.70684,0.00055,0.70737,1,3,0.99962,0.01036,0.00876,-0.02379,0.06050,0.08372,0.63058,0,1
1768333704.784861,-0.01255,-0.01377,0.03519,0.00015,-0.00044,-0.00049,0.53491,0.00085,0.22804,-0.00052,0.70684,0.00055,0.70737,1,3,0.99962,0.01036,0.00876,-0.02379,0.06050,0.08372,0.63058,0,1
1768333704.786845,0.01869,0.01158,0.01979,-0.00260,-0.00055,0.00094,0.53491,0.00085,0.22804,-0.00052,0.70684,0.00055,0.70737,1,3,0.99962,0.01036,0.00876,-0.02379,0.06050,0.08372,0.63058,0,1
1768333704.788924,0.01877,0.01022,-0.04906,0.00197,-0.00018,-0.00006,0.53487,0.00085,0.22804,-0.00052,0.70684,0.00055,0.70737,1,3,0.99962,0.01036,0.00876,-0.02379,0.06050,0.08372,0.63058,0,1
1768333704.790848,0.00356,-0.01497,-0.01046,0.00035,0.00052,-0.00014,0.53487,0.00085,0.22804,-0.00052,0.70684,0.00055,0.70737,1,3,0.99962,0.01036,0.00876,-0.02379,0.06050,0.08372,0.63058,0,1
1768333704.792859,0.00075,-0.00726,0.01230,-0.00086,-0.00021,-0.00012,0.53487,0.00085,0.22804,-0.00052,0.70684,0.00055,0.70737,1,3,0.99962,0.01036,0.00876,-0.02379,0.06050,0.08372,0.63058,0,1
1768333704.794831,0.00005,-0.00225,0.01225,-0.00037,-0.00020,0.00015,0.53483,0.00085,0.22804,-0.00052,0.70684,0.00055,0.70737,1,3,0.99962,0.01036,0.00876,-0.02379,0.06050,0.08372,0.63058,0,1
1768333704.796852,0.02234,0.01994,-0.01880,-0.00119,-0.00113,-0.00030,0.53483,0.00085,0.22804,-0.00052,0.70684,0.00055,0.70737,1,3,0.99962,0.01036,0.00876,-0.02379,0.06050,0.08372,0.63058,0,1
1768333704.798836,0.00762,-0.03683,-0.00986,0.00074,0.00011,-0.00014,0.53479,0.00085,0.22805,-0.00052,0.70684,0.00055,0.70737,1,3,0.99962,0.01036,0.00876,-0.02379,0.06050,0.08372,0.63058,0,1
1768333704.800837,0.00179,-0.04842,-0.05541,0.00279,0.00018,-0.00084,0.53479,0.00085,0.22805,-0.00052,0.70684,0.00055,0.70737,1,3,0.99962,0.01036,0.00876,-0.02379,0.06050,0.08372,0.63058,0,1
1768333704.802851,0.00807,-0.01215,0.00480,0.00017,-0.00017,0.00000,0.53475,0.00085,0.22805,-0.00052,0.70684,0.00055,0.70737,1,3,0.99962,0.01036,0.00876,-0.02379,0.06050,0.08372,0.63058,0,1
1768333704.804859,-0.00660,-0.01914,-0.01787,0.00205,0.00040,-0.00000,0.53475,0.00085,0.22805,-0.00052,0.70684,0.00055,0.70737,1,3,0.99961,0.01027,0.00871,-0.02426,0.06049,0.08371,0.63050,0,1
1768333704.806860,0.00898,0.01180,-0.01859,-0.00107,0.00019,0.00011,0.53471,0.00085,0.22805,-0.00052,0.70684,0.00055,0.70737,1,3,0.99961,0.01027,0.00871,-0.02426,0.06049,0.08371,0.63050,0,1
1768333704.808863,0.01151,-0.00524,0.00447,0.00069,0.00055,-0.00001,0.53467,0.00085,0.22805,-0.00052,0.70684,0.00055,0.70737,1,3,0.99961,0.01027,0.00871,-0.02426,0.06049,0.08371,0.63050,0,1
1768333704.810871,0.02088,0.00506,-0.01096,0.00016,-0.00047,-0.00030,0.53467,0.00085,0.22805,-0.00052,0.70684,0.00055,0.70737,1,3,0.99961,0.01027,0.00871,-0.02426,0.06049,0.08371,0.63050,0,1
1768333704.812891,0.00820,0.02167,-0.01902,-0.00030,0.00056,-0.00016,0.53463,0.00085,0.22805,-0.00052,0.70684,0.00055,0.70737,1,3,0.99961,0.01027,0.00871,-0.02426,0.06049,0.08371,0.63050,0,1
1768333704.814871,0.02130,0.03894,0.02619,-0.00074,0.00001,-0.00001,0.53463,0.00085,0.22805,-0.00052,0.70684,0.00055,0.70737,1,3,0.99961,0.01027,0.00871,-0.02426,0.06049,0.08371,0.63050,0,1
1768333704.816890,-0.00522,-0.00028,0.01228,0.00009,0.00063,0.00069,0.53459,0.00085,0.22805,-0.00052,0.70684,0.00055,0.70738,1,3,0.99961,0.01027,0.00871,-0.02426,0.06049,0.08371,0.63050,0,1
1768333704.818856,-0.00244,-0.03632,-0.02526,0.00250,0.00048,-0.00055,0.53459,0.00085,0.22805,-0.00052,0.70684,0.00055,0.70738,1,3,0.99961,0.01027,0.00871,-0.02426,0.06049,0.08371,0.63050,0,1
1768333704.820873,-0.00256,-0.01123,-0.05614,0.00258,-0.00017,-0.00044,0.53455,0.00085,0.22805,-0.00052,0.70683,0.00055,0.70738,1,3,0.99961,0.01027,0.00871,-0.02426,0.06049,0.08371,0.63050,0,1
1768333704.822852,0.00327,0.00117,-0.04120,0.00120,-0.00089,-0.00057,0.53455,0.00085,0.22805,-0.00052,0.70683,0.00055,0.70738,1,3,0.99961,0.01027,0.00871,-0.02426,0.06049,0.08371,0.63050,0,1
1768333704.824863,0.01602,-0.00242,0.01973,0.00051,-0.00014,0.00014,0.53455,0.00085,0.22805,-0.00052,0.70683,0.00055,0.70738,1,3,0.99961,0.01027,0.00871,-0.02426,0.06049,0.08371,0.63050,0,1
1768333704.826852,0.00313,0.01571,-0.01885,0.00116,-0.00052,-0.00056,0.53451,0.00085,0.22805,-0.00052,0.70683,0.00055,0.70738,1,3,0.99961,0.01027,0.00871,-0.02426,0.06049,0.08371,0.63050,0,1
1768333704.828884,-0.00546,0.00052,-0.00316,0.00098,0.00011,-0.00013,0.53451,0.00085,0.22805,-0.00052,0.70683,0.00055,0.70738,1,3,0.99961,0.01027,0.00871,-0.02426,0.06049,0.08371,0.63050,0,1
1768333704.830894,0.00771,-0.01317,0.00480,-0.00006,0.00099,0.00040,0.53451,0.00085,0.22805,-0.00052,0.70683,0.00055,0.70738,1,3,0.99961,0.01027,0.00871,-0.02426,0.06049,0.08371,0.63050,0,1
1768333704.832867,0.00079,-0.00281,0.01963,-0.00103,0.00041,-0.00025,0.53447,0.00085,0.22805,-0.00052,0.70683,0.00055,0.70738,1,3,0.99961,0.01027,0.00871,-0.02426,0.06049,0.08371,0.63050,0,1
1768333704.834889,-0.02238,-0.00422,-0.00293,0.00092,0.00032,0.00002,0.53443,0.00085,0.22806,-0.00052,0.70683,0.00055,0.70739,1,3,0.99961,0.01027,0.00871,-0.02426,0.06049,0.08371,0.63050,0,1
1768333704.836883,0.02133,0.03337,-0.01169,-0.00103,0.00065,0.00010,0.53443,0.00085,0.22806,-0.00052,0.70683,0.00055,0.70739,1,3,0.99961,0.01027,0.00871,-0.02426,0.06049,0.08371,0.63050,0,1
1768333704.838882,0.04447,-0.01538,-0.00308,0.00166,0.00028,-0.00018,0.53439,0.00085,0.22805,-0.00052,0.70683,0.00055,0.70738,1,3,0.99961,0.01027,0.00871,-0.02426,0.06049,0.08371,0.63050,0,1
1768333704.840894,0.02061,-0.00571,0.00462,-0.00019,0.00044,0.00039,0.53439,0.00085,0.22805,-0.00052,0.70683,0.00055,0.70738,1,3,0.99961,0.01027,0.00871,-0.02426,0.06049,0.08371,0.63050,0,1
1768333704.842883,0.01628,-0.01237,0.00492,0.00017,-0.00026,0.00040,0.53439,0.00085,0.22805,-0.00052,0.70683,0.00055,0.70738,1,3,0.99964,0.01049,0.00801,-0.02325,0.06051,0.08374,0.63071,0,1
1768333704.844899,-0.01404,0.02079,-0.01105,0.00100,-0.00043,0.00014,0.53435,0.00085,0.22805,-0.00052,0.70683,0.00055,0.70738,1,3,0.99964,0.01049,0.00801,-0.02325,0.06051,0.08374,0.63071,0,1
1768333704.846911,0.02099,0.02944,-0.01138,-0.00042,-0.00048,0.00023,0.53435,0.00085,0.22805,-0.00052,0.70683,0.00055,0.70738,1,3,0.99964,0.01049,0.00801,-0.02325,0.06051,0.08374,0.63071,0,1
1768333704.848920,-0.00050,0.01182,-0.00347,-0.00020,0.00081,0.00013,0.53431,0.00085,0.22806,-0.00052,0.70683,0.00055,0.70739,1,3,0.99964,0.01049,0.00801,-0.02325,0.06051,0.08374,0.63071,0,1
1768333704.850889,0.01304,-0.01989,-0.01038,-0.00036,0.00003,-0.00042,0.53427,0.00085,0.22805,-0.00052,0.70683,0.00055,0.70738,1,3,0.99964,0.01049,0.00801,-0.02325,0.06051,0.08374,0.63071,0,1
1768333704.852913,0.00701,-0.05148,-0.00173,0.00122,0.00001,0.00028,0.53422,0.00085,0.22805,-0.00052,0.70683,0.00055,0.70738,1,3,0.99964,0.01049,0.00801,-0.02325,0.06051,0.08374,0.63071,0,1
1768333704.854871,-0.00038,-0.01620,-0.02561,0.00077,-0.00071,-0.00069,0.53422,0.00085,0.22805,-0.00052,0.70683,0.00055,0.70738,1,3,0.99964,0.01049,0.00801,-0.02325,0.06051,0.08374,0.63071,0,1
1768333704.856898,-0.00466,-0.00858,-0.02558,0.00065,-0.00103,-0.00028,0.53418,0.00085,0.22805,-0.00052,0.70683,0.00055,0.70738,1,3,0.99964,0.01049,0.00801,-0.02325,0.06051,0.08374,0.63071,0,1
1768333704.858883,0.00005,0.00274,0.01207,-0.00031,-0.00021,0.00001,0.53418,0.00085,0.22805,-0.00052,0.70683,0.00055,0.70738,1,3,0.99964,0.01049,0.00801,-0.02325,0.06051,0.08374,0.63071,0,1
1768333704.860903,0.00244,-0.01903,-0.03300,0.00161,-0.00022,-0.00002,0.53414,0.00085,0.22805,-0.00052,0.70683,0.00055,0.70738,1,3,0.99964,0.01049,0.00801,-0.02325,0.06051,0.08374,0.63071,0,1
1768333704.862874,0.01270,-0.01385,-0.01042,0.00037,-0.00112,-0.00055,0.53414,0.00085,0.22805,-0.00052,0.70683,0.00055,0.70738,1,3,0.99964,0.01049,0.00801,-0.02325,0.06051,0.08374,0.63071,0,1
1768333704.864914,0.00406,-0.03054,0.02039,-0.00049,0.00117,0.00029,0.53414,0.00085,0.22805,-0.00052,0.70683,0.00055,0.70738,1,3,0.99964,0.01049,0.00801,-0.02325,0.06051,0.08374,0.63071,0,1
1768333704.866892,0.02790,-0.01420,-0.01804,0.00168,-0.00079,-0.00017,0.53414,0.00085,0.22805,-0.00052,0.70683,0.00055,0.70738,1,3,0.99964,0.01049,0.00801,-0.02325,0.06051,0.08374,0.63071,0,1
1768333704.868911,-0.00014,0.01777,0.00413,-0.00012,-0.00047,0.00000,0.53410,0.00085,0.22805,-0.00052,0.70683,0.00055,0.70738,1,3,0.99964,0.01049,0.00801,-0.02325,0.06051,0.08374,0.63071,0,1
1768333704.870893,0.00067,-0.00249,-0.00311,-0.00081,0.00004,-0.00027,0.53410,0.00085,0.22805,-0.00052,0.70683,0.00055,0.70738,1,3,0.99964,0.01049,0.00801,-0.02325,0.06051,0.08374,0.63071,0,1
1768333704.872922,-0.00155,-0.00189,-0.02596,0.00138,0.00006,-0.00029,0.53406,0.00085,0.22806,-0.00052,0.70683,0.00055,0.70739,1,3,0.99964,0.01049,0.00801,-0.02325,0.06051,0.08374,0.63071,0,1
1768333704.874923,0.01616,-0.00328,-0.00336,0.00028,0.00099,-0.00029,0.53406,0.00085,0.22806,-0.00052,0.70683,0.00055,0.70739,1,3,0.99959,0.01042,0.00926,-0.02494,0.06049,0.08371,0.63047,0,1
1768333704.876911,-0.00417,-0.03399,0.01288,0.00012,-0.00014,-0.00038,0.53402,0.00085,0.22805,-0.00052,0.70683,0.00055,0.70738,1,3,0.99959,0.01042,0.00926,-0.02494,0.06049,0.08371,0.63047,0,1
1768333704.878903,-0.00565,-0.00432,-0.01817,0.00114,-0.00001,-0.00001,0.53402,0.00085,0.22805,-0.00052,0.70683,0.00055,0.70738,1,3,0.99959,0.01042,0.00926,-0.02494,0.06049,0.08371,0.63047,0,1
1768333704.880922,-0.01070,-0.02158,-0.01007,0.00180,0.00032,0.00028,0.53394,0.00085,0.22806,-0.00052,0.70682,0.00055,0.70739,1,3,0.99959,0.01042,0.00926,-0.02494,0.06049,0.08371,0.63047,0,1
1768333704.882889,0.01398,-0.00043,0.05056,-0.00209,-0.00061,0.00111,0.53394,0.00085,0.22806,-0.00052,0.70682,0.00055,0.70739,1,3,0.99959,0.01042,0.00926,-0.02494,0.06049,0.08371,0.63047,0,1
1768333704.884987,0.00280,0.01548,-0.01891,0.00138,-0.00013,-0.00056,0.53390,0.00085,0.22806,-0.00052,0.70682,0.00055,0.70739,1,3,0.99959,0.01042,0.00926,-0.02494,0.06049,0.08371,0.63047,0,1
1768333704.886903,0.03596,0.01005,-0.01870,0.00175,-0.00052,-0.00005,0.53390,0.00085,0.22806,-0.00052,0.70682,0.00055,0.70739,1,3,0.99959,0.01042,0.00926,-0.02494,0.06049,0.08371,0.63047,0,1
1768333704.888900,0.00282,0.00547,-0.01078,0.00104,-0.00024,0.00012,0.53390,0.00085,0.22806,-0.00052,0.70682,0.00055,0.70739,1,3,0.99959,0.01042,0.00926,-0.02494,0.06049,0.08371,0.63047,0,1
1768333704.890925,0.00815,-0.04173,0.00556,0.00025,-0.00014,0.00001,0.53386,0.00085,0.22806,-0.00052,0.70682,0.00055,0.70739,1,3,0.99959,0.01042,0.00926,-0.02494,0.06049,0.08371,0.63047,0,1
1768333704.892916,-0.00109,-0.02689,-0.00227,0.00065,0.00009,0.00041,0.53386,0.00085,0.22806,-0.00052,0.70682,0.00055,0.70739,1,3,0.99959,0.01042,0.00926,-0.02494,0.06049,0.08371,0.63047,0,1
1768333704.894907,0.02383,-0.00724,-0.02587,0.00132,-0.00024,-0.00018,0.53386,0.00085,0.22806,-0.00052,0.70682,0.00055,0.70739,1,3,0.99959,0.01042,0.00926,-0.02494,0.06049,0.08371,0.63047,0,1
1768333704.896930,0.00582,0.00745,-0.02596,0.00172,0.00036,0.00064,0.53382,0.00085,0.22806,-0.00052,0.70682,0.00055,0.70739,1,3,0.99959,0.01042,0.00926,-0.02494,0.06049,0.08371,0.63047,0,1
1768333704.898908,0.01147,-0.00470,-0.00304,0.00092,-0.00009,-0.00001,0.53382,0.00085,0.22806,-0.00052,0.70682,0.00055,0.70739,1,3,0.99959,0.01042,0.00926,-0.02494,0.06049,0.08371,0.63047,0,1
1768333704.900926,0.00825,-0.01232,-0.00281,-0.00005,-0.00004,-0.00000,0.53378,0.00085,0.22806,-0.00052,0.70682,0.00055,0.70739,1,3,0.99959,0.01042,0.00926,-0.02494,0.06049,0.08371,0.63047,0,1
1768333704.902935,0.01203,-0.04285,-0.04760,0.00133,-0.00159,-0.00057,0.53378,0.00085,0.22806,-0.00052,0.70682,0.00055,0.70739,1,3,0.99962,0.01023,0.00830,-0.02429,0.06051,0.08374,0.63071,0,1
1768333704.904920,0.00038,-0.01683,0.02010,-0.00033,-0.00033,-0.00025,0.53374,0.00085,0.22806,-0.00052,0.70682,0.00055,0.70739,1,3,0.99962,0.01023,0.00830,-0.02429,0.06051,0.08374,0.63071,0,1
1768333704.906914,0.02175,-0.02571,0.02023,-0.00109,0.00057,0.00014,0.53374,0.00085,0.22806,-0.00052,0.70682,0.00055,0.70739,1,3,0.99962,0.01023,0.00830,-0.02429,0.06051,0.08374,0.63071,0,1
1768333704.908921,0.01715,-0.00767,-0.01802,-0.00065,-0.00027,0.00024,0.53370,0.00085,0.22806,-0.00052,0.70682,0.00055,0.70739,1,3,0.99962,0.01023,0.00830,-0.02429,0.06051,0.08374,0.63071,0,1
1768333704.910965,-0.00109,-0.01693,-0.00263,0.00077,0.00008,0.00014,0.53366,0.00085,0.22806,-0.00052,0.70683,0.00055,0.70739,1,3,0.99962,0.01023,0.00830,-0.02429,0.06051,0.08374,0.63071,0,1
1768333704.912946,-0.00090,-0.00136,-0.01082,0.00117,-0.00059,-0.00068,0.53366,0.00085,0.22806,-0.00052,0.70683,0.00055,0.70739,1,3,0.99962,0.01023,0.00830,-0.02429,0.06051,0.08374,0.63071,0,1
1768333704.914952,-0.00559,0.02982,0.01917,0.00046,0.00010,0.00069,0.53362,0.00085,0.22806,-0.00052,0.70683,0.00055,0.70739,1,3,0.99962,0.01023,0.00830,-0.02429,0.06051,0.08374,0.63071,0,1
1768333704.916917,0.00428,-0.00438,-0.01826,0.00004,-0.00051,-0.00042,0.53362,0.00085,0.22806,-0.00052,0.70683,0.00055,0.70739,1,3,0.99962,0.01023,0.00830,-0.02429,0.06051,0.08374,0.63071,0,1
1768333704.918945,0.01921,-0.00971,-0.04108,0.00173,0.00008,-0.00032,0.53358,0.00085,0.22806,-0.00052,0.70683,0.00055,0.70739,1,3,0.99962,0.01023,0.00830,-0.02429,0.06051,0.08374,0.63071,0,1
1768333704.920923,0.02383,-0.00724,-0.02587,0.00132,-0.00024,-0.00018,0.53358,0.00085,0.22806,-0.00052,0.70683,0.00055,0.70739,1,3,0.99962,0.01023,0.00830,-0.02429,0.06051,0.08374,0.63071,0,1
1768333704.922937,-0.00537,-0.02409,0.02797,0.00090,0.00000,0.00017,0.53358,0.00085,0.22806,-0.00052,0.70683,0.00055,0.70739,1,3,0.99962,0.01023,0.00830,-0.02429,0.06051,0.08374,0.63071,0,1
1768333704.924951,0.00471,0.00962,0.01183,-0.00088,0.00011,0.00000,0.53354,0.00085,0.22806,-0.00052,0.70682,0.00055,0.70739,1,3,0.99962,0.01023,0.00830,-0.02429,0.06051,0.08374,0.63071,0,1
1768333704.926948,0.01649,0.02657,-0.01887,-0.00045,0.00009,0.00050,0.53354,0.00085,0.22806,-0.00052,0.70682,0.00055,0.70739,1,3,0.99962,0.01023,0.00830,-0.02429,0.06051,0.08374,0.63071,0,1
1768333704.928946,0.00186,0.01052,-0.00343,0.00197,0.00002,-0.00001,0.53350,0.00085,0.22806,-0.00052,0.70682,0.00055,0.70739,1,3,0.99962,0.01023,0.00830,-0.02429,0.06051,0.08374,0.63071,0,1
1768333704.930955,-0.00166,-0.03628,-0.01742,0.00162,-0.00003,-0.00014,0.53350,0.00085,0.22806,-0.00052,0.70682,0.00055,0.70739,1,3,0.99962,0.01023,0.00830,-0.02429,0.06051,0.08374,0.63071,0,1
1768333704.932947,0.01288,-0.04463,-0.00188,-0.00044,-0.00007,0.00027,0.53346,0.00085,0.22806,-0.00052,0.70682,0.00055,0.70739,1,3,0.99962,0.01023,0.00830,-0.02429,0.06051,0.08374,0.63071,0,1
1768333704.934948,0.00677,-0.00878,0.00534,-0.00241,-0.00243,0.00055,0.53346,0.00085,0.22806,-0.00052,0.70682,0.00055,0.70739,1,3,0.99962,0.01023,0.00830,-0.02429,0.06051,0.08374,0.63071,0,1
1768333704.936950,-0.00838,0.03706,0.01112,-0.00055,0.00024,-0.00013,0.53342,0.00085,0.22806,-0.00052,0.70682,0.00055,0.70739,1,3,0.99962,0.01023,0.00830,-0.02429,0.06051,0.08374,0.63071,0,1
1768333704.938943,-0.00414,0.02491,-0.01127,-0.00048,-0.00018,-0.00001,0.53342,0.00085,0.22806,-0.00052,0.70682,0.00055,0.70739,1,3,0.99962,0.01023,0.00830,-0.02429,0.06051,0.08374,0.63071,0,1
1768333704.940964,-0.00493,-0.01434,0.01261,0.00036,-0.00013,0.00029,0.53338,0.00085,0.22806,-0.00052,0.70682,0.00055,0.70739,1,3,0.99964,0.01037,0.00834,-0.02320,0.06052,0.08375,0.63081,0,1
1768333704.942960,0.01959,-0.03977,-0.02519,0.00136,0.00060,-0.00030,0.53338,0.00085,0.22806,-0.00052,0.70682,0.00055,0.70739,1,3,0.99964,0.01037,0.00834,-0.02320,0.06052,0.08375,0.63081,0,1
1768333704.944952,0.00712,-0.01714,-0.00251,0.00077,-0.00002,0.00053,0.53334,0.00085,0.22806,-0.00052,0.70682,0.00055,0.70739,1,3,0.99964,0.01037,0.00834,-0.02320,0.06052,0.08375,0.63081,0,1
1768333704.946959,-0.00502,0.02027,0.00391,0.00056,-0.00004,-0.00027,0.53330,0.00085,0.22806,-0.00052,0.70682,0.00055,0.70739,1,3,0.99964,0.01037,0.00834,-0.02320,0.06052,0.08375,0.63081,0,1
1768333704.949080,-0.00444,0.03540,-0.00397,0.00009,-0.00069,-0.00027,0.53330,0.00085,0.22806,-0.00052,0.70682,0.00055,0.70739,1,3,0.99964,0.01037,0.00834,-0.02320,0.06052,0.08375,0.63081,0,1
1768333704.950957,0.00682,-0.05134,-0.01691,0.00144,-0.00012,0.00026,0.53326,0.00085,0.22806,-0.00052,0.70682,0.00055,0.70739,1,3,0.99964,0.01037,0.00834,-0.02320,0.06052,0.08375,0.63081,0,1
1768333704.952965,0.01635,-0.01840,-0.01043,-0.00012,0.00114,0.00011,0.53326,0.00085,0.22806,-0.00052,0.70682,0.00055,0.70739,1,3,0.99964,0.01037,0.00834,-0.02320,0.06052,0.08375,0.63081,0,1
1768333704.954977,0.00385,-0.03891,0.00525,0.00072,-0.00011,-0.00066,0.53322,0.00085,0.22806,-0.00052,0.70682,0.00055,0.70739,1,3,0.99964,0.01037,0.00834,-0.02320,0.06052,0.08375,0.63081,0,1
1768333704.956971,0.01203,0.01546,-0.01886,0.00072,-0.00063,-0.00057,0.53322,0.00085,0.22806,-0.00052,0.70682,0.00055,0.70739,1,3,0.99964,0.01037,0.00834,-0.02320,0.06052,0.08375,0.63081,0,1
1768333704.958966,0.01041,-0.01188,0.03557,-0.00201,-0.00146,0.00044,0.53318,0.00085,0.22806,-0.00052,0.70682,0.00055,0.70739,1,3,0.99964,0.01037,0.00834,-0.02320,0.06052,0.08375,0.63081,0,1
1768333704.960970,-0.03614,-0.00577,-0.04082,0.00221,-0.00002,-0.00013,0.53318,0.00085,0.22806,-0.00052,0.70682,0.00055,0.70739,1,3,0.99964,0.01037,0.00834,-0.02320,0.06052,0.08375,0.63081,0,1
1768333704.962969,0.00415,-0.00978,0.00481,-0.00024,-0.00012,0.00014,0.53318,0.00085,0.22806,-0.00052,0.70682,0.00055,0.70739,1,3,0.99964,0.01037,0.00834,-0.02320,0.06052,0.08375,0.63081,0,1
1768333704.964964,0.00683,-0.02700,-0.03308,0.00152,0.00049,-0.00043,0.53314,0.00085,0.22806,-0.00052,0.70682,0.00055,0.70739,1,3,0.99964,0.01037,0.00834,-0.02320,0.06052,0.08375,0.63081,0,1
1768333704.966969,0.01699,-0.01743,0.01273,-0.00055,-0.00039,0.00054,0.53314,0.00085,0.22806,-0.00052,0.70682,0.00055,0.70739,1,3,0.99964,0.01037,0.00834,-0.02320,0.06052,0.08375,0.63081,0,1
1768333704.968970,0.00710,0.00278,-0.00322,0.00101,-0.00004,-0.00001,0.53310,0.00085,0.22806,-0.00052,0.70682,0.00055,0.70739,1,3,0.99964,0.01037,0.00834,-0.02320,0.06052,0.08375,0.63081,0,1
1768333704.970971,-0.00497,0.02450,-0.01103,-0.00026,0.00023,0.00080,0.53310,0.00085,0.22806,-0.00052,0.70682,0.00055,0.70739,1,3,0.99964,0.01037,0.00834,-0.02320,0.06052,0.08375,0.63081,0,1
1768333704.972985,0.01250,-0.01938,0.01244,0.00030,-0.00035,-0.00040,0.53306,0.00085,0.22806,-0.00052,0.70682,0.00055,0.70739,1,3,0.99963,0.01045,0.00806,-0.02368,0.06051,0.08374,0.63072,0,1
1768333704.974984,0.02207,-0.01054,0.01976,-0.00112,0.00016,-0.00027,0.53306,0.00085,0.22806,-0.00052,0.70682,0.00055,0.70739,1,3,0.99963,0.01045,0.00806,-0.02368,0.06051,0.08374,0.63072,0,1
1768333704.976979,0.02091,0.00878,0.04201,-0.00045,0.00093,0.00001,0.53302,0.00085,0.22806,-0.00052,0.70682,0.00055,0.70739,1,3,0.99963,0.01045,0.00806,-0.02368,0.06051,0.08374,0.63072,0,1
1768333704.978993,0.00673,0.01309,0.01164,0.00157,-0.00030,-0.00027,0.53302,0.00085,0.22806,-0.00052,0.70682,0.00055,0.70739,1,3,0.99963,0.01045,0.00806,-0.02368,0.06051,0.08374,0.63072,0,1
1768333704.981021,0.00730,0.01746,0.00417,0.00053,-0.00018,0.00040,0.53298,0.00085,0.22806,-0.00052,0.70682,0.00055,0.70739,1,3,0.99963,0.01045,0.00806,-0.02368,0.06051,0.08374,0.63072,0,1
1768333704.982995,0.00949,0.00333,0.00446,-0.00074,-0.00135,-0.00040,0.53294,0.00085,0.22806,-0.00052,0.70682,0.00055,0.70739,1,3,0.99963,0.01045,0.00806,-0.02368,0.06051,0.08374,0.63072,0,1
1768333704.985395,0.00246,0.00955,0.02684,0.00109,0.00102,0.00001,0.53294,0.00085,0.22806,-0.00052,0.70682,0.00055,0.70739,1,3,0.99963,0.01045,0.00806,-0.02368,0.06051,0.08374,0.63072,0,1
1768333704.987028,-0.00036,0.00720,-0.01841,-0.00025,0.00030,0.00025,0.53290,0.00085,0.22806,-0.00052,0.70682,0.00055,0.70739,1,3,0.99963,0.01045,0.00806,-0.02368,0.06051,0.08374,0.63072,0,1
1768333704.989001,0.02063,0.01867,0.01124,-0.00011,0.00105,-0.00029,0.53290,0.00085,0.22806,-0.00052,0.70682,0.00055,0.70739,1,3,0.99963,0.01045,0.00806,-0.02368,0.06051,0.08374,0.63072,0,1
1768333704.991004,0.01199,-0.00960,0.01238,0.00042,-0.00034,0.00014,0.53286,0.00085,0.22806,-0.00052,0.70682,0.00055,0.70739,1,3,0.99963,0.01045,0.00806,-0.02368,0.06051,0.08374,0.63072,0,1
1768333704.993028,-0.02153,-0.02868,0.02051,0.00040,-0.00005,-0.00009,0.53286,0.00085,0.22806,-0.00052,0.70682,0.00055,0.70739,1,3,0.99963,0.01045,0.00806,-0.02368,0.06051,0.08374,0.63072,0,1
1768333704.994990,-0.02134,-0.00903,0.02773,-0.00001,-0.00020,0.00018,0.53286,0.00085,0.22806,-0.00052,0.70682,0.00055,0.70739,1,3,0.99963,0.01045,0.00806,-0.02368,0.06051,0.08374,0.63072,0,1
1768333704.996996,0.01373,0.01395,0.01936,-0.00170,0.00025,0.00027,0.53282,0.00085,0.22806,-0.00052,0.70683,0.00055,0.70739,1,3,0.99963,0.01045,0.00806,-0.02368,0.06051,0.08374,0.63072,0,1
1768333704.999008,0.03035,-0.00551,0.02716,-0.00084,-0.00007,-0.00041,0.53282,0.00085,0.22806,-0.00052,0.70683,0.00055,0.70739,1,3,0.99963,0.01045,0.00806,-0.02368,0.06051,0.08374,0.63072,0,1
1768333705.000994,0.03257,-0.00509,0.00515,-0.00324,-0.00198,0.00079,0.53277,0.00085,0.22806,-0.00052,0.70683,0.00055,0.70739,1,3,0.99963,0.01045,0.00806,-0.02368,0.06051,0.08374,0.63072,0,1
1768333705.002976,0.00183,-0.05845,-0.01673,0.00223,-0.00005,0.00027,0.53277,0.00085,0.22806,-0.00052,0.70683,0.00055,0.70739,1,3,0.99963,0.01045,0.00806,-0.02368,0.06051,0.08374,0.63072,0,1
1768333705.004993,-0.01709,-0.00049,-0.01821,0.00074,-0.00141,-0.00066,0.53273,0.00085,0.22805,-0.00052,0.70683,0.00055,0.70738,1,3,0.99963,0.01045,0.00806,-0.02368,0.06051,0.08374,0.63072,0,1
1768333705.007022,-0.01059,0.03264,-0.00379,0.00137,0.00015,0.00040,0.53273,0.00085,0.22805,-0.00052,0.70683,0.00055,0.70738,1,3,0.99960,0.01045,0.00926,-0.02476,0.06048,0.08370,0.63043,0,1
1768333705.009016,-0.00080,0.01226,-0.01083,0.00003,0.00018,0.00053,0.53269,0.00085,0.22806,-0.00052,0.70683,0.00055,0.70739,1,3,0.99960,0.01045,0.00926,-0.02476,0.06048,0.08370,0.63043,0,1
1768333705.011030,0.02171,-0.01037,0.00493,-0.00112,-0.00033,0.00053,0.53269,0.00085,0.22806,-0.00052,0.70683,0.00055,0.70739,1,3,0.99960,0.01045,0.00926,-0.02476,0.06048,0.08370,0.63043,0,1
1768333705.013026,0.01627,-0.04202,-0.00230,0.00068,0.00026,-0.00041,0.53265,0.00085,0.22806,-0.00052,0.70683,0.00055,0.70739,1,3,0.99960,0.01045,0.00926,-0.02476,0.06048,0.08370,0.63043,0,1
1768333705.015007,0.00506,0.01056,-0.00318,-0.00087,-0.00116,-0.00000,0.53261,0.00085,0.22806,-0.00052,0.70683,0.00055,0.70738,1,3,0.99960,0.01045,0.00926,-0.02476,0.06048,0.08370,0.63043,0,1
1768333705.017020,-0.01267,0.00498,-0.01073,-0.00050,0.00033,0.00014,0.53261,0.00085,0.22806,-0.00052,0.70683,0.00055,0.70738,1,3,0.99960,0.01045,0.00926,-0.02476,0.06048,0.08370,0.63043,0,1
1768333705.019025,0.00009,0.00719,0.01941,-0.00047,0.00042,-0.00012,0.53257,0.00085,0.22806,-0.00052,0.70683,0.00055,0.70739,1,3,0.99960,0.01045,0.00926,-0.02476,0.06048,0.08370,0.63043,0,1
1768333705.021012,0.02003,-0.01092,0.01991,0.00019,0.00096,0.00054,0.53257,0.00085,0.22806,-0.00052,0.70683,0.00055,0.70739,1,3,0.99960,0.01045,0.00926,-0.02476,0.06048,0.08370,0.63043,0,1
1768333705.023005,0.04954,-0.00733,-0.03366,0.00132,-0.00080,-0.00061,0.53253,0.00085,0.22806,-0.00052,0.70683,0.00055,0.70738,1,3,0.99960,0.01045,0.00926,-0.02476,0.06048,0.08370,0.63043,0,1
1768333705.025020,-0.00006,0.01308,0.03455,0.00004,-0.00060,-0.00024,0.53253,0.00085,0.22806,-0.00052,0.70683,0.00055,0.70738,1,3,0.99960,0.01045,0.00926,-0.02476,0.06048,0.08370,0.63043,0,1
1768333705.027009,0.00619,-0.00269,-0.01078,0.00159,0.00086,0.00012,0.53253,0.00085,0.22806,-0.00052,0.70683,0.00055,0.70738,1,3,0.99960,0.01045,0.00926,-0.02476,0.06048,0.08370,0.63043,0,1
1768333705.029028,0.01929,-0.01791,0.03579,-0.00296,-0.00079,0.00097,0.53249,0.00085,0.22806,-0.00052,0.70683,0.00055,0.70739,1,3,0.99960,0.01045,0.00926,-0.02476,0.06048,0.08370,0.63043,0,1
1768333705.031029,-0.00458,-0.00344,-0.00276,0.00049,-0.00142,0.00001,0.53249,0.00085,0.22806,-0.00052,0.70683,0.00055,0.70739,1,3,0.99960,0.01045,0.00926,-0.02476,0.06048,0.08370,0.63043,0,1
1768333705.033030,-0.00122,-0.00167,-0.02590,0.00117,-0.00032,-0.00029,0.53245,0.00085,0.22806,-0.00052,0.70683,0.00055,0.70739,1,3,0.99960,0.01045,0.00926,-0.02476,0.06048,0.08370,0.63043,0,1
1768333705.035022,-0.00103,-0.00679,-0.01055,0.00089,-0.00019,-0.00014,0.53245,0.00085,0.22806,-0.00052,0.70683,0.00055,0.70739,1,3,0.99960,0.01045,0.00926,-0.02476,0.06048,0.08370,0.63043,0,1
1768333705.037027,0.02060,-0.01570,-0.01781,-0.00031,0.00046,0.00064,0.53241,0.00085,0.22806,-0.00052,0.70682,0.00055,0.70739,1,3,0.99963,0.01039,0.00891,-0.02351,0.06050,0.08373,0.63066,0,1
1768333705.039037,0.01643,-0.03678,-0.00206,0.00031,-0.00050,0.00026,0.53241,0.00085,0.22806,-0.00052,0.70682,0.00055,0.70739,1,3,0.99963,0.01039,0.00891,-0.02351,0.06050,0.08373,0.63066,0,1
1768333705.041037,-0.01251,-0.02937,0.00543,-0.00048,0.00010,0.00030,0.53237,0.00085,0.22806,-0.00052,0.70683,0.00055,0.70739,1,3,0.99963,0.01039,0.00891,-0.02351,0.06050,0.08373,0.63066,0,1
1768333705.043043,-0.00079,0.00238,0.00454,0.00013,0.00031,0.00041,0.53233,0.00085,0.22806,-0.00052,0.70682,0.00055,0.70739,1,3,0.99963,0.01039,0.00891,-0.02351,0.06050,0.08373,0.63066,0,1
1768333705.045064,0.02345,0.02446,0.03455,-0.00266,-0.00127,0.00041,0.53233,0.00085,0.22806,-0.00052,0.70682,0.00055,0.70739,1,3,0.99963,0.01039,0.00891,-0.02351,0.06050,0.08373,0.63066,0,1
1768333705.047072,0.00250,0.02009,0.00416,0.00100,-0.00012,0.00053,0.53229,0.00085,0.22806,-0.00052,0.70682,0.00055,0.70739,1,3,0.99963,0.01039,0.00891,-0.02351,0.06050,0.08373,0.63066,0,1
1768333705.049049,0.02080,0.00986,-0.00358,0.00022,-0.00022,-0.00043,0.53229,0.00085,0.22806,-0.00052,0.70682,0.00055,0.70739,1,3,0.99963,0.01039,0.00891,-0.02351,0.06050,0.08373,0.63066,0,1
1768333705.051045,0.00009,-0.01269,0.01236,-0.00049,0.00056,0.00001,0.53225,0.00085,0.22806,-0.00052,0.70682,0.00055,0.70739,1,3,0.99963,0.01039,0.00891,-0.02351,0.06050,0.08373,0.63066,0,1
1768333705.053051,-0.00021,-0.01718,-0.00260,-0.00011,0.00007,0.00014,0.53225,0.00085,0.22806,-0.00052,0.70682,0.00055,0.70739,1,3,0.99963,0.01039,0.00891,-0.02351,0.06050,0.08373,0.63066,0,1
1768333705.055034,-0.00040,-0.01696,-0.00276,0.00033,0.00006,-0.00026,0.53221,0.00085,0.22806,-0.00052,0.70682,0.00055,0.70739,1,3,0.99963,0.01039,0.00891,-0.02351,0.06050,0.08373,0.63066,0,1
1768333705.057031,0.02868,-0.00040,0.00409,0.00075,0.00033,-0.00056,0.53221,0.00085,0.22806,-0.00052,0.70682,0.00055,0.70739,1,3,0.99963,0.01039,0.00891,-0.02351,0.06050,0.08373,0.63066,0,1
1768333705.059052,0.00364,0.00005,-0.00302,0.00010,0.00001,0.00026,0.53221,0.00085,0.22806,-0.00052,0.70682,0.00055,0.70739,1,3,0.99963,0.01039,0.00891,-0.02351,0.06050,0.08373,0.63066,0,1
1768333705.061055,-0.01766,0.00421,0.00449,0.00102,-0.00102,-0.00038,0.53217,0.00085,0.22806,-0.00052,0.70682,0.00055,0.70739,1,3,0.99963,0.01039,0.00891,-0.02351,0.06050,0.08373,0.63066,0,1
1768333705.063042,0.01693,0.00661,-0.03368,-0.00069,0.00035,0.00023,0.53217,0.00085,0.22806,-0.00052,0.70682,0.00055,0.70739,1,3,0.99963,0.01039,0.00891,-0.02351,0.06050,0.08373,0.63066,0,1
1768333705.065041,0.00660,-0.02719,-0.01739,0.00108,0.00026,0.00079,0.53213,0.00085,0.22806,-0.00052,0.70682,0.00055,0.70740,1,3,0.99963,0.01039,0.00891,-0.02351,0.06050,0.08373,0.63066,0,1
1768333705.067040,0.00806,0.00271,-0.01075,0.00013,-0.00031,-0.00001,0.53213,0.00085,0.22806,-0.00052,0.70682,0.00055,0.70740,1,3,0.99963,0.01039,0.00891,-0.02351,0.06050,0.08373,0.63066,0,1
1768333705.069043,0.00803,0.01196,0.00396,0.00002,0.00057,-0.00028,0.53209,0.00085,0.22806,-0.00052,0.70682,0.00055,0.70740,1,3,0.99963,0.01039,0.00891,-0.02351,0.06050,0.08373,0.63066,0,1
1768333705.071039,-0.00461,-0.02398,-0.00251,0.00046,-0.00026,-0.00026,0.53209,0.00085,0.22806,-0.00052,0.70682,0.00055,0.70740,1,3,0.99963,0.01039,0.00891,-0.02351,0.06050,0.08373,0.63066,0,1
1768333705.073070,0.02529,-0.02790,-0.02516,-0.00046,0.00015,0.00037,0.53205,0.00085,0.22806,-0.00052,0.70682,0.00055,0.70740,1,3,0.99962,0.01033,0.00889,-0.02403,0.06050,0.08372,0.63056,0,1
1768333705.075063,0.02888,-0.02548,-0.00262,0.00023,0.00048,0.00011,0.53205,0.00085,0.22806,-0.00052,0.70682,0.00055,0.70740,1,3,0.99962,0.01033,0.00889,-0.02403,0.06050,0.08372,0.63056,0,1
1768333705.077061,0.00137,-0.01249,-0.00289,-0.00137,0.00003,-0.00040,0.53200,0.00085,0.22806,-0.00052,0.70682,0.00055,0.70739,1,3,0.99962,0.01033,0.00889,-0.02403,0.06050,0.08372,0.63056,0,1
1768333705.079065,-0.00857,0.02231,-0.01130,-0.00029,0.00026,-0.00014,0.53196,0.00085,0.22806,-0.00052,0.70682,0.00055,0.70739,1,3,0.99962,0.01033,0.00889,-0.02403,0.06050,0.08372,0.63056,0,1
1768333705.081049,-0.01201,0.00049,-0.01820,-0.00077,-0.00032,-0.00013,0.53196,0.00085,0.22806,-0.00052,0.70682,0.00055,0.70739,1,3,0.99962,0.01033,0.00889,-0.02403,0.06050,0.08372,0.63056,0,1
1768333705.083071,0.04056,-0.02305,-0.01773,0.00092,0.00022,0.00062,0.53192,0.00085,0.22806,-0.00052,0.70682,0.00055,0.70739,1,3,0.99962,0.01033,0.00889,-0.02403,0.06050,0.08372,0.63056,0,1
1768333705.085197,0.00813,-0.04678,-0.03984,0.00019,-0.00013,0.00011,0.53192,0.00085,0.22806,-0.00052,0.70682,0.00055,0.70739,1,3,0.99962,0.01033,0.00889,-0.02403,0.06050,0.08372,0.63056,0,1
1768333705.087084,-0.01345,-0.00008,-0.04118,0.00031,0.00084,-0.00016,0.53188,0.00085,0.22806,-0.00052,0.70682,0.00055,0.70739,1,3,0.99962,0.01033,0.00889,-0.02403,0.06050,0.08372,0.63056,0,1
1768333705.089082,-0.01515,0.01052,-0.04139,0.00197,0.00048,-0.00002,0.53188,0.00085,0.22806,-0.00052,0.70682,0.00055,0.70739,1,3,0.99962,0.01033,0.00889,-0.02403,0.06050,0.08372,0.63056,0,1
1768333705.091077,0.00312,-0.00412,-0.03367,0.00136,-0.00025,-0.00084,0.53184,0.00085,0.22806,-0.00052,0.70682,0.00055,0.70739,1,3,0.99962,0.01033,0.00889,-0.02403,0.06050,0.08372,0.63056,0,1
1768333705.093114,0.00519,-0.04931,0.01341,-0.00094,-0.00023,0.00002,0.53184,0.00085,0.22806,-0.00052,0.70682,0.00055,0.70739,1,3,0.99962,0.01033,0.00889,-0.02403,0.06050,0.08372,0.63056,0,1
1768333705.095080,0.00775,-0.00663,-0.01828,0.00089,-0.00056,-0.00056,0.53184,0.00085,0.22806,-0.00052,0.70682,0.00055,0.70739,1,3,0.99962,0.01033,0.00889,-0.02403,0.06050,0.08372,0.63056,0,1
1768333705.097069,0.02256,-0.01743,-0.03306,0.00207,0.00031,0.00049,0.53180,0.00085,0.22806,-0.00052,0.70683,0.00055,0.70739,1,3,0.99962,0.01033,0.00889,-0.02403,0.06050,0.08372,0.63056,0,1
1768333705.099092,0.02819,-0.02178,0.05118,-0.00278,-0.00230,0.00071,0.53180,0.00085,0.22806,-0.00052,0.70683,0.00055,0.70739,1,3,0.99962,0.01033,0.00889,-0.02403,0.06050,0.08372,0.63056,0,1
1768333705.101067,0.00742,0.00233,0.03470,0.00056,0.00046,0.00002,0.53176,0.00085,0.22806,-0.00052,0.70683,0.00055,0.70739,1,3,0.99962,0.01033,0.00889,-0.02403,0.06050,0.08372,0.63056,0,1
1768333705.103065,0.00129,-0.00772,-0.01829,-0.00131,0.00028,-0.00055,0.53176,0.00085,0.22806,-0.00052,0.70683,0.00055,0.70739,1,3,0.99962,0.01033,0.00889,-0.02403,0.06050,0.08372,0.63056,0,1
1768333705.105098,-0.03072,0.00052,0.02743,0.00054,0.00067,0.00032,0.53172,0.00085,0.22805,-0.00052,0.70683,0.00055,0.70738,1,3,0.99962,0.01033,0.00889,-0.02403,0.06050,0.08372,0.63056,0,1
1768333705.107078,-0.01854,0.01302,-0.00335,0.00113,0.00026,0.00015,0.53172,0.00085,0.22805,-0.00052,0.70683,0.00055,0.70738,1,3,0.99962,0.01033,0.00889,-0.02403,0.06050,0.08372,0.63056,0,1
1768333705.109075,0.00571,-0.01199,-0.01795,0.00214,0.00025,0.00038,0.53172,0.00085,0.22805,-0.00052,0.70683,0.00055,0.70738,1,3,0.99962,0.01033,0.00889,-0.02403,0.06050,0.08372,0.63056,0,1
1768333705.111102,0.02732,0.02763,0.04963,-0.00197,-0.00196,0.00015,0.53168,0.00085,0.22805,-0.00052,0.70683,0.00055,0.70738,1,3,0.99962,0.01033,0.00889,-0.02403,0.06050,0.08372,0.63056,0,1
1768333705.113104,0.00792,0.00226,-0.01065,-0.00009,0.00008,0.00039,0.53164,0.00085,0.22805,-0.00052,0.70683,0.00055,0.70738,1,3,0.99962,0.01033,0.00859,-0.02389,0.06050,0.08372,0.63056,0,1
1768333705.115089,0.00004,-0.01211,-0.00293,-0.00005,0.00005,-0.00040,0.53164,0.00085,0.22805,-0.00052,0.70683,0.00055,0.70738,1,3,0.99962,0.01033,0.00859,-0.02389,0.06050,0.08372,0.63056,0,1
1768333705.117130,0.01607,-0.03192,-0.01783,0.00102,0.00012,-0.00069,0.53160,0.00085,0.22805,-0.00052,0.70683,0.00055,0.70738,1,3,0.99962,0.01033,0.00859,-0.02389,0.06050,0.08372,0.63056,0,1
1768333705.119115,0.02591,0.00176,0.01175,-0.00075,0.00023,-0.00042,0.53156,0.00085,0.22805,-0.00052,0.70683,0.00055,0.70738,1,3,0.99962,0.01033,0.00859,-0.02389,0.06050,0.08372,0.63056,0,1
1768333705.121096,0.00758,0.01690,-0.02627,0.00008,0.00033,0.00037,0.53156,0.00085,0.22805,-0.00052,0.70683,0.00055,0.70738,1,3,0.99962,0.01033,0.00859,-0.02389,0.06050,0.08372,0.63056,0,1
1768333705.123091,0.01462,0.00501,0.01995,-0.00224,-0.00127,0.00055,0.53152,0.00084,0.22805,-0.00052,0.70684,0.00055,0.70737,1,3,0.99962,0.01033,0.00859,-0.02389,0.06050,0.08372,0.63056,0,1
1768333705.125101,0.01927,-0.00037,-0.01839,0.00119,0.00045,0.00023,0.53152,0.00084,0.22805,-0.00052,0.70684,0.00055,0.70737,1,3,0.99962,0.01033,0.00859,-0.02389,0.06050,0.08372,0.63056,0,1
1768333705.127106,0.02297,-0.03443,0.02087,-0.00185,-0.00134,0.00042,0.53148,0.00084,0.22805,-0.00052,0.70684,0.00055,0.70737,1,3,0.99962,0.01033,0.00859,-0.02389,0.06050,0.08372,0.63056,0,1
1768333705.129084,0.00755,-0.01224,-0.01044,0.00060,0.00009,-0.00001,0.53148,0.00084,0.22805,-0.00052,0.70684,0.00055,0.70737,1,3,0.99962,0.01033,0.00859,-0.02389,0.06050,0.08372,0.63056,0,1
1768333705.131109,0.00274,-0.04433,-0.03251,0.00131,0.00056,-0.00015,0.53148,0.00084,0.22805,-0.00052,0.70684,0.00055,0.70737,1,3,0.99962,0.01033,0.00859,-0.02389,0.06050,0.08372,0.63056,0,1
1768333705.133083,-0.01442,-0.02844,-0.03290,0.00193,-0.00002,-0.00054,0.53144,0.00084,0.22804,-0.00052,0.70685,0.00055,0.70737,1,3,0.99962,0.01033,0.00859,-0.02389,0.06050,0.08372,0.63056,0,1
1768333705.135100,0.00385,0.00931,-0.00347,-0.00023,0.00075,-0.00001,0.53144,0.00084,0.22804,-0.00052,0.70685,0.00055,0.70737,1,3,0.99962,0.01033,0.00859,-0.02389,0.06050,0.08372,0.63056,0,1
1768333705.137107,-0.00209,0.01583,0.04254,-0.00211,-0.00184,0.00031,0.53140,0.00084,0.22804,-0.00052,0.70685,0.00055,0.70736,1,3,0.99962,0.01033,0.00859,-0.02389,0.06050,0.08372,0.63056,0,1
1768333705.139101,0.00194,-0.01905,-0.00267,0.00205,0.00004,-0.00000,0.53140,0.00084,0.22804,-0.00052,0.70685,0.00055,0.70736,1,3,0.99962,0.01033,0.00859,-0.02389,0.06050,0.08372,0.63056,0,1
1768333705.141109,-0.00611,0.00573,-0.04132,0.00169,-0.00001,-0.00030,0.53136,0.00084,0.22804,-0.00052,0.70685,0.00055,0.70736,1,3,0.99962,0.01033,0.00859,-0.02389,0.06050,0.08372,0.63056,0,1
1768333705.143212,0.00403,-0.00946,-0.01793,-0.00002,-0.00050,0.00012,0.53136,0.00084,0.22804,-0.00052,0.70685,0.00055,0.70736,1,3,0.99965,0.01029,0.00809,-0.02285,0.06051,0.08373,0.63068,0,1
1768333705.145168,0.00357,0.00987,0.02698,0.00022,0.00025,0.00002,0.53136,0.00084,0.22804,-0.00052,0.70685,0.00055,0.70736,1,3,0.99965,0.01029,0.00809,-0.02285,0.06051,0.08373,0.63068,0,1
1768333705.147198,0.00224,-0.01237,0.01293,-0.00267,-0.00097,0.00083,0.53132,0.00084,0.22804,-0.00052,0.70685,0.00055,0.70736,1,3,0.99965,0.01029,0.00809,-0.02285,0.06051,0.08373,0.63068,0,1
1768333705.149128,0.02090,-0.00993,-0.00266,-0.00024,-0.00057,0.00052,0.53132,0.00084,0.22804,-0.00052,0.70685,0.00055,0.70736,1,3,0.99965,0.01029,0.00809,-0.02285,0.06051,0.08373,0.63068,0,1
1768333705.151142,0.01460,-0.04688,-0.02501,0.00215,0.00067,-0.00029,0.53128,0.00084,0.22803,-0.00052,0.70686,0.00055,0.70735,1,3,0.99965,0.01029,0.00809,-0.02285,0.06051,0.08373,0.63068,0,1
1768333705.153108,0.03400,-0.01665,-0.00271,0.00012,-0.00150,-0.00029,0.53124,0.00084,0.22803,-0.00052,0.70686,0.00055,0.70735,1,3,0.99965,0.01029,0.00809,-0.02285,0.06051,0.08373,0.63068,0,1
1768333705.155115,0.00774,0.03721,0.01124,0.00011,-0.00033,0.00026,0.53120,0.00084,0.22803,-0.00052,0.70686,0.00055,0.70735,1,3,0.99965,0.01029,0.00809,-0.02285,0.06051,0.08373,0.63068,0,1
1768333705.157119,0.04309,0.00284,0.01952,-0.00052,-0.00162,-0.00042,0.53120,0.00084,0.22803,-0.00052,0.70686,0.00055,0.70735,1,3,0.99965,0.01029,0.00809,-0.02285,0.06051,0.08373,0.63068,0,1
1768333705.159152,-0.00931,-0.01173,-0.00293,0.00083,0.00016,-0.00039,0.53116,0.00084,0.22803,-0.00052,0.70686,0.00055,0.70735,1,3,0.99965,0.01029,0.00809,-0.02285,0.06051,0.08373,0.63068,0,1
1768333705.161105,0.00767,-0.01754,0.01248,0.00032,0.00048,0.00014,0.53116,0.00084,0.22803,-0.00052,0.70686,0.00055,0.70735,1,3,0.99965,0.01029,0.00809,-0.02285,0.06051,0.08373,0.63068,0,1
1768333705.163126,0.02811,-0.00085,-0.00307,0.00053,0.00048,0.00064,0.53116,0.00084,0.22803,-0.00052,0.70686,0.00055,0.70735,1,3,0.99965,0.01029,0.00809,-0.02285,0.06051,0.08373,0.63068,0,1
1768333705.165123,0.01058,-0.00445,-0.00307,0.00179,-0.00008,-0.00001,0.53116,0.00084,0.22803,-0.00052,0.70686,0.00055,0.70735,1,3,0.99965,0.01029,0.00809,-0.02285,0.06051,0.08373,0.63068,0,1
1768333705.167103,-0.00937,-0.00706,-0.00280,0.00045,0.00017,0.00028,0.53112,0.00084,0.22803,-0.00052,0.70686,0.00055,0.70735,1,3,0.99965,0.01029,0.00809,-0.02285,0.06051,0.08373,0.63068,0,1
1768333705.169125,-0.02236,-0.02411,0.02057,0.00068,0.00034,0.00058,0.53112,0.00084,0.22803,-0.00052,0.70686,0.00055,0.70735,1,3,0.99965,0.01029,0.00809,-0.02285,0.06051,0.08373,0.63068,0,1
1768333705.171105,-0.00925,-0.00750,-0.01786,0.00001,0.00043,0.00067,0.53108,0.00084,0.22803,-0.00052,0.70686,0.00055,0.70735,1,3,0.99965,0.01029,0.00809,-0.02285,0.06051,0.08373,0.63068,0,1
1768333705.173124,-0.01803,-0.01174,-0.02554,0.00083,0.00028,0.00000,0.53108,0.00084,0.22803,-0.00052,0.70686,0.00055,0.70735,1,3,0.99965,0.01029,0.00809,-0.02285,0.06051,0.08373,0.63068,0,1
1768333705.175130,0.02632,0.04260,-0.01950,-0.00070,-0.00158,-0.00072,0.53104,0.00084,0.22803,-0.00052,0.70686,0.00055,0.70735,1,3,0.99961,0.01028,0.00811,-0.02457,0.06050,0.08372,0.63057,0,1
1768333705.177145,0.00895,0.00249,0.01206,-0.00075,-0.00032,0.00000,0.53104,0.00084,0.22803,-0.00052,0.70686,0.00055,0.70735,1,3,0.99961,0.01028,0.00811,-0.02457,0.06050,0.08372,0.63057,0,1
1768333705.179138,0.01436,-0.01482,0.02029,-0.00183,-0.00087,0.00028,0.53100,0.00084,0.22803,-0.00052,0.70686,0.00055,0.70735,1,3,0.99961,0.01028,0.00811,-0.02457,0.06050,0.08372,0.63057,0,1
1768333705.181135,0.01944,-0.05375,-0.01710,0.00185,-0.00027,-0.00029,0.53096,0.00084,0.22803,-0.00052,0.70686,0.00055,0.70735,1,3,0.99961,0.01028,0.00811,-0.02457,0.06050,0.08372,0.63057,0,1
1768333705.183161,0.01200,-0.02953,0.01309,0.00018,-0.00032,0.00068,0.53096,0.00084,0.22803,-0.00052,0.70686,0.00055,0.70735,1,3,0.99961,0.01028,0.00811,-0.02457,0.06050,0.08372,0.63057,0,1
1768333705.185196,0.01134,-0.00018,0.02744,0.00053,0.00017,0.00068,0.53091,0.00084,0.22803,-0.00052,0.70686,0.00055,0.70735,1,3,0.99961,0.01028,0.00811,-0.02457,0.06050,0.08372,0.63057,0,1
1768333705.187133,-0.00534,0.02069,-0.05680,0.00100,-0.00054,-0.00031,0.53091,0.00084,0.22803,-0.00052,0.70686,0.00055,0.70735,1,3,0.99961,0.01028,0.00811,-0.02457,0.06050,0.08372,0.63057,0,1
1768333705.189143,0.02021,0.01694,0.01925,-0.00319,-0.00098,-0.00040,0.53087,0.00084,0.22803,-0.00052,0.70686,0.00055,0.70735,1,3,0.99961,0.01028,0.00811,-0.02457,0.06050,0.08372,0.63057,0,1
1768333705.191130,-0.01172,0.01985,-0.01880,-0.00119,0.00004,-0.00027,0.53087,0.00084,0.22803,-0.00052,0.70686,0.00055,0.70735,1,3,0.99961,0.01028,0.00811,-0.02457,0.06050,0.08372,0.63057,0,1
1768333705.193128,0.00728,-0.03211,-0.03288,0.00102,0.00049,-0.00029,0.53083,0.00084,0.22803,-0.00052,0.70686,0.00055,0.70735,1,3,0.99961,0.01028,0.00811,-0.02457,0.06050,0.08372,0.63057,0,1
1768333705.195141,0.02879,-0.01944,-0.01783,0.00074,-0.00079,-0.00003,0.53083,0.00084,0.22803,-0.00052,0.70686,0.00055,0.70735,1,3,0.99961,0.01028,0.00811,-0.02457,0.06050,0.08372,0.63057,0,1
1768333705.197159,0.01717,-0.04241,-0.00952,-0.00063,0.00001,0.00039,0.53083,0.00084,0.22803,-0.00052,0.70686,0.00055,0.70735,1,3,0.99961,0.01028,0.00811,-0.02457,0.06050,0.08372,0.63057,0,1
1768333705.199132,-0.00479,-0.04377,-0.01698,0.00044,-0.00036,0.00028,0.53079,0.00084,0.22803,-0.00052,0.70686,0.00055,0.70735,1,3,0.99961,0.01028,0.00811,-0.02457,0.06050,0.08372,0.63057,0,1
1768333705.201136,-0.01352,-0.02381,-0.01752,0.00068,-0.00027,0.00014,0.53079,0.00084,0.22803,-0.00052,0.70686,0.00055,0.70735,1,3,0.99961,0.01028,0.00811,-0.02457,0.06050,0.08372,0.63057,0,1
1768333705.203166,-0.01208,-0.00957,0.00473,-0.00068,0.00007,-0.00025,0.53075,0.00084,0.22803,-0.00052,0.70686,0.00055,0.70735,1,3,0.99961,0.01028,0.00811,-0.02457,0.06050,0.08372,0.63057,0,1
1768333705.205151,0.01911,-0.00203,0.02002,-0.00211,-0.00170,0.00014,0.53075,0.00084,0.22803,-0.00052,0.70686,0.00055,0.70735,1,3,0.99961,0.01028,0.00811,-0.02457,0.06050,0.08372,0.63057,0,1
1768333705.207147,0.01576,-0.01237,0.00470,0.00082,0.00012,-0.00001,0.53071,0.00084,0.22803,-0.00052,0.70686,0.00055,0.70735,1,3,0.99961,0.01028,0.00811,-0.02457,0.06050,0.08372,0.63057,0,1
1768333705.209152,0.00739,0.01141,0.01938,0.00002,0.00110,0.00054,0.53071,0.00084,0.22803,-0.00052,0.70686,0.00055,0.70735,1,3,0.99963,0.01039,0.00816,-0.02388,0.06051,0.08374,0.63072,0,1
1768333705.211163,0.02793,0.00511,-0.02625,0.00147,-0.00030,-0.00032,0.53067,0.00084,0.22803,-0.00052,0.70686,0.00055,0.70735,1,3,0.99963,0.01039,0.00816,-0.02388,0.06051,0.08374,0.63072,0,1
1768333705.213176,-0.00783,0.01309,0.01943,-0.00062,-0.00064,-0.00024,0.53067,0.00084,0.22803,-0.00052,0.70686,0.00055,0.70735,1,3,0.99963,0.01039,0.00816,-0.02388,0.06051,0.08374,0.63072,0,1
1768333705.215154,0.00825,-0.01216,0.02723,0.00039,0.00020,-0.00079,0.53067,0.00084,0.22803,-0.00052,0.70686,0.00055,0.70735,1,3,0.99963,0.01039,0.00816,-0.02388,0.06051,0.08374,0.63072,0,1
1768333705.217153,0.02815,-0.02244,0.05848,-0.00279,-0.00129,0.00030,0.53059,0.00084,0.22803,-0.00052,0.70686,0.00055,0.70736,1,3,0.99963,0.01039,0.00816,-0.02388,0.06051,0.08374,0.63072,0,1
1768333705.219155,0.00762,-0.02194,-0.00263,0.00071,-0.00003,-0.00014,0.53059,0.00084,0.22803,-0.00052,0.70686,0.00055,0.70736,1,3,0.99963,0.01039,0.00816,-0.02388,0.06051,0.08374,0.63072,0,1
1768333705.221162,0.01257,0.01422,0.00395,-0.00038,0.00052,-0.00015,0.53055,0.00084,0.22804,-0.00052,0.70685,0.00055,0.70736,1,3,0.99963,0.01039,0.00816,-0.02388,0.06051,0.08374,0.63072,0,1
1768333705.223149,-0.01278,0.01533,0.01174,-0.00016,-0.00007,-0.00011,0.53055,0.00084,0.22804,-0.00052,0.70685,0.00055,0.70736,1,3,0.99963,0.01039,0.00816,-0.02388,0.06051,0.08374,0.63072,0,1
1768333705.225163,-0.03143,0.00057,-0.00299,0.00119,0.00081,0.00030,0.53051,0.00084,0.22804,-0.00052,0.70685,0.00055,0.70736,1,3,0.99963,0.01039,0.00816,-0.02388,0.06051,0.08374,0.63072,0,1
1768333705.227237,0.00441,0.01994,-0.01091,-0.00075,-0.00065,0.00052,0.53051,0.00084,0.22804,-0.00052,0.70685,0.00055,0.70736,1,3,0.99963,0.01039,0.00816,-0.02388,0.06051,0.08374,0.63072,0,1
1768333705.229166,-0.00208,-0.02678,-0.05585,0.00196,0.00060,-0.00044,0.53047,0.00084,0.22804,-0.00052,0.70685,0.00055,0.70737,1,3,0.99963,0.01039,0.00816,-0.02388,0.06051,0.08374,0.63072,0,1
1768333705.231178,0.01171,-0.02950,-0.03285,0.00083,0.00006,-0.00016,0.53047,0.00084,0.22804,-0.00052,0.70685,0.00055,0.70737,1,3,0.99963,0.01039,0.00816,-0.02388,0.06051,0.08374,0.63072,0,1
1768333705.233148,0.00200,-0.06347,-0.01691,0.00239,0.00032,-0.00040,0.53047,0.00084,0.22804,-0.00052,0.70685,0.00055,0.70737,1,3,0.99963,0.01039,0.00816,-0.02388,0.06051,0.08374,0.63072,0,1
1768333705.235158,0.01641,0.01285,-0.00332,0.00026,-0.00092,0.00012,0.53043,0.00084,0.22804,-0.00052,0.70684,0.00055,0.70737,1,3,0.99963,0.01039,0.00816,-0.02388,0.06051,0.08374,0.63072,0,1
1768333705.237164,0.02145,0.01938,0.01178,-0.00098,-0.00047,0.00053,0.53043,0.00084,0.22804,-0.00052,0.70684,0.00055,0.70737,1,3,0.99963,0.01039,0.00816,-0.02388,0.06051,0.08374,0.63072,0,1
1768333705.239178,0.01740,0.01728,-0.01129,-0.00057,-0.00044,-0.00043,0.53039,0.00084,0.22804,-0.00052,0.70684,0.00055,0.70737,1,3,0.99963,0.01039,0.00816,-0.02388,0.06051,0.08374,0.63072,0,1
1768333705.241163,0.01069,-0.04459,-0.04001,0.00152,0.00060,0.00024,0.53039,0.00084,0.22804,-0.00052,0.70684,0.00055,0.70737,1,3,0.99963,0.01039,0.00816,-0.02388,0.06051,0.08374,0.63072,0,1
1768333705.243181,0.02091,-0.03966,0.02845,-0.00016,-0.00029,0.00055,0.53035,0.00084,0.22804,-0.00052,0.70684,0.00055,0.70737,1,3,0.99965,0.01044,0.00805,-0.02285,0.06051,0.08375,0.63081,0,1
1768333705.245172,0.01958,-0.00002,-0.01107,0.00141,0.00031,-0.00057,0.53035,0.00084,0.22804,-0.00052,0.70684,0.00055,0.70737,1,3,0.99965,0.01044,0.00805,-0.02285,0.06051,0.08375,0.63081,0,1
1768333705.247182,-0.00480,-0.00532,-0.02585,0.00003,0.00087,-0.00002,0.53031,0.00084,0.22804,-0.00052,0.70684,0.00055,0.70737,1,3,0.99965,0.01044,0.00805,-0.02285,0.06051,0.08375,0.63081,0,1
1768333705.249191,-0.00038,-0.01706,0.01277,-0.00011,-0.00018,0.00056,0.53026,0.00084,0.22804,-0.00052,0.70684,0.00055,0.70737,1,3,0.99965,0.01044,0.00805,-0.02285,0.06051,0.08375,0.63081,0,1
1768333705.251226,-0.02119,-0.02854,0.00555,-0.00003,-0.00056,0.00031,0.53026,0.00084,0.22804,-0.00052,0.70684,0.00055,0.70737,1,3,0.99965,0.01044,0.00805,-0.02285,0.06051,0.08375,0.63081,0,1
1768333705.253225,0.01938,0.01495,-0.06460,0.00159,0.00005,-0.00061,0.53022,0.00084,0.22804,-0.00052,0.70684,0.00055,0.70737,1,3,0.99965,0.01044,0.00805,-0.02285,0.06051,0.08375,0.63081,0,1
1768333705.255181,-0.00070,-0.00158,-0.01066,0.00073,-0.00058,-0.00027,0.53022,0.00084,0.22804,-0.00052,0.70684,0.00055,0.70737,1,3,0.99965,0.01044,0.00805,-0.02285,0.06051,0.08375,0.63081,0,1
1768333705.257181,-0.00802,0.02681,-0.01151,-0.00089,0.00063,-0.00028,0.53018,0.00084,0.22804,-0.00052,0.70684,0.00055,0.70737,1,3,0.99965,0.01044,0.00805,-0.02285,0.06051,0.08375,0.63081,0,1
1768333705.259167,-0.01798,-0.04075,-0.00951,0.00113,-0.00034,0.00002,0.53018,0.00084,0.22804,-0.00052,0.70684,0.00055,0.70737,1,3,0.99965,0.01044,0.00805,-0.02285,0.06051,0.08375,0.63081,0,1
1768333705.261189,-0.02523,0.00403,0.01231,-0.00007,-0.00105,0.00004,0.53014,0.00084,0.22805,-0.00052,0.70684,0.00055,0.70737,1,3,0.99965,0.01044,0.00805,-0.02285,0.06051,0.08375,0.63081,0,1
1768333705.263176,0.02855,-0.02949,-0.01733,0.00062,-0.00077,0.00064,0.53014,0.00084,0.22805,-0.00052,0.70684,0.00055,0.70737,1,3,0.99965,0.01044,0.00805,-0.02285,0.06051,0.08375,0.63081,0,1
1768333705.265181,0.00335,0.01909,-0.00353,-0.00011,0.00076,0.00053,0.53014,0.00084,0.22805,-0.00052,0.70684,0.00055,0.70737,1,3,0.99965,0.01044,0.00805,-0.02285,0.06051,0.08375,0.63081,0,1
1768333705.267202,0.02735,-0.02500,-0.04063,0.00176,0.00038,0.00008,0.53010,0.00084,0.22805,-0.00052,0.70684,0.00055,0.70737,1,3,0.99965,0.01044,0.00805,-0.02285,0.06051,0.08375,0.63081,0,1
1768333705.269187,-0.00069,0.03676,-0.00400,-0.00011,0.00041,0.00026,0.53010,0.00084,0.22805,-0.00052,0.70684,0.00055,0.70737,1,3,0.99965,0.01044,0.00805,-0.02285,0.06051,0.08375,0.63081,0,1
1768333705.271216,0.00467,-0.01960,0.01264,-0.00058,-0.00025,0.00001,0.53006,0.00084,0.22804,-0.00052,0.70684,0.00055,0.70737,1,3,0.99965,0.01044,0.00805,-0.02285,0.06051,0.08375,0.63081,0,1
1768333705.273202,-0.01002,-0.03036,-0.05522,0.00169,-0.00120,0.00011,0.53006,0.00084,0.22804,-0.00052,0.70684,0.00055,0.70737,1,3,0.99965,0.01044,0.00805,-0.02285,0.06051,0.08375,0.63081,0,1
1768333705.275193,0.01200,-0.01956,0.01273,0.00030,-0.00033,0.00041,0.53002,0.00084,0.22804,-0.00052,0.70685,0.00055,0.70736,1,3,0.99963,0.01038,0.00854,-0.02378,0.06050,0.08374,0.63070,0,1
1768333705.277190,-0.00077,-0.03653,-0.01739,0.00075,-0.00004,-0.00014,0.53002,0.00084,0.22804,-0.00052,0.70685,0.00055,0.70736,1,3,0.99963,0.01038,0.00854,-0.02378,0.06050,0.08374,0.63070,0,1
1768333705.279199,0.00028,0.03124,-0.04217,-0.00084,0.00103,-0.00045,0.52998,0.00084,0.22804,-0.00052,0.70685,0.00055,0.70736,1,3,0.99963,0.01038,0.00854,-0.02378,0.06050,0.08374,0.63070,0,1
1768333705.281200,0.00416,-0.01476,0.00499,-0.00030,-0.00011,0.00028,0.52994,0.00084,0.22804,-0.00052,0.70685,0.00055,0.70736,1,3,0.99963,0.01038,0.00854,-0.02378,0.06050,0.08374,0.63070,0,1
1768333705.283224,0.00027,0.00339,0.02720,-0.00008,-0.00086,-0.00038,0.52994,0.00084,0.22804,-0.00052,0.70685,0.00055,0.70736,1,3,0.99963,0.01038,0.00854,-0.02378,0.06050,0.08374,0.63070,0,1
1768333705.285199,-0.03049,-0.02805,-0.04758,0.00085,-0.00070,0.00027,0.52990,0.00084,0.22803,-0.00052,0.70685,0.00055,0.70736,1,3,0.99963,0.01038,0.00854,-0.02378,0.06050,0.08374,0.63070,0,1
1768333705.287202,-0.00478,0.01454,0.01176,-0.00016,0.00060,0.00028,0.52990,0.00084,0.22803,-0.00052,0.70685,0.00055,0.70736,1,3,0.99963,0.01038,0.00854,-0.02378,0.06050,0.08374,0.63070,0,1
1768333705.289206,0.00733,-0.00290,-0.00313,0.00050,0.00072,0.00012,0.52986,0.00084,0.22803,-0.00052,0.70686,0.00055,0.70736,1,3,0.99963,0.01038,0.00854,-0.02378,0.06050,0.08374,0.63070,0,1
1768333705.291193,0.01309,-0.00059,0.01196,-0.00078,0.00039,-0.00014,0.52986,0.00084,0.22803,-0.00052,0.70686,0.00055,0.70736,1,3,0.99963,0.01038,0.00854,-0.02378,0.06050,0.08374,0.63070,0,1
1768333705.293210,0.02114,-0.01967,0.00480,0.00008,-0.00033,-0.00041,0.52986,0.00084,0.22803,-0.00052,0.70686,0.00055,0.70736,1,3,0.99963,0.01038,0.00854,-0.02378,0.06050,0.08374,0.63070,0,1
1768333705.295225,0.00008,0.02205,0.00386,-0.00051,0.00028,-0.00014,0.52982,0.00084,0.22803,-0.00052,0.70686,0.00055,0.70736,1,3,0.99963,0.01038,0.00854,-0.02378,0.06050,0.08374,0.63070,0,1
1768333705.297224,0.01492,0.01444,0.04249,-0.00278,-0.00090,0.00070,0.52982,0.00084,0.22803,-0.00052,0.70686,0.00055,0.70736,1,3,0.99963,0.01038,0.00854,-0.02378,0.06050,0.08374,0.63070,0,1
1768333705.299220,0.02559,0.02128,0.01150,-0.00095,0.00023,0.00025,0.52978,0.00084,0.22803,-0.00052,0.70685,0.00055,0.70736,1,3,0.99963,0.01038,0.00854,-0.02378,0.06050,0.08374,0.63070,0,1
1768333705.301227,0.00639,-0.01198,-0.02586,0.00192,0.00036,-0.00043,0.52978,0.00084,0.22803,-0.00052,0.70685,0.00055,0.70736,1,3,0.99963,0.01038,0.00854,-0.02378,0.06050,0.08374,0.63070,0,1
1768333705.303224,0.02634,-0.02201,-0.04049,-0.00082,-0.00114,-0.00018,0.52974,0.00084,0.22803,-0.00052,0.70686,0.00055,0.70736,1,3,0.99963,0.01038,0.00854,-0.02378,0.06050,0.08374,0.63070,0,1
1768333705.305232,-0.02145,-0.01859,0.02036,0.00031,-0.00044,0.00005,0.52974,0.00084,0.22803,-0.00052,0.70686,0.00055,0.70736,1,3,0.99963,0.01038,0.00854,-0.02378,0.06050,0.08374,0.63070,0,1
1768333705.307226,-0.00424,-0.00449,-0.00290,-0.00018,-0.00028,0.00001,0.52970,0.00084,0.22803,-0.00052,0.70685,0.00055,0.70736,1,3,0.99963,0.01038,0.00854,-0.02378,0.06050,0.08374,0.63070,0,1
1768333705.309214,0.00888,0.00231,0.01962,-0.00075,-0.00006,0.00001,0.52970,0.00084,0.22803,-0.00052,0.70685,0.00055,0.70736,1,3,0.99963,0.01038,0.00854,-0.02378,0.06050,0.08374,0.63070,0,1
1768333705.311223,-0.00561,-0.02966,-0.02530,0.00105,0.00090,-0.00014,0.52966,0.00084,0.22803,-0.00052,0.70686,0.00055,0.70736,1,3,0.99963,0.01038,0.00854,-0.02378,0.06050,0.08374,0.63070,0,1
1768333705.313230,0.01265,-0.01046,-0.01049,-0.00047,0.00041,0.00012,0.52966,0.00084,0.22803,-0.00052,0.70686,0.00055,0.70736,1,3,0.99961,0.01030,0.00964,-0.02407,0.06048,0.08371,0.63047,0,1
1768333705.315224,0.00598,-0.02612,-0.06320,0.00240,-0.00051,-0.00005,0.52962,0.00084,0.22803,-0.00052,0.70686,0.00055,0.70735,1,3,0.99961,0.01030,0.00964,-0.02407,0.06048,0.08371,0.63047,0,1
1768333705.317221,0.00307,-0.01566,0.01307,-0.00250,-0.00289,0.00016,0.52962,0.00084,0.22803,-0.00052,0.70686,0.00055,0.70735,1,3,0.99961,0.01030,0.00964,-0.02407,0.06048,0.08371,0.63047,0,1
1768333705.319260,0.01108,-0.00936,-0.04099,0.00151,-0.00021,-0.00031,0.52962,0.00084,0.22803,-0.00052,0.70686,0.00055,0.70735,1,3,0.99961,0.01030,0.00964,-0.02407,0.06048,0.08371,0.63047,0,1
1768333705.321255,-0.01295,0.00553,0.01971,-0.00005,-0.00018,0.00016,0.52962,0.00084,0.22803,-0.00052,0.70686,0.00055,0.70735,1,3,0.99961,0.01030,0.00964,-0.02407,0.06048,0.08371,0.63047,0,1
1768333705.323251,0.00426,0.00975,0.01182,-0.00044,0.00011,0.00000,0.52958,0.00084,0.22803,-0.00052,0.70686,0.00055,0.70735,1,3,0.99961,0.01030,0.00964,-0.02407,0.06048,0.08371,0.63047,0,1
1768333705.325243,0.02115,-0.03461,0.00534,-0.00010,-0.00031,-0.00000,0.52950,0.00084,0.22803,-0.00052,0.70686,0.00055,0.70735,1,3,0.99961,0.01030,0.00964,-0.02407,0.06048,0.08371,0.63047,0,1
1768333705.327251,0.01646,-0.03735,-0.01733,0.00008,0.00014,0.00025,0.52950,0.00084,0.22803,-0.00052,0.70686,0.00055,0.70735,1,3,0.99961,0.01030,0.00964,-0.02407,0.06048,0.08371,0.63047,0,1
1768333705.329241,0.01097,-0.00889,-0.00314,0.00196,-0.00047,-0.00068,0.52946,0.00084,0.22803,-0.00052,0.70686,0.00055,0.70735,1,3,0.99961,0.01030,0.00964,-0.02407,0.06048,0.08371,0.63047,0,1
1768333705.331244,-0.01256,0.00590,-0.01058,-0.00027,-0.00082,0.00014,0.52946,0.00084,0.22803,-0.00052,0.70686,0.00055,0.70735,1,3,0.99961,0.01030,0.00964,-0.02407,0.06048,0.08371,0.63047,0,1
1768333705.333241,0.02548,0.01175,0.02692,-0.00063,-0.00002,0.00013,0.52946,0.00084,0.22803,-0.00052,0.70686,0.00055,0.70735,1,3,0.99961,0.01030,0.00964,-0.02407,0.06048,0.08371,0.63047,0,1
1768333705.335242,0.01208,-0.02063,0.02776,-0.00015,0.00094,0.00042,0.52942,0.00084,0.22803,-0.00052,0.70686,0.00055,0.70735,1,3,0.99961,0.01030,0.00964,-0.02407,0.06048,0.08371,0.63047,0,1
1768333705.337229,0.00485,0.02981,0.01154,-0.00107,-0.00067,0.00027,0.52942,0.00084,0.22803,-0.00052,0.70686,0.00055,0.70735,1,3,0.99961,0.01030,0.00964,-0.02407,0.06048,0.08371,0.63047,0,1
1768333705.339246,-0.00055,0.01741,0.00386,0.00031,0.00029,-0.00041,0.52938,0.00084,0.22803,-0.00052,0.70686,0.00055,0.70735,1,3,0.99961,0.01030,0.00964,-0.02407,0.06048,0.08371,0.63047,0,1
1768333705.341247,0.01244,0.03487,0.01907,-0.00035,-0.00089,0.00054,0.52938,0.00084,0.22803,-0.00052,0.70686,0.00055,0.70735,1,3,0.99961,0.01030,0.00964,-0.02407,0.06048,0.08371,0.63047,0,1
1768333705.343243,0.00704,-0.02483,0.02055,-0.00282,-0.00078,0.00016,0.52934,0.00084,0.22803,-0.00052,0.70686,0.00055,0.70735,1,3,0.99961,0.01030,0.00964,-0.02407,0.06048,0.08371,0.63047,0,1
1768333705.345232,0.00168,-0.04888,-0.02476,0.00234,0.00045,-0.00001,0.52934,0.00084,0.22803,-0.00052,0.70686,0.00055,0.70735,1,3,0.99961,0.01030,0.00964,-0.02407,0.06048,0.08371,0.63047,0,1
1768333705.347234,0.01078,-0.02373,-0.04057,0.00199,-0.00057,-0.00030,0.52930,0.00084,0.22803,-0.00052,0.70686,0.00055,0.70735,1,3,0.99961,0.01030,0.00964,-0.02407,0.06048,0.08371,0.63047,0,1
1768333705.349241,0.00875,-0.01712,-0.00292,-0.00011,-0.00006,-0.00068,0.52930,0.00084,0.22803,-0.00052,0.70686,0.00055,0.70735,1,3,0.99962,0.01034,0.00865,-0.02413,0.06050,0.08372,0.63055,0,1
1768333705.351257,0.02056,0.01470,0.00416,0.00006,-0.00034,0.00025,0.52926,0.00084,0.22803,-0.00052,0.70686,0.00055,0.70736,1,3,0.99962,0.01034,0.00865,-0.02413,0.06050,0.08372,0.63055,0,1
1768333705.353268,-0.00045,-0.00149,-0.01081,0.00073,-0.00059,-0.00068,0.52926,0.00084,0.22803,-0.00052,0.70686,0.00055,0.70736,1,3,0.99962,0.01034,0.00865,-0.02413,0.06050,0.08372,0.63055,0,1
1768333705.355301,0.00016,0.00728,-0.00317,-0.00069,0.00004,0.00027,0.52922,0.00084,0.22803,-0.00052,0.70686,0.00055,0.70736,1,3,0.99962,0.01034,0.00865,-0.02413,0.06050,0.08372,0.63055,0,1
1768333705.357255,-0.00622,-0.01371,-0.03331,0.00211,-0.00013,-0.00056,0.52917,0.00084,0.22803,-0.00052,0.70686,0.00055,0.70736,1,3,0.99962,0.01034,0.00865,-0.02413,0.06050,0.08372,0.63055,0,1
1768333705.359313,-0.00518,-0.01354,-0.00283,0.00124,-0.00065,-0.00053,0.52917,0.00084,0.22803,-0.00052,0.70686,0.00055,0.70736,1,3,0.99962,0.01034,0.00865,-0.02413,0.06050,0.08372,0.63055,0,1
1768333705.361300,0.01205,-0.02925,-0.01001,0.00062,-0.00033,-0.00014,0.52913,0.00084,0.22803,-0.00052,0.70685,0.00055,0.70736,1,3,0.99962,0.01034,0.00865,-0.02413,0.06050,0.08372,0.63055,0,1
1768333705.363258,0.01238,-0.01424,-0.04052,0.00014,-0.00097,0.00023,0.52913,0.00084,0.22803,-0.00052,0.70685,0.00055,0.70736,1,3,0.99962,0.01034,0.00865,-0.02413,0.06050,0.08372,0.63055,0,1
1768333705.365267,-0.00843,0.02267,-0.02642,-0.00028,-0.00025,-0.00015,0.52909,0.00084,0.22803,-0.00052,0.70685,0.00055,0.70736,1,3,0.99962,0.01034,0.00865,-0.02413,0.06050,0.08372,0.63055,0,1
1768333705.367255,-0.01329,0.01026,-0.00332,0.00022,0.00020,0.00001,0.52909,0.00084,0.22803,-0.00052,0.70685,0.00055,0.70736,1,3,0.99962,0.01034,0.00865,-0.02413,0.06050,0.08372,0.63055,0,1
1768333705.369273,0.01153,-0.02435,-0.02542,0.00111,-0.00007,-0.00029,0.52909,0.00084,0.22803,-0.00052,0.70685,0.00055,0.70736,1,3,0.99962,0.01034,0.00865,-0.02413,0.06050,0.08372,0.63055,0,1
1768333705.371255,0.01264,-0.05379,-0.01697,0.00032,-0.00057,-0.00028,0.52909,0.00084,0.22803,-0.00052,0.70685,0.00055,0.70736,1,3,0.99962,0.01034,0.00865,-0.02413,0.06050,0.08372,0.63055,0,1
1768333705.373253,-0.00369,-0.05328,-0.00924,-0.00011,-0.00088,-0.00025,0.52905,0.00084,0.22803,-0.00052,0.70685,0.00055,0.70736,1,3,0.99962,0.01034,0.00865,-0.02413,0.06050,0.08372,0.63055,0,1
1768333705.375248,0.02235,0.00507,-0.00325,-0.00115,-0.00099,-0.00029,0.52905,0.00084,0.22803,-0.00052,0.70685,0.00055,0.70736,1,3,0.99962,0.01034,0.00865,-0.02413,0.06050,0.08372,0.63055,0,1
1768333705.377286,-0.00535,0.03494,0.01108,0.00074,0.00020,-0.00027,0.52901,0.00084,0.22803,-0.00052,0.70686,0.00055,0.70735,1,3,0.99962,0.01034,0.00865,-0.02413,0.06050,0.08372,0.63055,0,1
1768333705.379305,0.01183,0.04955,0.01086,0.00026,-0.00039,0.00012,0.52897,0.00084,0.22803,-0.00052,0.70686,0.00055,0.70735,1,3,0.99962,0.01034,0.00865,-0.02413,0.06050,0.08372,0.63055,0,1
1768333705.381283,0.02426,-0.00813,-0.00301,0.00044,0.00053,0.00024,0.52897,0.00084,0.22803,-0.00052,0.70686,0.00055,0.70735,1,3,0.99962,0.01034,0.00865,-0.02413,0.06050,0.08372,0.63055,0,1
1768333705.383304,0.00047,-0.03577,-0.01736,0.00010,-0.00121,-0.00054,0.52893,0.00084,0.22802,-0.00052,0.70686,0.00055,0.70735,1,3,0.99964,0.01042,0.00793,-0.02362,0.06050,0.08374,0.63066,0,1
1768333705.385283,-0.02056,-0.02502,0.03539,-0.00086,0.00120,-0.00021,0.52893,0.00084,0.22802,-0.00052,0.70686,0.00055,0.70735,1,3,0.99964,0.01042,0.00793,-0.02362,0.06050,0.08374,0.63066,0,1
1768333705.387319,0.01348,0.03455,-0.00404,-0.00101,-0.00053,-0.00029,0.52893,0.00084,0.22802,-0.00052,0.70686,0.00055,0.70735,1,3,0.99964,0.01042,0.00793,-0.02362,0.06050,0.08374,0.63066,0,1
1768333705.389363,0.01572,0.00297,-0.01060,0.00079,-0.00077,0.00038,0.52889,0.00084,0.22803,-0.00052,0.70686,0.00055,0.70735,1,3,0.99964,0.01042,0.00793,-0.02362,0.06050,0.08374,0.63066,0,1
1768333705.391284,0.00790,-0.02200,0.02053,0.00005,-0.00040,0.00069,0.52885,0.00084,0.22803,-0.00052,0.70686,0.00055,0.70735,1,3,0.99964,0.01042,0.00793,-0.02362,0.06050,0.08374,0.63066,0,1
1768333705.393278,0.02099,-0.00019,0.00419,0.00010,0.00004,-0.00055,0.52881,0.00084,0.22803,-0.00052,0.70686,0.00055,0.70736,1,3,0.99964,0.01042,0.00793,-0.02362,0.06050,0.08374,0.63066,0,1
1768333705.395299,-0.00935,0.01230,-0.01878,0.00046,0.00078,-0.00028,0.52881,0.00084,0.22803,-0.00052,0.70686,0.00055,0.70736,1,3,0.99964,0.01042,0.00793,-0.02362,0.06050,0.08374,0.63066,0,1
1768333705.397357,0.01325,0.00963,0.01201,-0.00109,-0.00037,0.00040,0.52877,0.00084,0.22803,-0.00052,0.70685,0.00055,0.70736,1,3,0.99964,0.01042,0.00793,-0.02362,0.06050,0.08374,0.63066,0,1
1768333705.399297,0.00504,0.00985,0.01189,-0.00109,-0.00028,0.00001,0.52877,0.00084,0.22803,-0.00052,0.70685,0.00055,0.70736,1,3,0.99964,0.01042,0.00793,-0.02362,0.06050,0.08374,0.63066,0,1
1768333705.401297,0.01125,-0.01161,0.02809,-0.00266,-0.00210,0.00043,0.52873,0.00084,0.22804,-0.00052,0.70685,0.00055,0.70736,1,3,0.99964,0.01042,0.00793,-0.02362,0.06050,0.08374,0.63066,0,1
1768333705.403296,0.01926,-0.01519,-0.01060,0.00144,0.00071,-0.00016,0.52873,0.00084,0.22804,-0.00052,0.70685,0.00055,0.70736,1,3,0.99964,0.01042,0.00793,-0.02362,0.06050,0.08374,0.63066,0,1
1768333705.405293,0.01121,-0.00239,0.02002,-0.00277,-0.00123,0.00015,0.52873,0.00084,0.22804,-0.00052,0.70685,0.00055,0.70736,1,3,0.99964,0.01042,0.00793,-0.02362,0.06050,0.08374,0.63066,0,1
1768333705.407324,0.01061,-0.01983,-0.01056,0.00182,0.00082,-0.00042,0.52869,0.00084,0.22804,-0.00052,0.70685,0.00055,0.70736,1,3,0.99964,0.01042,0.00793,-0.02362,0.06050,0.08374,0.63066,0,1
1768333705.409293,0.00744,-0.02678,-0.01763,0.00087,-0.00015,-0.00001,0.52869,0.00084,0.22804,-0.00052,0.70685,0.00055,0.70736,1,3,0.99964,0.01042,0.00793,-0.02362,0.06050,0.08374,0.63066,0,1
1768333705.411289,-0.01747,0.00761,-0.01075,-0.00003,0.00038,0.00028,0.52869,0.00084,0.22804,-0.00052,0.70685,0.00055,0.70736,1,3,0.99964,0.01042,0.00793,-0.02362,0.06050,0.08374,0.63066,0,1
1768333705.413287,0.01786,0.00722,0.01187,-0.00112,-0.00043,-0.00014,0.52865,0.00084,0.22804,-0.00052,0.70685,0.00055,0.70737,1,3,0.99964,0.01042,0.00793,-0.02362,0.06050,0.08374,0.63066,0,1
1768333705.415292,0.03063,0.01492,-0.02607,-0.00125,-0.00147,0.00022,0.52861,0.00084,0.22804,-0.00052,0.70684,0.00055,0.70737,1,3,0.99964,0.01042,0.00793,-0.02362,0.06050,0.08374,0.63066,0,1
1768333705.417298,0.01828,-0.03223,0.00579,-0.00182,-0.00102,0.00095,0.52861,0.00084,0.22804,-0.00052,0.70684,0.00055,0.70737,1,3,0.99962,0.01052,0.00885,-0.02369,0.06050,0.08373,0.63063,0,1
1768333705.419327,0.00012,-0.02679,0.00507,-0.00001,-0.00007,-0.00039,0.52861,0.00084,0.22804,-0.00052,0.70684,0.00055,0.70737,1,3,0.99962,0.01052,0.00885,-0.02369,0.06050,0.08373,0.63063,0,1
1768333705.421323,-0.00495,0.01539,-0.01850,0.00028,-0.00041,0.00026,0.52857,0.00084,0.22804,-0.00052,0.70684,0.00055,0.70737,1,3,0.99962,0.01052,0.00885,-0.02369,0.06050,0.08373,0.63063,0,1
1768333705.423291,0.00483,0.01501,-0.01123,-0.00060,-0.00029,-0.00055,0.52857,0.00084,0.22804,-0.00052,0.70684,0.00055,0.70737,1,3,0.99962,0.01052,0.00885,-0.02369,0.06050,0.08373,0.63063,0,1
1768333705.425295,0.02094,0.02431,0.01915,-0.00048,-0.00022,0.00039,0.52853,0.00084,0.22804,-0.00052,0.70684,0.00055,0.70737,1,3,0.99962,0.01052,0.00885,-0.02369,0.06050,0.08373,0.63063,0,1
1768333705.427294,0.03270,-0.02675,-0.02543,0.00130,-0.00071,-0.00045,0.52849,0.00084,0.22805,-0.00052,0.70683,0.00055,0.70738,1,3,0.99962,0.01052,0.00885,-0.02369,0.06050,0.08373,0.63063,0,1
1768333705.429399,-0.00187,-0.02702,-0.02513,0.00130,0.00048,0.00039,0.52844,0.00084,0.22804,-0.00052,0.70684,0.00055,0.70738,1,3,0.99962,0.01052,0.00885,-0.02369,0.06050,0.08373,0.63063,0,1
1768333705.431334,-0.02159,0.00084,0.02752,0.00011,-0.00020,0.00031,0.52844,0.00084,0.22804,-0.00052,0.70684,0.00055,0.70738,1,3,0.99962,0.01052,0.00885,-0.02369,0.06050,0.08373,0.63063,0,1
1768333705.433315,0.00328,0.01103,-0.02602,0.00089,-0.00114,-0.00002,0.52840,0.00084,0.22805,-0.00052,0.70684,0.00055,0.70738,1,3,0.99962,0.01052,0.00885,-0.02369,0.06050,0.08373,0.63063,0,1
1768333705.435314,0.03593,0.01432,-0.00381,0.00159,0.00036,-0.00018,0.52840,0.00084,0.22805,-0.00052,0.70684,0.00055,0.70738,1,3,0.99962,0.01052,0.00885,-0.02369,0.06050,0.08373,0.63063,0,1
1768333705.437313,0.03248,-0.02242,-0.04074,0.00114,-0.00007,-0.00019,0.52840,0.00084,0.22805,-0.00052,0.70684,0.00055,0.70738,1,3,0.99962,0.01052,0.00885,-0.02369,0.06050,0.08373,0.63063,0,1
1768333705.439321,-0.00868,0.00286,-0.00329,0.00013,0.00014,-0.00040,0.52840,0.00084,0.22805,-0.00052,0.70684,0.00055,0.70738,1,3,0.99962,0.01052,0.00885,-0.02369,0.06050,0.08373,0.63063,0,1
1768333705.441318,0.00403,0.00051,-0.01829,0.00010,-0.00051,-0.00015,0.52837,0.00084,0.22805,-0.00052,0.70683,0.00055,0.70738,1,3,0.99962,0.01052,0.00885,-0.02369,0.06050,0.08373,0.63063,0,1
1768333705.443326,-0.03357,-0.02095,0.04322,-0.00016,-0.00030,-0.00006,0.52837,0.00084,0.22805,-0.00052,0.70683,0.00055,0.70738,1,3,0.99962,0.01052,0.00885,-0.02369,0.06050,0.08373,0.63063,0,1
1768333705.445316,-0.00169,0.01749,-0.01104,0.00097,0.00019,0.00039,0.52832,0.00084,0.22805,-0.00052,0.70683,0.00055,0.70738,1,3,0.99962,0.01052,0.00885,-0.02369,0.06050,0.08373,0.63063,0,1
1768333705.447318,0.01484,-0.03143,0.01289,0.00190,-0.00036,0.00014,0.52832,0.00084,0.22805,-0.00052,0.70683,0.00055,0.70738,1,3,0.99962,0.01052,0.00885,-0.02369,0.06050,0.08373,0.63063,0,1
1768333705.449345,0.02629,-0.00642,-0.01073,-0.00020,-0.00167,-0.00097,0.52828,0.00084,0.22805,-0.00052,0.70683,0.00055,0.70738,1,3,0.99962,0.01052,0.00885,-0.02369,0.06050,0.08373,0.63063,0,1
1768333705.451319,0.01018,-0.01404,-0.04861,0.00255,-0.00007,-0.00059,0.52828,0.00084,0.22805,-0.00052,0.70683,0.00055,0.70738,1,3,0.99964,0.01034,0.00855,-0.02333,0.06051,0.08374,0.63070,0,1
1768333705.453328,-0.01310,0.02991,0.00390,-0.00020,0.00006,0.00028,0.52825,0.00084,0.22805,-0.00052,0.70683,0.00055,0.70739,1,3,0.99964,0.01034,0.00855,-0.02333,0.06051,0.08374,0.63070,0,1
1768333705.455323,0.00116,0.02169,0.04185,-0.00161,0.00039,-0.00011,0.52825,0.00084,0.22805,-0.00052,0.70683,0.00055,0.70739,1,3,0.99964,0.01034,0.00855,-0.02333,0.06051,0.08374,0.63070,0,1
1768333705.457324,0.01178,-0.01516,0.01245,0.00035,0.00043,0.00027,0.52821,0.00084,0.22805,-0.00052,0.70683,0.00055,0.70738,1,3,0.99964,0.01034,0.00855,-0.02333,0.06051,0.08374,0.63070,0,1
1768333705.459357,0.02778,-0.05437,-0.00926,0.00141,-0.00011,0.00052,0.52816,0.00084,0.22805,-0.00052,0.70683,0.00055,0.70738,1,3,0.99964,0.01034,0.00855,-0.02333,0.06051,0.08374,0.63070,0,1
1768333705.461336,0.01149,-0.00480,0.01249,0.00048,-0.00033,0.00081,0.52816,0.00084,0.22805,-0.00052,0.70683,0.00055,0.70738,1,3,0.99964,0.01034,0.00855,-0.02333,0.06051,0.08374,0.63070,0,1
1768333705.463371,0.00521,0.05004,-0.06504,-0.00104,-0.00132,-0.00033,0.52812,0.00084,0.22805,-0.00052,0.70683,0.00055,0.70738,1,3,0.99964,0.01034,0.00855,-0.02333,0.06051,0.08374,0.63070,0,1
1768333705.465356,-0.03475,0.01321,0.02713,0.00047,0.00033,0.00019,0.52812,0.00084,0.22805,-0.00052,0.70683,0.00055,0.70738,1,3,0.99964,0.01034,0.00855,-0.02333,0.06051,0.08374,0.63070,0,1
1768333705.467341,0.00007,0.01712,-0.00373,-0.00035,0.00041,-0.00041,0.52808,0.00084,0.22805,-0.00052,0.70683,0.00055,0.70738,1,3,0.99964,0.01034,0.00855,-0.02333,0.06051,0.08374,0.63070,0,1
1768333705.469339,0.01885,-0.01435,-0.02569,0.00211,-0.00017,-0.00017,0.52808,0.00084,0.22805,-0.00052,0.70683,0.00055,0.70738,1,3,0.99964,0.01034,0.00855,-0.02333,0.06051,0.08374,0.63070,0,1
1768333705.471358,0.01241,-0.03814,-0.01741,0.00095,-0.00135,-0.00068,0.52808,0.00084,0.22805,-0.00052,0.70683,0.00055,0.70738,1,3,0.99964,0.01034,0.00855,-0.02333,0.06051,0.08374,0.63070,0,1
1768333705.473356,0.02065,-0.04969,-0.00160,-0.00006,-0.00015,0.00080,0.52804,0.00084,0.22805,-0.00052,0.70683,0.00055,0.70738,1,3,0.99964,0.01034,0.00855,-0.02333,0.06051,0.08374,0.63070,0,1
1768333705.475346,-0.01687,-0.00200,0.01231,-0.00037,-0.00000,0.00016,0.52804,0.00084,0.22805,-0.00052,0.70683,0.00055,0.70738,1,3,0.99964,0.01034,0.00855,-0.02333,0.06051,0.08374,0.63070,0,1
1768333705.477358,-0.00010,-0.00267,-0.01820,-0.00037,0.00031,0.00012,0.52801,0.00084,0.22805,-0.00052,0.70683,0.00055,0.70738,1,3,0.99964,0.01034,0.00855,-0.02333,0.06051,0.08374,0.63070,0,1
1768333705.479349,0.00363,0.01001,-0.00337,0.00022,-0.00000,-0.00001,0.52801,0.00084,0.22805,-0.00052,0.70683,0.00055,0.70738,1,3,0.99963,0.01056,0.00856,-0.02356,0.06050,0.08374,0.63066,0,1
1768333705.481365,0.01671,-0.00746,-0.00301,0.00001,-0.00015,-0.00015,0.52797,0.00084,0.22805,-0.00052,0.70684,0.00055,0.70738,1,3,0.99963,0.01056,0.00856,-0.02356,0.06050,0.08374,0.63066,0,1
1768333705.483358,0.01556,-0.02215,-0.01789,0.00114,0.00013,-0.00016,0.52797,0.00084,0.22805,-0.00052,0.70684,0.00055,0.70738,1,3,0.99963,0.01056,0.00856,-0.02356,0.06050,0.08374,0.63066,0,1
1768333705.485367,-0.01196,0.00489,-0.00310,-0.00116,0.00019,0.00015,0.52793,0.00084,0.22805,-0.00052,0.70684,0.00055,0.70738,1,3,0.99963,0.01056,0.00856,-0.02356,0.06050,0.08374,0.63066,0,1
1768333705.487368,-0.01817,0.01268,-0.01856,0.00069,0.00051,0.00013,0.52793,0.00084,0.22805,-0.00052,0.70684,0.00055,0.70738,1,3,0.99963,0.01056,0.00856,-0.02356,0.06050,0.08374,0.63066,0,1
1768333705.489369,-0.01281,0.02948,0.01127,-0.00042,0.00068,-0.00012,0.52788,0.00084,0.22805,-0.00052,0.70684,0.00055,0.70738,1,3,0.99963,0.01056,0.00856,-0.02356,0.06050,0.08374,0.63066,0,1
1768333705.491419,0.04245,-0.00800,0.01173,0.00000,0.00003,-0.00097,0.52784,0.00084,0.22805,-0.00052,0.70684,0.00055,0.70738,1,3,0.99963,0.01056,0.00856,-0.02356,0.06050,0.08374,0.63066,0,1
1768333705.493383,0.01621,-0.04735,-0.02460,0.00018,0.00028,0.00052,0.52784,0.00084,0.22805,-0.00052,0.70684,0.00055,0.70738,1,3,0.99963,0.01056,0.00856,-0.02356,0.06050,0.08374,0.63066,0,1
1768333705.495368,0.01724,-0.01241,0.02017,-0.00071,-0.00053,0.00041,0.52780,0.00084,0.22805,-0.00052,0.70684,0.00055,0.70738,1,3,0.99963,0.01056,0.00856,-0.02356,0.06050,0.08374,0.63066,0,1
1768333705.497423,-0.01663,0.01785,-0.01859,-0.00056,-0.00027,0.00000,0.52780,0.00084,0.22805,-0.00052,0.70684,0.00055,0.70738,1,3,0.99963,0.01056,0.00856,-0.02356,0.06050,0.08374,0.63066,0,1
1768333705.499396,-0.03660,0.00429,-0.06398,0.00277,-0.00003,-0.00042,0.52776,0.00084,0.22804,-0.00052,0.70684,0.00055,0.70737,1,3,0.99963,0.01056,0.00856,-0.02356,0.06050,0.08374,0.63066,0,1
1768333705.501373,-0.00221,0.03096,0.01201,-0.00215,-0.00248,0.00069,0.52776,0.00084,0.22804,-0.00052,0.70684,0.00055,0.70737,1,3,0.99963,0.01056,0.00856,-0.02356,0.06050,0.08374,0.63066,0,1
1768333705.503359,0.03723,-0.03435,-0.04063,0.00121,-0.00051,-0.00087,0.52776,0.00084,0.22804,-0.00052,0.70684,0.00055,0.70737,1,3,0.99963,0.01056,0.00856,-0.02356,0.06050,0.08374,0.63066,0,1
1768333705.505377,0.01031,-0.03747,0.08137,-0.00188,0.00007,-0.00006,0.52772,0.00084,0.22804,-0.00052,0.70684,0.00055,0.70737,1,3,0.99963,0.01056,0.00856,-0.02356,0.06050,0.08374,0.63066,0,1
1768333705.507356,0.00865,-0.02183,-0.01772,-0.00017,-0.00055,-0.00015,0.52772,0.00084,0.22804,-0.00052,0.70684,0.00055,0.70737,1,3,0.99963,0.01056,0.00856,-0.02356,0.06050,0.08374,0.63066,0,1
1768333705.509363,-0.00223,0.00045,0.01262,-0.00230,-0.00131,0.00070,0.52768,0.00084,0.22804,-0.00052,0.70684,0.00055,0.70737,1,3,0.99963,0.01056,0.00856,-0.02356,0.06050,0.08374,0.63066,0,1
1768333705.511361,-0.00823,0.00269,0.00450,-0.00053,0.00002,0.00001,0.52768,0.00084,0.22804,-0.00052,0.70684,0.00055,0.70737,1,3,0.99963,0.01056,0.00856,-0.02356,0.06050,0.08374,0.63066,0,1
1768333705.513379,0.00884,0.01781,0.03436,-0.00034,-0.00072,-0.00039,0.52764,0.00084,0.22804,-0.00052,0.70684,0.00055,0.70737,1,3,0.99962,0.01046,0.00866,-0.02387,0.06050,0.08374,0.63068,0,1
1768333705.515365,0.02277,0.01554,0.05725,-0.00124,-0.00165,-0.00051,0.52764,0.00084,0.22804,-0.00052,0.70684,0.00055,0.70737,1,3,0.99962,0.01046,0.00866,-0.02387,0.06050,0.08374,0.63068,0,1
1768333705.517383,0.01914,-0.01487,-0.03334,0.00167,0.00034,-0.00018,0.52760,0.00084,0.22804,-0.00052,0.70685,0.00055,0.70737,1,3,0.99962,0.01046,0.00866,-0.02387,0.06050,0.08374,0.63068,0,1
1768333705.519364,0.03010,0.00929,0.03454,-0.00088,-0.00020,-0.00000,0.52756,0.00084,0.22804,-0.00052,0.70685,0.00055,0.70736,1,3,0.99962,0.01046,0.00866,-0.02387,0.06050,0.08374,0.63068,0,1
1768333705.521409,-0.00805,-0.00748,-0.02554,-0.00087,0.00016,0.00026,0.52756,0.00084,0.22804,-0.00052,0.70685,0.00055,0.70736,1,3,0.99962,0.01046,0.00866,-0.02387,0.06050,0.08374,0.63068,0,1
1768333705.523391,-0.02125,-0.01800,-0.01009,0.00053,-0.00108,-0.00038,0.52752,0.00084,0.22803,-0.00052,0.70685,0.00055,0.70736,1,3,0.99962,0.01046,0.00866,-0.02387,0.06050,0.08374,0.63068,0,1
1768333705.525426,-0.00860,0.01789,0.00415,-0.00012,-0.00037,0.00001,0.52752,0.00084,0.22803,-0.00052,0.70685,0.00055,0.70736,1,3,0.99962,0.01046,0.00866,-0.02387,0.06050,0.08374,0.63068,0,1
1768333705.527378,0.02848,0.02361,-0.00364,-0.00005,0.00046,0.00077,0.52748,0.00084,0.22804,-0.00052,0.70685,0.00055,0.70736,1,3,0.99962,0.01046,0.00866,-0.02387,0.06050,0.08374,0.63068,0,1
1768333705.529402,0.01448,0.00465,0.03507,-0.00225,-0.00076,0.00056,0.52748,0.00084,0.22804,-0.00052,0.70685,0.00055,0.70736,1,3,0.99962,0.01046,0.00866,-0.02387,0.06050,0.08374,0.63068,0,1
1768333705.531387,0.01476,-0.00941,0.03540,-0.00198,-0.00152,0.00016,0.52744,0.00084,0.22803,-0.00052,0.70685,0.00055,0.70736,1,3,0.99962,0.01046,0.00866,-0.02387,0.06050,0.08374,0.63068,0,1
1768333705.533395,-0.01877,-0.05414,0.03671,-0.00253,-0.00031,0.00061,0.52744,0.00084,0.22803,-0.00052,0.70685,0.00055,0.70736,1,3,0.99962,0.01046,0.00866,-0.02387,0.06050,0.08374,0.63068,0,1
1768333705.535383,0.00507,-0.02034,0.01219,-0.00081,0.00088,-0.00080,0.52744,0.00084,0.22803,-0.00052,0.70685,0.00055,0.70736,1,3,0.99962,0.01046,0.00866,-0.02387,0.06050,0.08374,0.63068,0,1
1768333705.537376,0.02511,0.00696,-0.01828,-0.00047,-0.00038,0.00063,0.52740,0.00084,0.22803,-0.00052,0.70685,0.00055,0.70736,1,3,0.99962,0.01046,0.00866,-0.02387,0.06050,0.08374,0.63068,0,1
1768333705.539375,0.01680,-0.00649,-0.01063,0.00046,-0.00117,-0.00056,0.52740,0.00084,0.22803,-0.00052,0.70685,0.00055,0.70736,1,3,0.99962,0.01046,0.00866,-0.02387,0.06050,0.08374,0.63068,0,1
1768333705.541377,0.00777,-0.00665,0.01227,0.00067,-0.00068,-0.00013,0.52736,0.00084,0.22803,-0.00052,0.70685,0.00055,0.70736,1,3,0.99962,0.01046,0.00866,-0.02387,0.06050,0.08374,0.63068,0,1
1768333705.543376,0.01766,0.02222,-0.01887,-0.00094,-0.00069,-0.00017,0.52736,0.00084,0.22803,-0.00052,0.70685,0.00055,0.70736,1,3,0.99962,0.01046,0.00866,-0.02387,0.06050,0.08374,0.63068,0,1
1768333705.545390,-0.03143,0.01057,0.01944,0.00132,0.00080,0.00004,0.52732,0.00084,0.22803,-0.00052,0.70685,0.00055,0.70736,1,3,0.99962,0.01046,0.00866,-0.02387,0.06050,0.08374,0.63068,0,1
1768333705.547394,-0.01288,-0.01906,0.02029,0.00008,-0.00016,0.00004,0.52732,0.00084,0.22803,-0.00052,0.70685,0.00055,0.70736,1,3,0.99961,0.01033,0.00926,-0.02422,0.06049,0.08371,0.63051,0,1
1768333705.549385,0.02476,-0.03152,-0.00999,0.00081,-0.00086,-0.00029,0.52728,0.00084,0.22804,-0.00052,0.70685,0.00055,0.70737,1,3,0.99961,0.01033,0.00926,-0.02422,0.06049,0.08371,0.63051,0,1
1768333705.551414,0.01144,-0.04153,0.02880,-0.00281,-0.00170,0.00044,0.52728,0.00084,0.22804,-0.00052,0.70685,0.00055,0.70737,1,3,0.99961,0.01033,0.00926,-0.02422,0.06049,0.08371,0.63051,0,1
1768333705.553411,-0.01801,-0.02167,-0.00240,0.00071,0.00029,0.00029,0.52728,0.00084,0.22804,-0.00052,0.70685,0.00055,0.70737,1,3,0.99961,0.01033,0.00926,-0.02422,0.06049,0.08371,0.63051,0,1
1768333705.555420,-0.00339,-0.03140,-0.02516,0.00299,0.00050,0.00012,0.52728,0.00084,0.22804,-0.00052,0.70685,0.00055,0.70737,1,3,0.99961,0.01033,0.00926,-0.02422,0.06049,0.08371,0.63051,0,1
1768333705.557431,-0.02244,-0.02354,-0.04806,0.00134,-0.00004,-0.00028,0.52720,0.00084,0.22803,-0.00052,0.70686,0.00055,0.70736,1,3,0.99961,0.01033,0.00926,-0.02422,0.06049,0.08371,0.63051,0,1
1768333705.559482,0.01658,-0.03268,0.00523,-0.00008,0.00051,0.00013,0.52716,0.00084,0.22803,-0.00052,0.70685,0.00055,0.70736,1,3,0.99961,0.01033,0.00926,-0.02422,0.06049,0.08371,0.63051,0,1
1768333705.561409,0.03408,-0.00792,-0.01807,-0.00065,-0.00048,0.00023,0.52716,0.00084,0.22803,-0.00052,0.70685,0.00055,0.70736,1,3,0.99961,0.01033,0.00926,-0.02422,0.06049,0.08371,0.63051,0,1
1768333705.563410,0.02118,0.00449,-0.01084,-0.00050,-0.00008,0.00011,0.52712,0.00084,0.22804,-0.00052,0.70685,0.00055,0.70736,1,3,0.99961,0.01033,0.00926,-0.02422,0.06049,0.08371,0.63051,0,1
1768333705.565406,0.01242,0.02378,-0.00407,-0.00027,0.00101,-0.00043,0.52712,0.00084,0.22804,-0.00052,0.70685,0.00055,0.70736,1,3,0.99961,0.01033,0.00926,-0.02422,0.06049,0.08371,0.63051,0,1
1768333705.567400,-0.01293,0.00494,-0.01835,-0.00028,0.00046,0.00013,0.52708,0.00084,0.22804,-0.00052,0.70684,0.00055,0.70737,1,3,0.99961,0.01033,0.00926,-0.02422,0.06049,0.08371,0.63051,0,1
1768333705.569404,-0.00438,0.00996,0.00444,-0.00044,-0.00003,0.00041,0.52708,0.00084,0.22804,-0.00052,0.70684,0.00055,0.70737,1,3,0.99961,0.01033,0.00926,-0.02422,0.06049,0.08371,0.63051,0,1
1768333705.571401,0.02398,-0.02667,-0.03302,0.00152,-0.00048,-0.00045,0.52708,0.00084,0.22804,-0.00052,0.70684,0.00055,0.70737,1,3,0.99961,0.01033,0.00926,-0.02422,0.06049,0.08371,0.63051,0,1
1768333705.573413,0.01635,-0.02700,0.00515,0.00043,-0.00026,-0.00000,0.52704,0.00084,0.22804,-0.00052,0.70684,0.00055,0.70737,1,3,0.99961,0.01033,0.00926,-0.02422,0.06049,0.08371,0.63051,0,1
1768333705.575397,0.02181,-0.00059,0.03457,-0.00078,0.00028,-0.00053,0.52704,0.00084,0.22804,-0.00052,0.70684,0.00055,0.70737,1,3,0.99961,0.01033,0.00926,-0.02422,0.06049,0.08371,0.63051,0,1
1768333705.577432,-0.01248,-0.00009,-0.00314,-0.00056,0.00058,-0.00012,0.52700,0.00084,0.22805,-0.00052,0.70684,0.00055,0.70738,1,3,0.99961,0.01033,0.00926,-0.02422,0.06049,0.08371,0.63051,0,1
1768333705.579421,-0.01692,0.02208,-0.01131,-0.00051,0.00074,-0.00013,0.52700,0.00084,0.22805,-0.00052,0.70684,0.00055,0.70738,1,3,0.99961,0.01033,0.00926,-0.02422,0.06049,0.08371,0.63051,0,1
1768333705.581419,-0.01775,-0.02661,0.00540,0.00043,0.00016,0.00043,0.52696,0.00084,0.22805,-0.00052,0.70684,0.00055,0.70738,1,3,0.99961,0.01033,0.00926,-0.02422,0.06049,0.08371,0.63051,0,1
1768333705.583427,0.01104,-0.04352,-0.04778,0.00197,-0.00044,-0.00057,0.52696,0.00084,0.22805,-0.00052,0.70684,0.00055,0.70738,1,3,0.99963,0.01037,0.00780,-0.02387,0.06050,0.08373,0.63064,0,1
1768333705.585433,0.01595,-0.00260,0.02729,0.00051,0.00011,0.00014,0.52692,0.00084,0.22805,-0.00052,0.70683,0.00055,0.70738,1,3,0.99963,0.01037,0.00780,-0.02387,0.06050,0.08373,0.63064,0,1
1768333705.587451,-0.01391,0.00059,0.00463,0.00076,0.00009,0.00029,0.52692,0.00084,0.22805,-0.00052,0.70683,0.00055,0.70738,1,3,0.99963,0.01037,0.00780,-0.02387,0.06050,0.08373,0.63064,0,1
1768333705.589453,-0.02161,0.05905,-0.01211,-0.00050,0.00077,0.00026,0.52692,0.00084,0.22805,-0.00052,0.70683,0.00055,0.70738,1,3,0.99963,0.01037,0.00780,-0.02387,0.06050,0.08373,0.63064,0,1
1768333705.591421,0.02130,0.03894,0.02619,-0.00074,0.00001,-0.00001,0.52684,0.00084,0.22805,-0.00052,0.70683,0.00055,0.70739,1,3,0.99963,0.01037,0.00780,-0.02387,0.06050,0.08373,0.63064,0,1
1768333705.593431,0.02888,-0.04536,-0.00968,0.00021,0.00063,0.00025,0.52684,0.00084,0.22805,-0.00052,0.70683,0.00055,0.70739,1,3,0.99963,0.01037,0.00780,-0.02387,0.06050,0.08373,0.63064,0,1
1768333705.595429,0.03612,-0.05663,0.02887,-0.00190,-0.00161,0.00001,0.52680,0.00084,0.22806,-0.00052,0.70682,0.00055,0.70739,1,3,0.99963,0.01037,0.00780,-0.02387,0.06050,0.08373,0.63064,0,1
1768333705.597415,0.00305,-0.03788,-0.05522,0.00160,-0.00136,-0.00030,0.52680,0.00084,0.22806,-0.00052,0.70682,0.00055,0.70739,1,3,0.99963,0.01037,0.00780,-0.02387,0.06050,0.08373,0.63064,0,1
1768333705.599420,-0.00496,0.00973,0.01954,-0.00000,0.00048,0.00042,0.52676,0.00084,0.22806,-0.00052,0.70682,0.00055,0.70739,1,3,0.99963,0.01037,0.00780,-0.02387,0.06050,0.08373,0.63064,0,1
1768333705.601421,-0.04351,0.02822,-0.03434,0.00109,0.00067,-0.00067,0.52676,0.00084,0.22806,-0.00052,0.70682,0.00055,0.70739,1,3,0.99963,0.01037,0.00780,-0.02387,0.06050,0.08373,0.63064,0,1
1768333705.603463,0.02952,0.02456,-0.02656,-0.00026,-0.00071,-0.00005,0.52672,0.00084,0.22806,-0.00052,0.70682,0.00055,0.70739,1,3,0.99963,0.01037,0.00780,-0.02387,0.06050,0.08373,0.63064,0,1
1768333705.605433,0.01364,-0.04440,0.00544,-0.00066,-0.00022,-0.00053,0.52672,0.00084,0.22806,-0.00052,0.70682,0.00055,0.70739,1,3,0.99963,0.01037,0.00780,-0.02387,0.06050,0.08373,0.63064,0,1
1768333705.607460,0.00057,-0.02697,0.01285,-0.00067,-0.00019,0.00002,0.52672,0.00084,0.22806,-0.00052,0.70682,0.00055,0.70739,1,3,0.99963,0.01037,0.00780,-0.02387,0.06050,0.08373,0.63064,0,1
1768333705.609460,0.00799,0.00261,0.01183,0.00035,0.00007,-0.00040,0.52668,0.00084,0.22806,-0.00052,0.70682,0.00055,0.70740,1,3,0.99963,0.01037,0.00780,-0.02387,0.06050,0.08373,0.63064,0,1
1768333705.611444,-0.00841,0.03273,0.04159,-0.00016,-0.00027,-0.00037,0.52668,0.00084,0.22806,-0.00052,0.70682,0.00055,0.70740,1,3,0.99963,0.01037,0.00780,-0.02387,0.06050,0.08373,0.63064,0,1
1768333705.613441,0.00337,-0.00982,-0.00303,0.00063,0.00039,-0.00027,0.52664,0.00084,0.22806,-0.00052,0.70682,0.00055,0.70740,1,3,0.99963,0.01037,0.00780,-0.02387,0.06050,0.08373,0.63064,0,1
1768333705.615442,-0.00364,-0.02897,0.03571,-0.00047,-0.00052,-0.00009,0.52664,0.00084,0.22806,-0.00052,0.70682,0.00055,0.70740,1,3,0.99963,0.01037,0.00780,-0.02387,0.06050,0.08373,0.63064,0,1
1768333705.617450,0.00270,-0.03878,-0.01742,0.00159,-0.00008,-0.00027,0.52660,0.00084,0.22807,-0.00052,0.70681,0.00055,0.70740,1,3,0.99963,0.01037,0.00780,-0.02387,0.06050,0.08373,0.63064,0,1
1768333705.619458,0.02294,-0.00037,0.05024,-0.00209,-0.00074,0.00029,0.52660,0.00084,0.22807,-0.00052,0.70681,0.00055,0.70740,1,3,0.99963,0.01037,0.00780,-0.02387,0.06050,0.08373,0.63064,0,1
1768333705.621462,0.02075,0.03525,-0.00421,0.00053,-0.00100,-0.00070,0.52656,0.00084,0.22806,-0.00052,0.70681,0.00055,0.70740,1,3,0.99963,0.01033,0.00877,-0.02338,0.06050,0.08373,0.63066,0,1
1768333705.623448,0.01683,-0.01280,-0.00288,-0.00027,0.00024,-0.00001,0.52656,0.00084,0.22806,-0.00052,0.70681,0.00055,0.70740,1,3,0.99963,0.01033,0.00877,-0.02338,0.06050,0.08373,0.63066,0,1
1768333705.625479,-0.00161,0.01277,-0.00340,0.00113,0.00006,0.00013,0.52652,0.00084,0.22806,-0.00052,0.70681,0.00055,0.70740,1,3,0.99963,0.01033,0.00877,-0.02338,0.06050,0.08373,0.63066,0,1
1768333705.627441,0.01749,-0.00244,0.00465,-0.00080,-0.00067,0.00013,0.52648,0.00084,0.22807,-0.00052,0.70681,0.00055,0.70740,1,3,0.99963,0.01033,0.00877,-0.02338,0.06050,0.08373,0.63066,0,1
1768333705.629468,0.01552,-0.00182,-0.03337,0.00117,-0.00077,0.00010,0.52648,0.00084,0.22807,-0.00052,0.70681,0.00055,0.70740,1,3,0.99963,0.01033,0.00877,-0.02338,0.06050,0.08373,0.63066,0,1
1768333705.631469,-0.01738,-0.02695,-0.00981,-0.00001,0.00041,0.00042,0.52644,0.00084,0.22807,-0.00052,0.70681,0.00055,0.70740,1,3,0.99963,0.01033,0.00877,-0.02338,0.06050,0.08373,0.63066,0,1
1768333705.633464,-0.02966,-0.00985,-0.01035,-0.00046,0.00092,0.00016,0.52644,0.00084,0.22807,-0.00052,0.70681,0.00055,0.70740,1,3,0.99963,0.01033,0.00877,-0.02338,0.06050,0.08373,0.63066,0,1
1768333705.635462,-0.02172,-0.03356,-0.01728,0.00056,-0.00017,0.00002,0.52640,0.00084,0.22807,-0.00052,0.70681,0.00055,0.70740,1,3,0.99963,0.01033,0.00877,-0.02338,0.06050,0.08373,0.63066,0,1
1768333705.637459,0.00950,-0.00786,-0.00315,-0.00109,0.00031,-0.00055,0.52640,0.00084,0.22807,-0.00052,0.70681,0.00055,0.70740,1,3,0.99963,0.01033,0.00877,-0.02338,0.06050,0.08373,0.63066,0,1
1768333705.639462,0.03372,-0.01375,0.01214,-0.00050,0.00092,-0.00002,0.52640,0.00084,0.22807,-0.00052,0.70681,0.00055,0.70740,1,3,0.99963,0.01033,0.00877,-0.02338,0.06050,0.08373,0.63066,0,1
1768333705.641474,-0.00467,-0.02919,0.01300,0.00018,-0.00012,0.00029,0.52636,0.00084,0.22806,-0.00052,0.70682,0.00055,0.70740,1,3,0.99963,0.01033,0.00877,-0.02338,0.06050,0.08373,0.63066,0,1
1768333705.643462,-0.01650,-0.00733,-0.00273,-0.00087,0.00026,0.00029,0.52636,0.00084,0.22806,-0.00052,0.70682,0.00055,0.70740,1,3,0.99963,0.01033,0.00877,-0.02338,0.06050,0.08373,0.63066,0,1
1768333705.645464,0.00911,-0.01700,0.01267,-0.00076,-0.00068,0.00015,0.52632,0.00084,0.22806,-0.00052,0.70682,0.00055,0.70740,1,3,0.99963,0.01033,0.00877,-0.02338,0.06050,0.08373,0.63066,0,1
1768333705.647464,0.02214,-0.01036,0.01220,-0.00112,-0.00009,-0.00027,0.52632,0.00084,0.22806,-0.00052,0.70682,0.00055,0.70740,1,3,0.99963,0.01033,0.00877,-0.02338,0.06050,0.08373,0.63066,0,1
1768333705.649464,0.03346,-0.02371,-0.00289,-0.00019,0.00118,-0.00017,0.52628,0.00084,0.22807,-0.00052,0.70682,0.00055,0.70740,1,3,0.99964,0.01044,0.00778,-0.02344,0.06051,0.08375,0.63075,0,1
1768333705.651467,0.02141,-0.00478,0.02743,-0.00040,-0.00072,0.00001,0.52628,0.00084,0.22807,-0.00052,0.70682,0.00055,0.70740,1,3,0.99964,0.01044,0.00778,-0.02344,0.06051,0.08375,0.63075,0,1
1768333705.653470,0.01604,0.04172,-0.00440,0.00039,0.00020,-0.00030,0.52624,0.00084,0.22807,-0.00052,0.70681,0.00055,0.70740,1,3,0.99964,0.01044,0.00778,-0.02344,0.06051,0.08375,0.63075,0,1
1768333705.655493,0.02550,0.03231,-0.00389,-0.00038,-0.00105,-0.00003,0.52620,0.00084,0.22807,-0.00052,0.70681,0.00055,0.70740,1,3,0.99964,0.01044,0.00778,-0.02344,0.06051,0.08375,0.63075,0,1
1768333705.657493,0.00728,0.00759,-0.01101,0.00085,0.00008,-0.00015,0.52620,0.00084,0.22807,-0.00052,0.70681,0.00055,0.70740,1,3,0.99964,0.01044,0.00778,-0.02344,0.06051,0.08375,0.63075,0,1
1768333705.659494,-0.02519,-0.01132,0.02761,-0.00004,-0.00016,-0.00035,0.52616,0.00084,0.22806,-0.00052,0.70682,0.00055,0.70740,1,3,0.99964,0.01044,0.00778,-0.02344,0.06051,0.08375,0.63075,0,1
1768333705.661535,0.00503,-0.01496,-0.00275,-0.00096,-0.00000,-0.00013,0.52616,0.00084,0.22806,-0.00052,0.70682,0.00055,0.70740,1,3,0.99964,0.01044,0.00778,-0.02344,0.06051,0.08375,0.63075,0,1
1768333705.663486,0.02174,0.00911,0.02675,-0.00088,0.00040,-0.00041,0.52612,0.00084,0.22807,-0.00052,0.70682,0.00055,0.70740,1,3,0.99964,0.01044,0.00778,-0.02344,0.06051,0.08375,0.63075,0,1
1768333705.665490,0.00215,-0.01979,-0.02555,0.00161,0.00080,-0.00002,0.52612,0.00084,0.22807,-0.00052,0.70682,0.00055,0.70740,1,3,0.99964,0.01044,0.00778,-0.02344,0.06051,0.08375,0.63075,0,1
1768333705.667483,-0.02598,-0.02017,-0.01748,0.00094,-0.00127,-0.00011,0.52612,0.00084,0.22807,-0.00052,0.70682,0.00055,0.70740,1,3,0.99964,0.01044,0.00778,-0.02344,0.06051,0.08375,0.63075,0,1
1768333705.669591,-0.03975,-0.00257,-0.00269,0.00181,-0.00099,0.00004,0.52608,0.00084,0.22807,-0.00052,0.70682,0.00055,0.70740,1,3,0.99964,0.01044,0.00778,-0.02344,0.06051,0.08375,0.63075,0,1
1768333705.671489,0.00862,0.01214,-0.00337,-0.00063,-0.00006,0.00012,0.52608,0.00084,0.22807,-0.00052,0.70682,0.00055,0.70740,1,3,0.99964,0.01044,0.00778,-0.02344,0.06051,0.08375,0.63075,0,1
1768333705.673496,0.00530,0.00736,-0.04120,0.00215,0.00062,0.00063,0.52603,0.00084,0.22806,-0.00052,0.70682,0.00055,0.70739,1,3,0.99964,0.01044,0.00778,-0.02344,0.06051,0.08375,0.63075,0,1
1768333705.675491,0.01949,-0.01959,-0.01032,0.00139,-0.00004,-0.00002,0.52603,0.00084,0.22806,-0.00052,0.70682,0.00055,0.70739,1,3,0.99964,0.01044,0.00778,-0.02344,0.06051,0.08375,0.63075,0,1
1768333705.677503,0.01723,-0.01729,0.00482,-0.00033,-0.00028,-0.00027,0.52599,0.00084,0.22806,-0.00052,0.70682,0.00055,0.70739,1,3,0.99964,0.01044,0.00778,-0.02344,0.06051,0.08375,0.63075,0,1
1768333705.679487,0.01168,-0.02396,-0.01776,0.00112,-0.00059,-0.00029,0.52599,0.00084,0.22806,-0.00052,0.70682,0.00055,0.70739,1,3,0.99964,0.01044,0.00778,-0.02344,0.06051,0.08375,0.63075,0,1
1768333705.681485,0.00008,0.03184,-0.02654,-0.00083,0.00003,0.00038,0.52595,0.00084,0.22806,-0.00052,0.70682,0.00055,0.70739,1,3,0.99964,0.01044,0.00778,-0.02344,0.06051,0.08375,0.63075,0,1
1768333705.683503,0.02059,-0.01927,-0.01018,0.00052,-0.00082,-0.00002,0.52595,0.00084,0.22806,-0.00052,0.70682,0.00055,0.70739,1,3,0.99964,0.01044,0.00778,-0.02344,0.06051,0.08375,0.63075,0,1
1768333705.685571,-0.00830,-0.00251,-0.01055,-0.00059,0.00028,0.00014,0.52591,0.00084,0.22806,-0.00052,0.70682,0.00055,0.70739,1,3,0.99965,0.01041,0.00795,-0.02309,0.06052,0.08375,0.63078,0,1
1768333705.687569,0.02101,-0.03991,0.01287,0.00005,0.00033,-0.00027,0.52591,0.00084,0.22806,-0.00052,0.70682,0.00055,0.70739,1,3,0.99965,0.01041,0.00795,-0.02309,0.06052,0.08375,0.63078,0,1
1768333705.689585,-0.00519,-0.02928,-0.00224,0.00062,0.00014,0.00028,0.52587,0.00084,0.22806,-0.00052,0.70682,0.00055,0.70739,1,3,0.99965,0.01041,0.00795,-0.02309,0.06052,0.08375,0.63078,0,1
1768333705.691592,0.01967,-0.01976,-0.01792,0.00117,0.00008,-0.00003,0.52583,0.00084,0.22806,-0.00052,0.70682,0.00055,0.70739,1,3,0.99965,0.01041,0.00795,-0.02309,0.06052,0.08375,0.63078,0,1
1768333705.693614,0.01293,0.01523,0.00395,-0.00015,-0.00064,-0.00055,0.52583,0.00084,0.22806,-0.00052,0.70682,0.00055,0.70739,1,3,0.99965,0.01041,0.00795,-0.02309,0.06052,0.08375,0.63078,0,1
1768333705.695573,-0.01752,0.01329,0.01160,0.00069,-0.00002,-0.00065,0.52579,0.00084,0.22806,-0.00052,0.70682,0.00055,0.70739,1,3,0.99965,0.01041,0.00795,-0.02309,0.06052,0.08375,0.63078,0,1
1768333705.697533,-0.00570,0.00536,0.00457,0.00082,-0.00001,0.00055,0.52579,0.00084,0.22806,-0.00052,0.70682,0.00055,0.70739,1,3,0.99965,0.01041,0.00795,-0.02309,0.06052,0.08375,0.63078,0,1
1768333705.699504,0.00203,0.00049,-0.02621,0.00207,0.00040,-0.00056,0.52575,0.00084,0.22806,-0.00052,0.70683,0.00055,0.70739,1,3,0.99965,0.01041,0.00795,-0.02309,0.06052,0.08375,0.63078,0,1
1768333705.701503,0.01849,0.00328,0.05023,-0.00139,-0.00183,0.00003,0.52575,0.00084,0.22806,-0.00052,0.70683,0.00055,0.70739,1,3,0.99965,0.01041,0.00795,-0.02309,0.06052,0.08375,0.63078,0,1
1768333705.703504,0.00737,-0.00350,0.03563,-0.00278,-0.00295,0.00044,0.52575,0.00084,0.22806,-0.00052,0.70683,0.00055,0.70739,1,3,0.99965,0.01041,0.00795,-0.02309,0.06052,0.08375,0.63078,0,1
1768333705.705502,0.00428,-0.01496,0.06554,-0.00030,0.00038,-0.00008,0.52575,0.00084,0.22806,-0.00052,0.70683,0.00055,0.70739,1,3,0.99965,0.01041,0.00795,-0.02309,0.06052,0.08375,0.63078,0,1
1768333705.707566,0.02141,0.01379,0.01150,-0.00083,0.00066,-0.00015,0.52571,0.00084,0.22806,-0.00052,0.70683,0.00055,0.70739,1,3,0.99965,0.01041,0.00795,-0.02309,0.06052,0.08375,0.63078,0,1
1768333705.709566,0.00229,-0.01444,-0.04085,0.00167,0.00029,-0.00017,0.52571,0.00084,0.22806,-0.00052,0.70683,0.00055,0.70739,1,3,0.99965,0.01041,0.00795,-0.02309,0.06052,0.08375,0.63078,0,1
1768333705.711511,0.00389,0.00504,-0.01836,-0.00006,-0.00013,0.00012,0.52567,0.00084,0.22805,-0.00052,0.70683,0.00055,0.70738,1,3,0.99965,0.01041,0.00795,-0.02309,0.06052,0.08375,0.63078,0,1
1768333705.713501,-0.00640,-0.00864,-0.04090,0.00218,-0.00038,-0.00029,0.52567,0.00084,0.22805,-0.00052,0.70683,0.00055,0.70738,1,3,0.99965,0.01041,0.00795,-0.02309,0.06052,0.08375,0.63078,0,1
1768333705.715524,0.01954,-0.00447,-0.01841,0.00157,-0.00032,-0.00044,0.52563,0.00084,0.22805,-0.00052,0.70683,0.00055,0.70738,1,3,0.99966,0.01044,0.00733,-0.02274,0.06052,0.08376,0.63085,0,1
1768333705.717529,-0.00458,-0.02454,-0.01778,0.00024,0.00037,-0.00027,0.52563,0.00084,0.22805,-0.00052,0.70683,0.00055,0.70738,1,3,0.99966,0.01044,0.00733,-0.02274,0.06052,0.08376,0.63085,0,1
1768333705.719536,-0.01607,0.01618,-0.00380,-0.00146,0.00174,-0.00040,0.52559,0.00084,0.22805,-0.00052,0.70683,0.00055,0.70738,1,3,0.99966,0.01044,0.00733,-0.02274,0.06052,0.08376,0.63085,0,1
1768333705.721529,-0.01328,-0.01465,-0.00243,-0.00008,0.00023,0.00069,0.52555,0.00083,0.22806,-0.00052,0.70683,0.00055,0.70739,1,3,0.99966,0.01044,0.00733,-0.02274,0.06052,0.08376,0.63085,0,1
1768333705.723548,0.01268,-0.02453,0.00501,0.00002,-0.00022,-0.00027,0.52551,0.00083,0.22805,-0.00052,0.70683,0.00055,0.70738,1,3,0.99966,0.01044,0.00733,-0.02274,0.06052,0.08376,0.63085,0,1
1768333705.725541,0.00814,-0.03675,0.00538,0.00031,-0.00015,-0.00013,0.52551,0.00083,0.22805,-0.00052,0.70683,0.00055,0.70738,1,3,0.99966,0.01044,0.00733,-0.02274,0.06052,0.08376,0.63085,0,1
1768333705.727543,0.00256,-0.03787,-0.00210,0.00204,-0.00110,-0.00026,0.52547,0.00083,0.22805,-0.00052,0.70683,0.00055,0.70738,1,3,0.99966,0.01044,0.00733,-0.02274,0.06052,0.08376,0.63085,0,1
1768333705.729525,-0.01007,-0.01188,0.00477,0.00126,0.00043,0.00002,0.52547,0.00083,0.22805,-0.00052,0.70683,0.00055,0.70738,1,3,0.99966,0.01044,0.00733,-0.02274,0.06052,0.08376,0.63085,0,1
1768333705.731532,0.00308,-0.01058,0.00443,0.00062,0.00141,-0.00027,0.52547,0.00083,0.22805,-0.00052,0.70683,0.00055,0.70738,1,3,0.99966,0.01044,0.00733,-0.02274,0.06052,0.08376,0.63085,0,1
1768333705.733539,0.02721,-0.01300,0.02760,-0.00202,-0.00040,0.00000,0.52543,0.00083,0.22805,-0.00052,0.70683,0.00055,0.70738,1,3,0.99966,0.01044,0.00733,-0.02274,0.06052,0.08376,0.63085,0,1
1768333705.735531,0.00049,-0.01229,0.00485,-0.00071,-0.00008,0.00001,0.52543,0.00083,0.22805,-0.00052,0.70683,0.00055,0.70738,1,3,0.99966,0.01044,0.00733,-0.02274,0.06052,0.08376,0.63085,0,1
1768333705.737600,-0.02633,0.00444,-0.03345,0.00124,-0.00104,-0.00040,0.52543,0.00083,0.22805,-0.00052,0.70683,0.00055,0.70738,1,3,0.99966,0.01044,0.00733,-0.02274,0.06052,0.08376,0.63085,0,1
1768333705.739572,-0.01841,0.01841,-0.02641,0.00141,-0.00013,-0.00041,0.52539,0.00083,0.22805,-0.00052,0.70684,0.00055,0.70738,1,3,0.99966,0.01044,0.00733,-0.02274,0.06052,0.08376,0.63085,0,1
1768333705.741640,0.00833,-0.01701,0.02762,0.00011,-0.00017,-0.00025,0.52539,0.00083,0.22805,-0.00052,0.70684,0.00055,0.70738,1,3,0.99966,0.01044,0.00733,-0.02274,0.06052,0.08376,0.63085,0,1
1768333705.743602,0.02805,-0.03483,-0.01037,0.00164,0.00061,-0.00084,0.52534,0.00083,0.22805,-0.00052,0.70683,0.00055,0.70738,1,3,0.99966,0.01044,0.00733,-0.02274,0.06052,0.08376,0.63085,0,1
1768333705.745621,-0.00833,-0.04651,0.02083,-0.00003,0.00018,-0.00023,0.52534,0.00083,0.22805,-0.00052,0.70683,0.00055,0.70738,1,3,0.99966,0.01044,0.00733,-0.02274,0.06052,0.08376,0.63085,0,1
1768333705.747620,-0.00822,-0.01226,0.00503,-0.00071,0.00004,0.00042,0.52531,0.00083,0.22805,-0.00052,0.70684,0.00055,0.70737,1,3,0.99966,0.01044,0.00733,-0.02274,0.06052,0.08376,0.63085,0,1
1768333705.749583,0.00272,0.00037,-0.04137,0.00141,0.00026,-0.00058,0.52531,0.00083,0.22805,-0.00052,0.70684,0.00055,0.70737,1,3,0.99963,0.01047,0.00907,-0.02338,0.06051,0.08374,0.63072,0,1
1768333705.751559,-0.00140,0.01332,-0.02608,0.00113,-0.00070,0.00011,0.52527,0.00083,0.22805,-0.00052,0.70684,0.00055,0.70738,1,3,0.99963,0.01047,0.00907,-0.02338,0.06051,0.08374,0.63072,0,1
1768333705.753554,0.00793,0.00230,0.01213,-0.00009,0.00008,0.00041,0.52527,0.00083,0.22805,-0.00052,0.70684,0.00055,0.70738,1,3,0.99963,0.01047,0.00907,-0.02338,0.06051,0.08374,0.63072,0,1
1768333705.755552,0.00497,-0.02012,0.00499,-0.00102,0.00026,0.00001,0.52527,0.00083,0.22805,-0.00052,0.70684,0.00055,0.70738,1,3,0.99963,0.01047,0.00907,-0.02338,0.06051,0.08374,0.63072,0,1
1768333705.757575,0.01771,0.01176,0.01179,-0.00129,-0.00005,0.00013,0.52519,0.00083,0.22805,-0.00052,0.70683,0.00055,0.70738,1,3,0.99963,0.01047,0.00907,-0.02338,0.06051,0.08374,0.63072,0,1
1768333705.759573,0.01133,-0.01760,0.03553,-0.00295,-0.00071,0.00017,0.52519,0.00083,0.22805,-0.00052,0.70683,0.00055,0.70738,1,3,0.99963,0.01047,0.00907,-0.02338,0.06051,0.08374,0.63072,0,1
1768333705.761554,0.00917,0.00306,0.01217,-0.00074,-0.00108,0.00001,0.52514,0.00083,0.22805,-0.00052,0.70683,0.00055,0.70738,1,3,0.99963,0.01047,0.00907,-0.02338,0.06051,0.08374,0.63072,0,1
1768333705.763538,-0.01691,-0.01135,0.02017,-0.00004,-0.00050,0.00004,0.52514,0.00083,0.22805,-0.00052,0.70683,0.00055,0.70738,1,3,0.99963,0.01047,0.00907,-0.02338,0.06051,0.08374,0.63072,0,1
1768333705.765555,-0.01033,-0.02612,-0.07850,0.00196,-0.00006,-0.00045,0.52510,0.00083,0.22805,-0.00052,0.70683,0.00055,0.70738,1,3,0.99963,0.01047,0.00907,-0.02338,0.06051,0.08374,0.63072,0,1
1768333705.767555,0.01538,-0.04678,-0.02493,0.00150,0.00028,-0.00029,0.52510,0.00083,0.22805,-0.00052,0.70683,0.00055,0.70738,1,3,0.99963,0.01047,0.00907,-0.02338,0.06051,0.08374,0.63072,0,1
1768333705.769574,-0.01580,0.00378,0.01252,-0.00117,-0.00154,0.00044,0.52506,0.00083,0.22805,-0.00052,0.70683,0.00055,0.70738,1,3,0.99963,0.01047,0.00907,-0.02338,0.06051,0.08374,0.63072,0,1
1768333705.771588,0.00420,0.01038,-0.01123,0.00022,-0.00028,-0.00082,0.52506,0.00083,0.22805,-0.00052,0.70683,0.00055,0.70738,1,3,0.99963,0.01047,0.00907,-0.02338,0.06051,0.08374,0.63072,0,1
1768333705.773560,0.01071,0.00588,-0.01855,0.00192,-0.00060,-0.00030,0.52506,0.00083,0.22805,-0.00052,0.70683,0.00055,0.70738,1,3,0.99963,0.01047,0.00907,-0.02338,0.06051,0.08374,0.63072,0,1
1768333705.775559,0.03382,-0.02775,-0.01773,-0.00024,-0.00008,-0.00004,0.52502,0.00083,0.22805,-0.00052,0.70683,0.00055,0.70738,1,3,0.99963,0.01047,0.00907,-0.02338,0.06051,0.08374,0.63072,0,1
1768333705.777571,0.00222,-0.01462,-0.03329,0.00167,0.00054,-0.00016,0.52502,0.00083,0.22805,-0.00052,0.70683,0.00055,0.70738,1,3,0.99963,0.01047,0.00907,-0.02338,0.06051,0.08374,0.63072,0,1
1768333705.779569,-0.00033,0.02292,0.01156,0.00016,-0.00061,-0.00013,0.52498,0.00083,0.22806,-0.00052,0.70682,0.00055,0.70739,1,3,0.99963,0.01047,0.00907,-0.02338,0.06051,0.08374,0.63072,0,1
1768333705.781573,-0.02411,0.01020,0.02723,-0.00022,-0.00248,-0.00089,0.52498,0.00083,0.22806,-0.00052,0.70682,0.00055,0.70739,1,3,0.99963,0.01047,0.00907,-0.02338,0.06051,0.08374,0.63072,0,1
1768333705.783574,0.01641,0.00792,-0.01091,0.00041,-0.00079,-0.00016,0.52494,0.00083,0.22806,-0.00052,0.70682,0.00055,0.70739,1,3,0.99966,0.01026,0.00682,-0.02287,0.06053,0.08377,0.63092,0,1
1768333705.785570,0.01993,-0.00471,0.03474,0.00113,-0.00007,-0.00040,0.52494,0.00083,0.22806,-0.00052,0.70682,0.00055,0.70739,1,3,0.99966,0.01026,0.00682,-0.02287,0.06053,0.08377,0.63092,0,1
1768333705.787572,0.00811,-0.01770,-0.01030,-0.00012,0.00047,0.00012,0.52490,0.00083,0.22806,-0.00052,0.70682,0.00055,0.70739,1,3,0.99966,0.01026,0.00682,-0.02287,0.06053,0.08377,0.63092,0,1
1768333705.789571,0.00350,0.01821,0.00394,-0.00055,0.00177,0.00053,0.52486,0.00083,0.22806,-0.00052,0.70682,0.00055,0.70739,1,3,0.99966,0.01026,0.00682,-0.02287,0.06053,0.08377,0.63092,0,1
1768333705.791570,0.00932,0.01222,0.03430,-0.00085,0.00004,-0.00066,0.52486,0.00083,0.22806,-0.00052,0.70682,0.00055,0.70739,1,3,0.99966,0.01026,0.00682,-0.02287,0.06053,0.08377,0.63092,0,1
1768333705.793572,-0.02986,0.01645,0.00433,0.00029,-0.00088,-0.00010,0.52482,0.00083,0.22806,-0.00052,0.70682,0.00055,0.70740,1,3,0.99966,0.01026,0.00682,-0.02287,0.06053,0.08377,0.63092,0,1
1768333705.795662,0.01691,0.02793,0.00361,0.00022,-0.00108,-0.00069,0.52482,0.00083,0.22806,-0.00052,0.70682,0.00055,0.70740,1,3,0.99966,0.01026,0.00682,-0.02287,0.06053,0.08377,0.63092,0,1
1768333705.797596,0.01085,-0.01359,-0.04849,0.00212,-0.00084,-0.00058,0.52478,0.00083,0.22806,-0.00052,0.70682,0.00055,0.70740,1,3,0.99966,0.01026,0.00682,-0.02287,0.06053,0.08377,0.63092,0,1
1768333705.799597,0.01214,-0.01179,-0.00314,-0.00048,0.00220,0.00012,0.52478,0.00083,0.22806,-0.00052,0.70682,0.00055,0.70740,1,3,0.99966,0.01026,0.00682,-0.02287,0.06053,0.08377,0.63092,0,1
1768333705.801614,0.00353,-0.04425,-0.00188,0.00044,0.00004,0.00028,0.52474,0.00083,0.22806,-0.00052,0.70682,0.00055,0.70740,1,3,0.99966,0.01026,0.00682,-0.02287,0.06053,0.08377,0.63092,0,1
1768333705.803643,0.01627,-0.01730,-0.00267,0.00033,-0.00013,0.00012,0.52474,0.00083,0.22806,-0.00052,0.70682,0.00055,0.70740,1,3,0.99966,0.01026,0.00682,-0.02287,0.06053,0.08377,0.63092,0,1
1768333705.805609,-0.00529,-0.00829,-0.01798,0.00131,-0.00115,-0.00027,0.52470,0.00083,0.22806,-0.00052,0.70681,0.00055,0.70740,1,3,0.99966,0.01026,0.00682,-0.02287,0.06053,0.08377,0.63092,0,1
1768333705.807590,0.00034,-0.02128,0.01276,-0.00016,-0.00096,-0.00011,0.52470,0.00083,0.22806,-0.00052,0.70681,0.00055,0.70740,1,3,0.99966,0.01026,0.00682,-0.02287,0.06053,0.08377,0.63092,0,1
1768333705.809598,0.01437,-0.01977,0.04326,-0.00189,-0.00087,0.00044,0.52470,0.00083,0.22806,-0.00052,0.70681,0.00055,0.70740,1,3,0.99966,0.01026,0.00682,-0.02287,0.06053,0.08377,0.63092,0,1
1768333705.811605,0.01991,-0.04028,0.02050,0.00070,0.00098,0.00014,0.52466,0.00083,0.22806,-0.00052,0.70682,0.00055,0.70740,1,3,0.99966,0.01026,0.00682,-0.02287,0.06053,0.08377,0.63092,0,1
1768333705.813601,0.02115,0.01366,-0.01114,-0.00083,0.00067,0.00024,0.52466,0.00083,0.22806,-0.00052,0.70682,0.00055,0.70740,1,3,0.99966,0.01026,0.00682,-0.02287,0.06053,0.08377,0.63092,0,1
1768333705.815593,-0.00380,-0.02441,0.00508,-0.00042,-0.00002,-0.00025,0.52462,0.00083,0.22806,-0.00052,0.70682,0.00055,0.70739,1,3,0.99966,0.01026,0.00682,-0.02287,0.06053,0.08377,0.63092,0,1
1768333705.817608,-0.00365,0.00577,0.02721,-0.00049,-0.00081,-0.00024,0.52462,0.00083,0.22806,-0.00052,0.70682,0.00055,0.70739,1,3,0.99966,0.01026,0.00682,-0.02287,0.06053,0.08377,0.63092,0,1
1768333705.819612,-0.00407,0.00168,0.00453,0.00034,-0.00156,-0.00052,0.52458,0.00083,0.22806,-0.00052,0.70682,0.00055,0.70739,1,3,0.99961,0.01055,0.00988,-0.02397,0.06049,0.08372,0.63053,0,1
1768333705.821620,0.00641,-0.00211,-0.01068,0.00160,0.00010,0.00012,0.52458,0.00083,0.22806,-0.00052,0.70682,0.00055,0.70739,1,3,0.99961,0.01055,0.00988,-0.02397,0.06049,0.08372,0.63053,0,1
1768333705.823602,0.02071,-0.00107,0.00440,-0.00035,0.00082,0.00025,0.52454,0.00083,0.22806,-0.00052,0.70682,0.00055,0.70739,1,3,0.99961,0.01055,0.00988,-0.02397,0.06049,0.08372,0.63053,0,1
1768333705.825616,-0.02082,-0.03375,0.02832,-0.00031,-0.00018,0.00006,0.52450,0.00083,0.22806,-0.00052,0.70682,0.00055,0.70739,1,3,0.99961,0.01055,0.00988,-0.02397,0.06049,0.08372,0.63053,0,1
1768333705.827668,-0.00386,-0.03456,0.01300,-0.00054,0.00025,0.00003,0.52450,0.00083,0.22806,-0.00052,0.70682,0.00055,0.70739,1,3,0.99961,0.01055,0.00988,-0.02397,0.06049,0.08372,0.63053,0,1
1768333705.829647,0.01268,0.04493,0.01857,-0.00023,-0.00091,-0.00014,0.52446,0.00083,0.22806,-0.00052,0.70682,0.00055,0.70739,1,3,0.99961,0.01055,0.00988,-0.02397,0.06049,0.08372,0.63053,0,1
1768333705.831634,0.02522,0.02660,0.02653,-0.00045,-0.00003,0.00012,0.52446,0.00083,0.22806,-0.00052,0.70682,0.00055,0.70739,1,3,0.99961,0.01055,0.00988,-0.02397,0.06049,0.08372,0.63053,0,1
1768333705.833683,0.01665,-0.01271,-0.01029,-0.00027,-0.00001,0.00038,0.52442,0.00083,0.22806,-0.00052,0.70682,0.00055,0.70739,1,3,0.99961,0.01055,0.00988,-0.02397,0.06049,0.08372,0.63053,0,1
1768333705.835620,0.00737,-0.01207,-0.00283,0.00083,-0.00003,-0.00001,0.52442,0.00083,0.22806,-0.00052,0.70682,0.00055,0.70739,1,3,0.99961,0.01055,0.00988,-0.02397,0.06049,0.08372,0.63053,0,1
1768333705.837636,0.00860,0.00155,0.02708,-0.00076,0.00095,0.00001,0.52438,0.00083,0.22806,-0.00052,0.70682,0.00055,0.70739,1,3,0.99961,0.01055,0.00988,-0.02397,0.06049,0.08372,0.63053,0,1
1768333705.839624,0.02427,-0.01719,-0.01825,0.00120,0.00001,-0.00071,0.52438,0.00083,0.22806,-0.00052,0.70682,0.00055,0.70739,1,3,0.99961,0.01055,0.00988,-0.02397,0.06049,0.08372,0.63053,0,1
1768333705.841640,0.01270,-0.01467,0.02019,-0.00030,-0.00047,0.00028,0.52434,0.00083,0.22806,-0.00052,0.70682,0.00055,0.70739,1,3,0.99961,0.01055,0.00988,-0.02397,0.06049,0.08372,0.63053,0,1
1768333705.843621,0.00919,-0.00108,0.00452,-0.00013,-0.00172,-0.00067,0.52434,0.00083,0.22806,-0.00052,0.70682,0.00055,0.70739,1,3,0.99961,0.01055,0.00988,-0.02397,0.06049,0.08372,0.63053,0,1
1768333705.845653,0.01760,0.01709,0.01166,-0.00100,-0.00043,-0.00001,0.52434,0.00083,0.22806,-0.00052,0.70682,0.00055,0.70739,1,3,0.99961,0.01055,0.00988,-0.02397,0.06049,0.08372,0.63053,0,1
1768333705.847632,0.01000,-0.00118,-0.04116,0.00140,0.00172,0.00062,0.52430,0.00083,0.22806,-0.00052,0.70682,0.00055,0.70739,1,3,0.99961,0.01055,0.00988,-0.02397,0.06049,0.08372,0.63053,0,1
1768333705.849613,-0.00882,-0.00746,0.01219,0.00001,0.00066,-0.00011,0.52430,0.00083,0.22806,-0.00052,0.70682,0.00055,0.70739,1,3,0.99961,0.01055,0.00988,-0.02397,0.06049,0.08372,0.63053,0,1
1768333705.851636,0.00380,-0.02360,-0.03284,0.00068,-0.00100,-0.00029,0.52426,0.00083,0.22806,-0.00052,0.70683,0.00055,0.70739,1,3,0.99961,0.01055,0.00988,-0.02397,0.06049,0.08372,0.63053,0,1
1768333705.853628,-0.01318,0.00620,-0.00299,0.00039,-0.00094,0.00015,0.52426,0.00083,0.22806,-0.00052,0.70683,0.00055,0.70739,1,3,0.99961,0.01055,0.00988,-0.02397,0.06049,0.08372,0.63053,0,1
1768333705.855634,0.02814,0.00728,0.02738,-0.00287,-0.00156,0.00027,0.52422,0.00083,0.22806,-0.00052,0.70682,0.00055,0.70739,1,3,0.99958,0.01033,0.00968,-0.02513,0.06049,0.08371,0.63045,0,1
1768333705.857650,0.02137,0.01432,0.00398,-0.00060,0.00003,-0.00015,0.52422,0.00083,0.22806,-0.00052,0.70682,0.00055,0.70739,1,3,0.99958,0.01033,0.00968,-0.02513,0.06049,0.08371,0.63045,0,1
1768333705.859642,0.02071,-0.02090,-0.01043,-0.00015,0.00108,-0.00002,0.52418,0.00083,0.22806,-0.00052,0.70683,0.00055,0.70739,1,3,0.99958,0.01033,0.00968,-0.02513,0.06049,0.08371,0.63045,0,1
1768333705.861655,0.01248,-0.01026,0.01991,-0.00024,0.00029,0.00014,0.52414,0.00083,0.22806,-0.00052,0.70682,0.00055,0.70739,1,3,0.99958,0.01033,0.00968,-0.02513,0.06049,0.08371,0.63045,0,1
1768333705.863648,-0.00064,-0.01131,-0.02564,0.00083,-0.00070,-0.00042,0.52414,0.00083,0.22806,-0.00052,0.70682,0.00055,0.70739,1,3,0.99958,0.01033,0.00968,-0.02513,0.06049,0.08371,0.63045,0,1
1768333705.865983,0.02026,0.01029,0.00422,0.00066,-0.00071,-0.00002,0.52410,0.00083,0.22806,-0.00052,0.70683,0.00055,0.70739,1,3,0.99958,0.01033,0.00968,-0.02513,0.06049,0.08371,0.63045,0,1
1768333705.867661,-0.00218,-0.01001,0.04328,-0.00264,-0.00067,0.00099,0.52410,0.00083,0.22806,-0.00052,0.70683,0.00055,0.70739,1,3,0.99958,0.01033,0.00968,-0.02513,0.06049,0.08371,0.63045,0,1
1768333705.869637,0.00029,-0.01700,-0.00290,-0.00011,0.00005,-0.00067,0.52405,0.00083,0.22805,-0.00052,0.70683,0.00055,0.70738,1,3,0.99958,0.01033,0.00968,-0.02513,0.06049,0.08371,0.63045,0,1
1768333705.871654,0.00839,0.01285,-0.00328,-0.00018,-0.00082,0.00012,0.52405,0.00083,0.22805,-0.00052,0.70683,0.00055,0.70738,1,3,0.99958,0.01033,0.00968,-0.02513,0.06049,0.08371,0.63045,0,1
1768333705.873653,0.02931,0.01904,-0.00370,-0.00032,0.00006,0.00010,0.52401,0.00083,0.22806,-0.00052,0.70683,0.00055,0.70739,1,3,0.99958,0.01033,0.00968,-0.02513,0.06049,0.08371,0.63045,0,1
1768333705.875648,0.01910,0.01545,-0.02639,0.00182,-0.00058,-0.00018,0.52401,0.00083,0.22806,-0.00052,0.70683,0.00055,0.70739,1,3,0.99958,0.01033,0.00968,-0.02513,0.06049,0.08371,0.63045,0,1
1768333705.877671,-0.00327,-0.02931,0.02050,-0.00091,-0.00027,-0.00010,0.52401,0.00083,0.22806,-0.00052,0.70683,0.00055,0.70739,1,3,0.99958,0.01033,0.00968,-0.02513,0.06049,0.08371,0.63045,0,1
1768333705.879664,-0.00190,-0.03393,0.02843,-0.00206,-0.00117,0.00004,0.52397,0.00083,0.22805,-0.00052,0.70683,0.00055,0.70738,1,3,0.99958,0.01033,0.00968,-0.02513,0.06049,0.08371,0.63045,0,1
1768333705.881663,-0.00163,-0.01422,0.02083,-0.00291,-0.00181,0.00111,0.52397,0.00083,0.22805,-0.00052,0.70683,0.00055,0.70738,1,3,0.99958,0.01033,0.00968,-0.02513,0.06049,0.08371,0.63045,0,1
1768333705.883680,0.01681,0.00215,-0.00341,-0.00009,0.00022,-0.00042,0.52393,0.00083,0.22805,-0.00052,0.70683,0.00055,0.70738,1,3,0.99958,0.01033,0.00968,-0.02513,0.06049,0.08371,0.63045,0,1
1768333705.885662,0.00212,-0.01424,-0.01045,0.00189,0.00016,-0.00014,0.52393,0.00083,0.22805,-0.00052,0.70683,0.00055,0.70738,1,3,0.99963,0.01036,0.00808,-0.02392,0.06050,0.08373,0.63066,0,1
1768333705.887666,0.01167,-0.02399,-0.04055,0.00112,-0.00058,-0.00030,0.52389,0.00083,0.22806,-0.00052,0.70683,0.00055,0.70739,1,3,0.99963,0.01036,0.00808,-0.02392,0.06050,0.08373,0.63066,0,1
1768333705.889669,0.00412,-0.01411,0.03528,0.00015,-0.00063,-0.00010,0.52385,0.00083,0.22805,-0.00052,0.70683,0.00055,0.70738,1,3,0.99963,0.01036,0.00808,-0.02392,0.06050,0.08373,0.63066,0,1
1768333705.891684,0.02103,-0.01932,0.00485,0.00030,-0.00071,-0.00041,0.52385,0.00083,0.22805,-0.00052,0.70683,0.00055,0.70738,1,3,0.99963,0.01036,0.00808,-0.02392,0.06050,0.08373,0.63066,0,1
1768333705.893672,0.01671,-0.00248,-0.00319,0.00007,-0.00016,-0.00029,0.52381,0.00083,0.22805,-0.00052,0.70683,0.00055,0.70738,1,3,0.99963,0.01036,0.00808,-0.02392,0.06050,0.08373,0.63066,0,1
1768333705.895669,0.00550,0.00912,-0.02615,-0.00176,0.00036,-0.00003,0.52381,0.00083,0.22805,-0.00052,0.70683,0.00055,0.70738,1,3,0.99963,0.01036,0.00808,-0.02392,0.06050,0.08373,0.63066,0,1
1768333705.897666,0.00841,0.05200,-0.02723,-0.00036,-0.00048,-0.00018,0.52377,0.00083,0.22806,-0.00052,0.70683,0.00055,0.70738,1,3,0.99963,0.01036,0.00808,-0.02392,0.06050,0.08373,0.63066,0,1
1768333705.899682,0.00620,0.03774,-0.03453,0.00187,-0.00031,-0.00018,0.52377,0.00083,0.22806,-0.00052,0.70683,0.00055,0.70738,1,3,0.99963,0.01036,0.00808,-0.02392,0.06050,0.08373,0.63066,0,1
1768333705.901679,-0.00480,0.00595,-0.00322,0.00061,-0.00067,-0.00027,0.52373,0.00083,0.22805,-0.00052,0.70683,0.00055,0.70738,1,3,0.99963,0.01036,0.00808,-0.02392,0.06050,0.08373,0.63066,0,1
1768333705.903657,0.01735,-0.03259,0.00530,-0.00073,0.00012,0.00013,0.52373,0.00083,0.22805,-0.00052,0.70683,0.00055,0.70738,1,3,0.99963,0.01036,0.00808,-0.02392,0.06050,0.08373,0.63066,0,1
1768333705.905681,0.02053,-0.05419,0.00588,0.00054,-0.00028,0.00014,0.52369,0.00083,0.22805,-0.00052,0.70684,0.00055,0.70738,1,3,0.99963,0.01036,0.00808,-0.02392,0.06050,0.08373,0.63066,0,1
1768333705.907674,-0.00155,-0.01185,-0.02561,0.00126,0.00008,-0.00002,0.52369,0.00083,0.22805,-0.00052,0.70684,0.00055,0.70738,1,3,0.99963,0.01036,0.00808,-0.02392,0.06050,0.08373,0.63066,0,1
1768333705.909675,-0.03495,-0.00648,-0.00287,0.00089,0.00047,-0.00010,0.52369,0.00083,0.22805,-0.00052,0.70684,0.00055,0.70738,1,3,0.99963,0.01036,0.00808,-0.02392,0.06050,0.08373,0.63066,0,1
1768333705.911686,0.00044,-0.00179,-0.00302,-0.00036,-0.00072,-0.00027,0.52365,0.00083,0.22805,-0.00052,0.70684,0.00055,0.70737,1,3,0.99963,0.01036,0.00808,-0.02392,0.06050,0.08373,0.63066,0,1
1768333705.913676,0.01656,-0.01287,-0.03329,-0.00006,0.00037,-0.00004,0.52365,0.00083,0.22805,-0.00052,0.70684,0.00055,0.70737,1,3,0.99963,0.01036,0.00808,-0.02392,0.06050,0.08373,0.63066,0,1
1768333705.915688,-0.01492,-0.03842,-0.00221,0.00225,0.00025,-0.00025,0.52361,0.00083,0.22804,-0.00052,0.70684,0.00055,0.70737,1,3,0.99963,0.01036,0.00808,-0.02392,0.06050,0.08373,0.63066,0,1
1768333705.917698,-0.00091,-0.00719,-0.00282,0.00045,0.00007,0.00027,0.52361,0.00083,0.22804,-0.00052,0.70684,0.00055,0.70737,1,3,0.99962,0.01039,0.00805,-0.02419,0.06049,0.08372,0.63056,0,1
1768333705.919681,0.01067,-0.00478,-0.03367,0.00179,0.00043,-0.00044,0.52357,0.00083,0.22804,-0.00052,0.70684,0.00055,0.70737,1,3,0.99962,0.01039,0.00805,-0.02419,0.06049,0.08372,0.63056,0,1
1768333705.921693,0.00914,0.00232,0.00445,-0.00097,-0.00019,-0.00000,0.52357,0.00083,0.22804,-0.00052,0.70684,0.00055,0.70737,1,3,0.99962,0.01039,0.00805,-0.02419,0.06049,0.08372,0.63056,0,1
1768333705.923683,-0.00519,-0.01936,0.00517,0.00052,0.00000,0.00042,0.52353,0.00083,0.22804,-0.00052,0.70684,0.00055,0.70737,1,3,0.99962,0.01039,0.00805,-0.02419,0.06049,0.08372,0.63056,0,1
1768333705.925694,0.01752,-0.00161,0.02738,-0.00036,-0.00144,-0.00026,0.52353,0.00083,0.22804,-0.00052,0.70684,0.00055,0.70737,1,3,0.99962,0.01039,0.00805,-0.02419,0.06049,0.08372,0.63056,0,1
1768333705.927707,0.02467,-0.02765,-0.00980,-0.00002,-0.00009,0.00079,0.52349,0.00083,0.22805,-0.00052,0.70684,0.00055,0.70737,1,3,0.99962,0.01039,0.00805,-0.02419,0.06049,0.08372,0.63056,0,1
1768333705.929699,0.00201,-0.03866,-0.00226,0.00225,0.00005,-0.00026,0.52345,0.00083,0.22805,-0.00052,0.70684,0.00055,0.70737,1,3,0.99962,0.01039,0.00805,-0.02419,0.06049,0.08372,0.63056,0,1
1768333705.931698,0.02083,-0.01991,0.03530,0.00008,-0.00006,0.00001,0.52345,0.00083,0.22805,-0.00052,0.70684,0.00055,0.70737,1,3,0.99962,0.01039,0.00805,-0.02419,0.06049,0.08372,0.63056,0,1
1768333705.933713,-0.01278,0.02031,0.01157,-0.00010,-0.00007,-0.00025,0.52341,0.00083,0.22804,-0.00052,0.70684,0.00055,0.70737,1,3,0.99962,0.01039,0.00805,-0.02419,0.06049,0.08372,0.63056,0,1
1768333705.935727,-0.00486,-0.00338,-0.02592,0.00115,-0.00104,-0.00082,0.52341,0.00083,0.22804,-0.00052,0.70684,0.00055,0.70737,1,3,0.99962,0.01039,0.00805,-0.02419,0.06049,0.08372,0.63056,0,1
1768333705.937726,-0.00821,0.03196,-0.00408,-0.00061,0.00049,-0.00041,0.52341,0.00083,0.22804,-0.00052,0.70684,0.00055,0.70737,1,3,0.99962,0.01039,0.00805,-0.02419,0.06049,0.08372,0.63056,0,1
1768333705.939777,0.00238,-0.03897,0.00531,0.00181,0.00030,-0.00026,0.52337,0.00083,0.22804,-0.00052,0.70684,0.00055,0.70737,1,3,0.99962,0.01039,0.00805,-0.02419,0.06049,0.08372,0.63056,0,1
1768333705.941723,-0.00004,0.00257,-0.01092,-0.00009,0.00017,-0.00041,0.52337,0.00083,0.22804,-0.00052,0.70684,0.00055,0.70737,1,3,0.99962,0.01039,0.00805,-0.02419,0.06049,0.08372,0.63056,0,1
1768333705.943712,0.00661,-0.03463,0.04368,-0.00251,-0.00076,0.00045,0.52333,0.00083,0.22805,-0.00052,0.70684,0.00055,0.70737,1,3,0.99962,0.01039,0.00805,-0.02419,0.06049,0.08372,0.63056,0,1
1768333705.945713,0.01983,-0.02432,0.01271,0.00112,-0.00043,0.00013,0.52333,0.00083,0.22805,-0.00052,0.70684,0.00055,0.70737,1,3,0.99962,0.01039,0.00805,-0.02419,0.06049,0.08372,0.63056,0,1
1768333705.947703,0.00014,-0.00629,-0.01797,0.00002,-0.00122,-0.00014,0.52329,0.00083,0.22805,-0.00052,0.70684,0.00055,0.70737,1,3,0.99962,0.01039,0.00805,-0.02419,0.06049,0.08372,0.63056,0,1
1768333705.949719,-0.00494,-0.00441,-0.01053,0.00048,-0.00014,-0.00000,0.52329,0.00083,0.22805,-0.00052,0.70684,0.00055,0.70737,1,3,0.99958,0.01037,0.01032,-0.02495,0.06047,0.08369,0.63032,0,1
1768333705.951700,-0.00051,0.02178,-0.00382,-0.00008,0.00079,-0.00014,0.52329,0.00083,0.22805,-0.00052,0.70684,0.00055,0.70737,1,3,0.99958,0.01037,0.01032,-0.02495,0.06047,0.08369,0.63032,0,1
1768333705.953716,0.02125,-0.01512,-0.01044,-0.00030,-0.00007,-0.00016,0.52325,0.00083,0.22805,-0.00052,0.70684,0.00055,0.70737,1,3,0.99958,0.01037,0.01032,-0.02495,0.06047,0.08369,0.63032,0,1
1768333705.955703,0.01065,-0.02908,-0.02527,0.00193,-0.00006,-0.00016,0.52321,0.00083,0.22805,-0.00052,0.70684,0.00055,0.70737,1,3,0.99958,0.01037,0.01032,-0.02495,0.06047,0.08369,0.63032,0,1
1768333705.957715,0.00814,-0.04168,-0.00221,0.00047,-0.00002,-0.00040,0.52317,0.00083,0.22804,-0.00052,0.70684,0.00055,0.70737,1,3,0.99958,0.01037,0.01032,-0.02495,0.06047,0.08369,0.63032,0,1
1768333705.959730,-0.00205,-0.02685,-0.01753,0.00152,0.00035,0.00040,0.52317,0.00083,0.22804,-0.00052,0.70684,0.00055,0.70737,1,3,0.99958,0.01037,0.01032,-0.02495,0.06047,0.08369,0.63032,0,1
1768333705.961745,-0.03084,0.00582,0.00451,0.00082,0.00029,0.00017,0.52313,0.00083,0.22805,-0.00052,0.70684,0.00055,0.70737,1,3,0.99958,0.01037,0.01032,-0.02495,0.06047,0.08369,0.63032,0,1
1768333705.963726,0.01276,0.01396,-0.01868,-0.00082,0.00052,0.00024,0.52313,0.00083,0.22805,-0.00052,0.70684,0.00055,0.70737,1,3,0.99958,0.01037,0.01032,-0.02495,0.06047,0.08369,0.63032,0,1
1768333705.965732,0.01375,-0.01014,-0.01036,-0.00134,-0.00036,0.00012,0.52309,0.00083,0.22805,-0.00052,0.70684,0.00055,0.70738,1,3,0.99958,0.01037,0.01032,-0.02495,0.06047,0.08369,0.63032,0,1
1768333705.967720,-0.00319,-0.01350,-0.02546,-0.00050,-0.00143,-0.00054,0.52309,0.00083,0.22805,-0.00052,0.70684,0.00055,0.70738,1,3,0.99958,0.01037,0.01032,-0.02495,0.06047,0.08369,0.63032,0,1
1768333705.969742,-0.00510,0.00018,-0.01838,0.00054,0.00036,-0.00014,0.52309,0.00083,0.22805,-0.00052,0.70684,0.00055,0.70738,1,3,0.99958,0.01037,0.01032,-0.02495,0.06047,0.08369,0.63032,0,1
1768333705.971794,0.05064,0.01568,-0.01126,-0.00080,0.00032,0.00034,0.52306,0.00083,0.22805,-0.00052,0.70684,0.00055,0.70738,1,3,0.99958,0.01037,0.01032,-0.02495,0.06047,0.08369,0.63032,0,1
1768333705.973740,0.01025,-0.02466,-0.04799,0.00177,0.00034,0.00050,0.52306,0.00083,0.22805,-0.00052,0.70684,0.00055,0.70738,1,3,0.99958,0.01037,0.01032,-0.02495,0.06047,0.08369,0.63032,0,1
1768333705.975730,0.02363,-0.01179,-0.01033,-0.00332,0.00067,0.00052,0.52306,0.00083,0.22805,-0.00052,0.70684,0.00055,0.70738,1,3,0.99958,0.01037,0.01032,-0.02495,0.06047,0.08369,0.63032,0,1
1768333705.977737,0.00004,-0.03569,-0.00961,0.00032,-0.00132,-0.00013,0.52302,0.00083,0.22805,-0.00052,0.70684,0.00055,0.70738,1,3,0.99958,0.01037,0.01032,-0.02495,0.06047,0.08369,0.63032,0,1
1768333705.979722,0.01216,0.02077,-0.05695,0.00079,-0.00114,-0.00073,0.52302,0.00083,0.22805,-0.00052,0.70684,0.00055,0.70738,1,3,0.99958,0.01037,0.01032,-0.02495,0.06047,0.08369,0.63032,0,1
1768333705.981728,-0.00271,-0.00171,-0.05640,0.00248,0.00021,-0.00031,0.52299,0.00083,0.22805,-0.00052,0.70684,0.00055,0.70737,1,3,0.99958,0.01037,0.01032,-0.02495,0.06047,0.08369,0.63032,0,1
1768333705.983721,0.00249,-0.01239,-0.02502,-0.00289,-0.00110,0.00080,0.52299,0.00083,0.22805,-0.00052,0.70684,0.00055,0.70737,1,3,0.99958,0.01037,0.01032,-0.02495,0.06047,0.08369,0.63032,0,1
1768333705.985743,-0.01310,-0.00984,-0.01021,-0.00024,0.00035,0.00055,0.52297,0.00083,0.22805,-0.00052,0.70684,0.00054,0.70737,1,3,0.99958,0.01037,0.01032,-0.02495,0.06047,0.08369,0.63032,0,1
1768333705.987725,-0.00609,-0.03317,-0.06326,0.00231,-0.00037,-0.00084,0.52297,0.00083,0.22805,-0.00052,0.70684,0.00054,0.70737,1,3,0.99964,0.01054,0.00800,-0.02334,0.06051,0.08375,0.63077,0,1
1768333705.989739,0.01784,0.01213,-0.03388,-0.00107,-0.00043,-0.00031,0.52294,0.00083,0.22804,-0.00052,0.70684,0.00055,0.70737,1,3,0.99964,0.01054,0.00800,-0.02334,0.06051,0.08375,0.63077,0,1
1768333705.991745,-0.00433,-0.03322,-0.03240,0.00035,-0.00127,-0.00001,0.52294,0.00083,0.22804,-0.00052,0.70684,0.00055,0.70737,1,3,0.99964,0.01054,0.00800,-0.02334,0.06051,0.08375,0.63077,0,1
1768333705.993746,-0.01269,0.00137,-0.02589,0.00033,-0.00095,-0.00054,0.52291,0.00083,0.22804,-0.00052,0.70684,0.00055,0.70737,1,3,0.99964,0.01054,0.00800,-0.02334,0.06051,0.08375,0.63077,0,1
1768333705.995742,0.00402,0.01039,-0.03366,0.00000,-0.00064,-0.00003,0.52291,0.00083,0.22804,-0.00052,0.70684,0.00055,0.70737,1,3,0.99964,0.01054,0.00800,-0.02334,0.06051,0.08375,0.63077,0,1
1768333705.997765,0.01701,-0.00314,-0.01810,-0.00081,0.00011,0.00051,0.52290,0.00083,0.22804,-0.00052,0.70684,0.00055,0.70737,1,3,0.99964,0.01054,0.00800,-0.02334,0.06051,0.08375,0.63077,0,1
1768333705.999747,0.00632,-0.00726,-0.03349,0.00176,0.00048,-0.00017,0.52290,0.00083,0.22804,-0.00052,0.70684,0.00055,0.70737,1,3,0.99964,0.01054,0.00800,-0.02334,0.06051,0.08375,0.63077,0,1
1768333706.001773,-0.01837,-0.03549,-0.04005,0.00163,-0.00059,-0.00014,0.52289,0.00083,0.22804,-0.00052,0.70684,0.00055,0.70737,1,3,0.99964,0.01054,0.00800,-0.02334,0.06051,0.08375,0.63077,0,1
1768333706.003756,0.00669,0.01116,0.06502,-0.00173,-0.00196,-0.00076,0.52289,0.00083,0.22804,-0.00052,0.70684,0.00055,0.70737,1,3,0.99964,0.01054,0.00800,-0.02334,0.06051,0.08375,0.63077,0,1
1768333706.005744,-0.00509,-0.00480,-0.01820,0.00048,0.00037,-0.00001,0.52289,0.00083,0.22804,-0.00052,0.70684,0.00055,0.70737,1,3,0.99964,0.01054,0.00800,-0.02334,0.06051,0.08375,0.63077,0,1
1768333706.007743,0.01332,0.01360,0.01910,-0.00127,0.00101,-0.00014,0.52289,0.00083,0.22804,-0.00052,0.70684,0.00055,0.70737,1,3,0.99964,0.01054,0.00800,-0.02334,0.06051,0.08375,0.63077,0,1
1768333706.009754,0.00831,0.03120,-0.03444,-0.00062,0.00081,-0.00004,0.52289,0.00083,0.22804,-0.00052,0.70684,0.00055,0.70737,1,3,0.99964,0.01054,0.00800,-0.02334,0.06051,0.08375,0.63077,0,1
1768333706.011740,0.00897,0.00333,0.00424,-0.00008,-0.00097,-0.00081,0.52289,0.00083,0.22804,-0.00052,0.70684,0.00055,0.70737,1,3,0.99964,0.01054,0.00800,-0.02334,0.06051,0.08375,0.63077,0,1
1768333706.013745,0.02613,-0.00265,0.01204,-0.00081,-0.00052,-0.00028,0.52289,0.00083,0.22804,-0.00052,0.70684,0.00055,0.70737,1,3,0.99964,0.01054,0.00800,-0.02334,0.06051,0.08375,0.63077,0,1
1768333706.015740,0.00024,0.01749,0.03449,-0.00056,-0.00023,0.00003,0.52289,0.00083,0.22804,-0.00052,0.70684,0.00055,0.70737,1,3,0.99964,0.01054,0.00800,-0.02334,0.06051,0.08375,0.63077,0,1
1768333706.017762,-0.01810,0.00298,-0.01074,0.00079,0.00039,0.00001,0.52288,0.00083,0.22804,-0.00052,0.70684,0.00055,0.70737,1,3,0.99964,0.01054,0.00800,-0.02334,0.06051,0.08375,0.63077,0,1
1768333706.019757,0.01317,0.02929,0.00384,-0.00108,-0.00026,0.00025,0.52288,0.00083,0.22804,-0.00052,0.70684,0.00055,0.70738,1,3,0.99961,0.01030,0.00841,-0.02475,0.06049,0.08372,0.63056,0,1
1768333706.021778,-0.00027,0.00336,0.00419,0.00057,-0.00047,-0.00080,0.52288,0.00083,0.22804,-0.00052,0.70684,0.00055,0.70738,1,3,0.99961,0.01030,0.00841,-0.02475,0.06049,0.08372,0.63056,0,1
1768333706.023793,0.00257,-0.01870,-0.07091,0.00162,-0.00073,-0.00005,0.52288,0.00083,0.22804,-0.00052,0.70684,0.00055,0.70738,1,3,0.99961,0.01030,0.00841,-0.02475,0.06049,0.08372,0.63056,0,1
1768333706.025783,-0.00629,-0.01389,-0.02575,0.00211,0.00013,-0.00055,0.52288,0.00083,0.22804,-0.00052,0.70684,0.00055,0.70738,1,3,0.99961,0.01030,0.00841,-0.02475,0.06049,0.08372,0.63056,0,1
1768333706.027760,0.01235,0.00002,-0.00319,0.00010,-0.00010,-0.00015,0.52288,0.00083,0.22804,-0.00052,0.70684,0.00055,0.70738,1,3,0.99961,0.01030,0.00841,-0.02475,0.06049,0.08372,0.63056,0,1
1768333706.029774,-0.00464,-0.00996,-0.01024,-0.00024,0.00025,0.00054,0.52288,0.00083,0.22804,-0.00052,0.70684,0.00055,0.70738,1,3,0.99961,0.01030,0.00841,-0.02475,0.06049,0.08372,0.63056,0,1
1768333706.031847,-0.00048,0.00192,0.04246,-0.00032,0.00082,0.00044,0.52288,0.00083,0.22804,-0.00052,0.70684,0.00055,0.70738,1,3,0.99961,0.01030,0.00841,-0.02475,0.06049,0.08372,0.63056,0,1
1768333706.033766,0.00840,-0.02184,-0.00255,0.00005,-0.00042,-0.00014,0.52288,0.00083,0.22804,-0.00052,0.70684,0.00055,0.70738,1,3,0.99961,0.01030,0.00841,-0.02475,0.06049,0.08372,0.63056,0,1
1768333706.035759,-0.00115,-0.01145,-0.03311,0.00105,-0.00056,-0.00002,0.52288,0.00083,0.22804,-0.00052,0.70684,0.00055,0.70738,1,3,0.99961,0.01030,0.00841,-0.02475,0.06049,0.08372,0.63056,0,1
1768333706.037786,0.01277,-0.03428,0.02059,-0.00010,-0.00046,0.00002,0.52288,0.00083,0.22804,-0.00052,0.70684,0.00055,0.70738,1,3,0.99961,0.01030,0.00841,-0.02475,0.06049,0.08372,0.63056,0,1
1768333706.039770,0.00262,-0.02903,-0.03300,0.00171,0.00016,-0.00056,0.52288,0.00083,0.22805,-0.00052,0.70683,0.00055,0.70738,1,3,0.99961,0.01030,0.00841,-0.02475,0.06049,0.08372,0.63056,0,1
1768333706.041767,-0.00888,-0.00772,0.00473,-0.00022,0.00080,0.00028,0.52288,0.00083,0.22805,-0.00052,0.70683,0.00055,0.70738,1,3,0.99961,0.01030,0.00841,-0.02475,0.06049,0.08372,0.63056,0,1
1768333706.043804,0.01151,-0.00524,0.00447,0.00069,0.00055,-0.00001,0.52288,0.00083,0.22805,-0.00052,0.70683,0.00055,0.70738,1,3,0.99961,0.01030,0.00841,-0.02475,0.06049,0.08372,0.63056,0,1
1768333706.045774,0.00251,-0.01221,0.05836,-0.00267,-0.00099,0.00046,0.52288,0.00083,0.22804,-0.00052,0.70684,0.00055,0.70738,1,3,0.99961,0.01030,0.00841,-0.02475,0.06049,0.08372,0.63056,0,1
1768333706.047788,0.00866,-0.02670,0.02027,-0.00001,-0.00042,-0.00039,0.52288,0.00083,0.22804,-0.00052,0.70684,0.00055,0.70738,1,3,0.99961,0.01030,0.00841,-0.02475,0.06049,0.08372,0.63056,0,1
1768333706.049815,-0.00048,-0.01220,-0.01817,0.00039,0.00031,-0.00041,0.52288,0.00083,0.22804,-0.00052,0.70684,0.00055,0.70738,1,3,0.99961,0.01030,0.00841,-0.02475,0.06049,0.08372,0.63056,0,1
1768333706.051798,-0.00782,-0.03156,0.02051,-0.00050,-0.00022,-0.00023,0.52288,0.00083,0.22804,-0.00052,0.70684,0.00055,0.70738,1,3,0.99961,0.01030,0.00841,-0.02475,0.06049,0.08372,0.63056,0,1
1768333706.053807,0.00493,-0.01458,0.02008,-0.00073,-0.00038,-0.00012,0.52288,0.00083,0.22805,-0.00052,0.70683,0.00055,0.70738,1,3,0.99961,0.01030,0.00841,-0.02475,0.06049,0.08372,0.63056,0,1
1768333706.055811,-0.00062,-0.02133,-0.01751,0.00049,-0.00081,0.00027,0.52288,0.00083,0.22805,-0.00052,0.70683,0.00055,0.70738,1,3,0.99961,0.01056,0.00912,-0.02414,0.06049,0.08372,0.63055,0,1
1768333706.057818,-0.00930,-0.03659,-0.00980,0.00074,0.00031,-0.00012,0.52288,0.00083,0.22805,-0.00052,0.70683,0.00055,0.70738,1,3,0.99961,0.01056,0.00912,-0.02414,0.06049,0.08372,0.63055,0,1
1768333706.059790,0.02326,-0.00018,0.02751,-0.00231,-0.00112,0.00028,0.52288,0.00083,0.22805,-0.00052,0.70683,0.00055,0.70738,1,3,0.99961,0.01056,0.00912,-0.02414,0.06049,0.08372,0.63055,0,1
1768333706.061804,0.02803,0.00265,0.02760,-0.00271,-0.00194,0.00041,0.52288,0.00083,0.22805,-0.00052,0.70683,0.00055,0.70738,1,3,0.99961,0.01056,0.00912,-0.02414,0.06049,0.08372,0.63055,0,1
1768333706.063826,0.01959,-0.02850,-0.00256,0.00194,-0.00094,-0.00055,0.52288,0.00083,0.22804,-0.00052,0.70683,0.00055,0.70738,1,3,0.99961,0.01056,0.00912,-0.02414,0.06049,0.08372,0.63055,0,1
1768333706.065784,0.01007,-0.01450,-0.01795,0.00211,0.00020,0.00025,0.52288,0.00083,0.22804,-0.00052,0.70683,0.00055,0.70738,1,3,0.99961,0.01056,0.00912,-0.02414,0.06049,0.08372,0.63055,0,1
1768333706.067814,0.00286,-0.03485,-0.04017,0.00077,0.00068,0.00038,0.52288,0.00083,0.22804,-0.00052,0.70683,0.00055,0.70738,1,3,0.99961,0.01056,0.00912,-0.02414,0.06049,0.08372,0.63055,0,1
1768333706.069800,-0.00405,-0.00463,0.01228,-0.00040,-0.00016,0.00002,0.52288,0.00083,0.22804,-0.00052,0.70683,0.00055,0.70738,1,3,0.99961,0.01056,0.00912,-0.02414,0.06049,0.08372,0.63055,0,1
1768333706.071807,-0.00136,-0.01619,-0.06365,0.00165,-0.00044,-0.00072,0.52288,0.00083,0.22805,-0.00052,0.70683,0.00055,0.70738,1,3,0.99961,0.01056,0.00912,-0.02414,0.06049,0.08372,0.63055,0,1
1768333706.073826,0.00219,0.00319,0.01990,-0.00205,-0.00151,0.00002,0.52288,0.00083,0.22805,-0.00052,0.70683,0.00055,0.70738,1,3,0.99961,0.01056,0.00912,-0.02414,0.06049,0.08372,0.63055,0,1
1768333706.075817,-0.00526,-0.01456,0.01255,0.00058,0.00025,0.00029,0.52287,0.00083,0.22804,-0.00052,0.70683,0.00055,0.70738,1,3,0.99961,0.01056,0.00912,-0.02414,0.06049,0.08372,0.63055,0,1
1768333706.077851,0.00461,0.00366,0.01963,-0.00139,0.00114,0.00055,0.52287,0.00083,0.22804,-0.00052,0.70683,0.00055,0.70738,1,3,0.99961,0.01056,0.00912,-0.02414,0.06049,0.08372,0.63055,0,1
1768333706.079833,0.00237,-0.00817,0.00468,-0.00262,0.00028,-0.00013,0.52287,0.00083,0.22804,-0.00052,0.70683,0.00055,0.70738,1,3,0.99961,0.01056,0.00912,-0.02414,0.06049,0.08372,0.63055,0,1
1768333706.081835,0.00486,0.00503,0.01968,-0.00093,-0.00040,0.00015,0.52287,0.00083,0.22805,-0.00052,0.70683,0.00055,0.70738,1,3,0.99961,0.01056,0.00912,-0.02414,0.06049,0.08372,0.63055,0,1
1768333706.083814,0.01135,-0.00203,0.00490,-0.00277,-0.00174,0.00014,0.52287,0.00083,0.22805,-0.00052,0.70683,0.00055,0.70738,1,3,0.99961,0.01056,0.00912,-0.02414,0.06049,0.08372,0.63055,0,1
1768333706.085826,0.01687,0.01769,0.02707,-0.00034,-0.00105,0.00041,0.52287,0.00083,0.22805,-0.00052,0.70683,0.00055,0.70738,1,3,0.99961,0.01056,0.00912,-0.02414,0.06049,0.08372,0.63055,0,1
1768333706.087820,0.01032,-0.00449,-0.01069,0.00201,0.00005,-0.00002,0.52287,0.00083,0.22805,-0.00052,0.70683,0.00055,0.70738,1,3,0.99961,0.01056,0.00912,-0.02414,0.06049,0.08372,0.63055,0,1
1768333706.089808,0.02030,-0.00023,-0.01069,0.00032,-0.00007,0.00024,0.52287,0.00083,0.22805,-0.00052,0.70683,0.00055,0.70738,1,3,0.99961,0.01056,0.00912,-0.02414,0.06049,0.08372,0.63055,0,1
1768333706.091835,0.02591,0.00674,0.01157,-0.00069,0.00023,-0.00056,0.52287,0.00083,0.22805,-0.00052,0.70683,0.00055,0.70738,1,3,0.99963,0.01031,0.00769,-0.02405,0.06048,0.08372,0.63055,0,1
1768333706.093803,0.02583,0.01764,-0.01106,-0.00056,-0.00129,-0.00003,0.52287,0.00083,0.22805,-0.00052,0.70683,0.00055,0.70738,1,3,0.99963,0.01031,0.00769,-0.02405,0.06048,0.08372,0.63055,0,1
1768333706.095822,0.01767,0.00736,-0.00331,-0.00090,-0.00055,-0.00015,0.52287,0.00083,0.22805,-0.00052,0.70683,0.00055,0.70738,1,3,0.99963,0.01031,0.00769,-0.02405,0.06048,0.08372,0.63055,0,1
1768333706.097803,0.01474,0.01796,-0.02639,0.00185,-0.00052,-0.00004,0.52287,0.00083,0.22805,-0.00052,0.70683,0.00055,0.70738,1,3,0.99963,0.01031,0.00769,-0.02405,0.06048,0.08372,0.63055,0,1
1768333706.099815,0.03578,0.00270,0.03496,-0.00183,-0.00178,0.00000,0.52287,0.00083,0.22805,-0.00052,0.70683,0.00055,0.70738,1,3,0.99963,0.01031,0.00769,-0.02405,0.06048,0.08372,0.63055,0,1
1768333706.101841,0.00787,0.00786,-0.00333,0.00041,-0.00044,-0.00015,0.52287,0.00083,0.22805,-0.00052,0.70683,0.00055,0.70738,1,3,0.99963,0.01031,0.00769,-0.02405,0.06048,0.08372,0.63055,0,1
1768333706.103810,0.01372,0.00409,0.00419,-0.00138,0.00051,-0.00028,0.52287,0.00083,0.22805,-0.00052,0.70683,0.00055,0.70738,1,3,0.99963,0.01031,0.00769,-0.02405,0.06048,0.08372,0.63055,0,1
1768333706.105814,0.00367,0.00948,0.00414,-0.00001,0.00063,-0.00000,0.52287,0.00083,0.22805,-0.00052,0.70683,0.00055,0.70738,1,3,0.99963,0.01031,0.00769,-0.02405,0.06048,0.08372,0.63055,0,1
1768333706.107814,0.00019,0.00808,-0.00322,-0.00024,-0.00073,-0.00014,0.52287,0.00083,0.22805,-0.00052,0.70683,0.00055,0.70738,1,3,0.99963,0.01031,0.00769,-0.02405,0.06048,0.08372,0.63055,0,1
1768333706.109827,0.00705,0.01826,-0.01127,0.00141,-0.00069,-0.00042,0.52287,0.00083,0.22805,-0.00052,0.70683,0.00055,0.70738,1,3,0.99963,0.01031,0.00769,-0.02405,0.06048,0.08372,0.63055,0,1
1768333706.111841,-0.00096,-0.00162,-0.01828,0.00095,-0.00045,-0.00028,0.52287,0.00083,0.22805,-0.00052,0.70683,0.00055,0.70738,1,3,0.99963,0.01031,0.00769,-0.02405,0.06048,0.08372,0.63055,0,1
1768333706.113868,0.00579,-0.00942,0.02795,-0.00176,-0.00128,0.00057,0.52287,0.00083,0.22805,-0.00052,0.70683,0.00055,0.70738,1,3,0.99963,0.01031,0.00769,-0.02405,0.06048,0.08372,0.63055,0,1
1768333706.115847,0.00390,0.00380,0.00423,-0.00051,0.00139,0.00013,0.52287,0.00083,0.22805,-0.00052,0.70683,0.00055,0.70738,1,3,0.99963,0.01031,0.00769,-0.02405,0.06048,0.08372,0.63055,0,1
1768333706.117835,0.03446,0.00180,0.03472,-0.00097,-0.00025,-0.00000,0.52287,0.00083,0.22805,-0.00052,0.70683,0.00055,0.70738,1,3,0.99963,0.01031,0.00769,-0.02405,0.06048,0.08372,0.63055,0,1
1768333706.119840,0.02185,0.00995,0.01189,-0.00087,-0.00086,-0.00001,0.52287,0.00083,0.22805,-0.00052,0.70683,0.00055,0.70738,1,3,0.99963,0.01038,0.00755,-0.02393,0.06049,0.08373,0.63063,0,1
1768333706.121831,-0.01345,-0.01367,-0.02543,0.00080,-0.00054,-0.00013,0.52287,0.00083,0.22805,-0.00052,0.70683,0.00055,0.70738,1,3,0.99963,0.01038,0.00755,-0.02393,0.06049,0.08373,0.63063,0,1
1768333706.123860,0.01164,-0.01552,0.02757,0.00035,0.00094,0.00028,0.52287,0.00083,0.22805,-0.00052,0.70683,0.00055,0.70738,1,3,0.99963,0.01038,0.00755,-0.02393,0.06049,0.08373,0.63063,0,1
1768333706.125843,-0.00011,-0.00259,-0.00318,-0.00015,0.00043,-0.00027,0.52287,0.00083,0.22805,-0.00052,0.70683,0.00055,0.70738,1,3,0.99963,0.01038,0.00755,-0.02393,0.06049,0.08373,0.63063,0,1
1768333706.127855,0.01072,-0.00907,-0.01801,0.00174,-0.00058,0.00011,0.52287,0.00083,0.22805,-0.00052,0.70683,0.00055,0.70738,1,3,0.99963,0.01038,0.00755,-0.02393,0.06049,0.08373,0.63063,0,1
1768333706.129849,-0.01328,-0.00469,-0.00278,0.00004,0.00022,0.00042,0.52287,0.00083,0.22805,-0.00052,0.70683,0.00055,0.70738,1,3,0.99963,0.01038,0.00755,-0.02393,0.06049,0.08373,0.63063,0,1
1768333706.131901,-0.00548,-0.03284,-0.01000,0.00188,-0.00089,-0.00080,0.52287,0.00083,0.22805,-0.00052,0.70683,0.00055,0.70738,1,3,0.99963,0.01038,0.00755,-0.02393,0.06049,0.08373,0.63063,0,1
1768333706.133851,0.02429,0.00620,-0.01105,0.00018,0.00102,0.00023,0.52287,0.00083,0.22805,-0.00052,0.70683,0.00055,0.70738,1,3,0.99963,0.01038,0.00755,-0.02393,0.06049,0.08373,0.63063,0,1
1768333706.135850,0.01310,-0.01565,-0.02532,-0.00118,0.00030,0.00065,0.52287,0.00083,0.22805,-0.00052,0.70683,0.00055,0.70738,1,3,0.99963,0.01038,0.00755,-0.02393,0.06049,0.08373,0.63063,0,1
1768333706.137837,-0.02230,-0.02750,0.02064,0.00151,-0.00119,-0.00008,0.52287,0.00083,0.22805,-0.00052,0.70683,0.00055,0.70738,1,3,0.99963,0.01038,0.00755,-0.02393,0.06049,0.08373,0.63063,0,1
1768333706.139848,-0.00924,-0.00657,-0.01067,0.00089,-0.00010,-0.00054,0.52287,0.00083,0.22805,-0.00052,0.70683,0.00055,0.70738,1,3,0.99963,0.01038,0.00755,-0.02393,0.06049,0.08373,0.63063,0,1
1768333706.141842,-0.00462,0.00080,-0.01065,0.00032,-0.00053,-0.00014,0.52287,0.00083,0.22805,-0.00052,0.70683,0.00055,0.70738,1,3,0.99963,0.01038,0.00755,-0.02393,0.06049,0.08373,0.63063,0,1
1768333706.143863,-0.00851,-0.03075,-0.03275,0.00060,-0.00085,-0.00068,0.52287,0.00083,0.22805,-0.00052,0.70683,0.00055,0.70738,1,3,0.99963,0.01038,0.00755,-0.02393,0.06049,0.08373,0.63063,0,1
1768333706.145844,0.00698,-0.01380,0.01224,0.00037,0.00201,0.00040,0.52287,0.00083,0.22805,-0.00052,0.70683,0.00055,0.70738,1,3,0.99963,0.01038,0.00755,-0.02393,0.06049,0.08373,0.63063,0,1
1768333706.147844,-0.00621,-0.01869,-0.03314,0.00205,-0.00012,-0.00042,0.52287,0.00083,0.22805,-0.00052,0.70683,0.00055,0.70738,1,3,0.99963,0.01038,0.00755,-0.02393,0.06049,0.08373,0.63063,0,1
1768333706.149851,-0.00002,0.00264,0.03465,-0.00009,0.00016,-0.00038,0.52287,0.00083,0.22805,-0.00052,0.70683,0.00055,0.70738,1,3,0.99963,0.01038,0.00755,-0.02393,0.06049,0.08373,0.63063,0,1
1768333706.151859,0.00861,-0.02130,-0.02523,0.00006,-0.00118,-0.00015,0.52287,0.00083,0.22805,-0.00052,0.70683,0.00055,0.70738,1,3,0.99963,0.01038,0.00755,-0.02393,0.06049,0.08373,0.63063,0,1
1768333706.153859,0.00326,-0.01943,-0.00263,0.00074,0.00002,0.00000,0.52287,0.00083,0.22805,-0.00052,0.70683,0.00055,0.70738,1,3,0.99963,0.01054,0.00894,-0.02324,0.06051,0.08374,0.63068,0,1
1768333706.155859,0.01687,-0.00840,0.01222,-0.00066,0.00074,0.00026,0.52287,0.00083,0.22805,-0.00052,0.70683,0.00055,0.70738,1,3,0.99963,0.01054,0.00894,-0.02324,0.06051,0.08374,0.63068,0,1
1768333706.157870,0.02105,-0.00085,0.00446,-0.00057,0.00043,0.00025,0.52287,0.00083,0.22805,-0.00052,0.70683,0.00055,0.70738,1,3,0.99963,0.01054,0.00894,-0.02324,0.06051,0.08374,0.63068,0,1
1768333706.159858,0.00825,0.00257,0.00443,-0.00009,-0.00018,-0.00000,0.52287,0.00083,0.22805,-0.00052,0.70683,0.00055,0.70738,1,3,0.99963,0.01054,0.00894,-0.02324,0.06051,0.08374,0.63068,0,1
1768333706.161869,-0.00080,-0.02605,0.00529,0.00087,-0.00081,0.00002,0.52287,0.00083,0.22805,-0.00052,0.70683,0.00055,0.70738,1,3,0.99963,0.01054,0.00894,-0.02324,0.06051,0.08374,0.63068,0,1
1768333706.163854,0.01231,0.01409,-0.01869,-0.00039,0.00053,0.00024,0.52287,0.00083,0.22805,-0.00052,0.70683,0.00055,0.70738,1,3,0.99963,0.01054,0.00894,-0.02324,0.06051,0.08374,0.63068,0,1
1768333706.165943,0.00300,-0.00450,0.01201,0.00113,0.00013,-0.00040,0.52287,0.00083,0.22805,-0.00052,0.70683,0.00055,0.70738,1,3,0.99963,0.01054,0.00894,-0.02324,0.06051,0.08374,0.63068,0,1
1768333706.167874,0.02171,0.00453,0.01217,-0.00116,-0.00046,0.00053,0.52287,0.00083,0.22805,-0.00052,0.70683,0.00055,0.70739,1,3,0.99963,0.01054,0.00894,-0.02324,0.06051,0.08374,0.63068,0,1
1768333706.169873,0.02103,0.00925,0.01135,-0.00001,0.00066,-0.00082,0.52287,0.00083,0.22805,-0.00052,0.70683,0.00055,0.70739,1,3,0.99963,0.01054,0.00894,-0.02324,0.06051,0.08374,0.63068,0,1
1768333706.171872,0.00448,0.02032,0.03436,-0.00031,-0.00066,-0.00025,0.52287,0.00083,0.22805,-0.00052,0.70683,0.00055,0.70739,1,3,0.99963,0.01054,0.00894,-0.02324,0.06051,0.08374,0.63068,0,1
1768333706.173868,0.01543,-0.02170,-0.03338,0.00180,-0.00001,-0.00098,0.52287,0.00083,0.22805,-0.00052,0.70683,0.00055,0.70739,1,3,0.99963,0.01054,0.00894,-0.02324,0.06051,0.08374,0.63068,0,1
1768333706.175899,-0.01163,0.02503,0.02680,-0.00135,-0.00034,0.00003,0.52287,0.00083,0.22805,-0.00052,0.70683,0.00055,0.70739,1,3,0.99963,0.01054,0.00894,-0.02324,0.06051,0.08374,0.63068,0,1
1768333706.177891,0.01198,0.00036,0.01202,0.00054,-0.00035,-0.00014,0.52287,0.00083,0.22805,-0.00052,0.70683,0.00055,0.70739,1,3,0.99963,0.01054,0.00894,-0.02324,0.06051,0.08374,0.63068,0,1
1768333706.179886,-0.02252,0.03582,-0.03435,0.00118,-0.00035,-0.00028,0.52287,0.00083,0.22805,-0.00052,0.70683,0.00055,0.70739,1,3,0.99963,0.01054,0.00894,-0.02324,0.06051,0.08374,0.63068,0,1
1768333706.181884,0.01081,-0.00932,-0.03359,0.00195,0.00004,-0.00071,0.52287,0.00083,0.22805,-0.00052,0.70683,0.00055,0.70739,1,3,0.99963,0.01054,0.00894,-0.02324,0.06051,0.08374,0.63068,0,1
1768333706.183875,0.00402,0.00540,-0.03348,-0.00006,-0.00064,0.00011,0.52287,0.00083,0.22805,-0.00052,0.70683,0.00055,0.70739,1,3,0.99963,0.01054,0.00894,-0.02324,0.06051,0.08374,0.63068,0,1
1768333706.185893,0.03330,0.00696,0.00411,0.00018,-0.00011,-0.00017,0.52287,0.00083,0.22805,-0.00052,0.70683,0.00055,0.70739,1,3,0.99963,0.01054,0.00894,-0.02324,0.06051,0.08374,0.63068,0,1
1768333706.187898,-0.00462,0.01076,-0.01101,0.00045,-0.00055,-0.00041,0.52287,0.00083,0.22805,-0.00052,0.70683,0.00055,0.70739,1,3,0.99962,0.01024,0.00869,-0.02407,0.06051,0.08371,0.63051,0,1
1768333706.189870,0.02480,0.02124,0.00366,-0.00008,0.00074,-0.00016,0.52287,0.00083,0.22805,-0.00052,0.70683,0.00055,0.70739,1,3,0.99962,0.01024,0.00869,-0.02407,0.06051,0.08371,0.63051,0,1
1768333706.191865,0.02331,0.00541,0.02779,-0.00245,-0.00225,0.00095,0.52287,0.00083,0.22805,-0.00052,0.70683,0.00055,0.70739,1,3,0.99962,0.01024,0.00869,-0.02407,0.06051,0.08371,0.63051,0,1
1768333706.193870,0.02801,-0.01455,-0.01808,0.00145,-0.00041,-0.00017,0.52287,0.00083,0.22805,-0.00052,0.70683,0.00055,0.70739,1,3,0.99962,0.01024,0.00869,-0.02407,0.06051,0.08371,0.63051,0,1
1768333706.195895,0.00671,0.01229,0.01169,0.00112,0.00046,0.00013,0.52287,0.00083,0.22805,-0.00052,0.70683,0.00055,0.70739,1,3,0.99962,0.01024,0.00869,-0.02407,0.06051,0.08371,0.63051,0,1
1768333706.197934,0.00415,-0.01969,-0.00260,-0.00014,0.00001,0.00000,0.52287,0.00083,0.22805,-0.00052,0.70683,0.00055,0.70739,1,3,0.99962,0.01024,0.00869,-0.02407,0.06051,0.08371,0.63051,0,1
1768333706.199902,0.02436,-0.00977,0.02023,-0.00308,-0.00176,0.00014,0.52287,0.00083,0.22805,-0.00052,0.70683,0.00055,0.70739,1,3,0.99962,0.01024,0.00869,-0.02407,0.06051,0.08371,0.63051,0,1
1768333706.202139,0.01140,-0.01742,0.02797,-0.00295,-0.00096,0.00016,0.52287,0.00083,0.22805,-0.00052,0.70683,0.00055,0.70739,1,3,0.99962,0.01024,0.00869,-0.02407,0.06051,0.08371,0.63051,0,1
1768333706.203887,0.00186,-0.01926,-0.01789,0.00205,0.00029,-0.00001,0.52287,0.00083,0.22805,-0.00052,0.70683,0.00055,0.70739,1,3,0.99962,0.01024,0.00869,-0.02407,0.06051,0.08371,0.63051,0,1
1768333706.205898,0.00255,-0.01938,-0.03305,0.00139,0.00016,-0.00002,0.52287,0.00083,0.22805,-0.00052,0.70683,0.00055,0.70739,1,3,0.99962,0.01024,0.00869,-0.02407,0.06051,0.08371,0.63051,0,1
1768333706.207886,0.01675,0.00200,0.02693,-0.00010,0.00047,-0.00040,0.52287,0.00083,0.22805,-0.00052,0.70683,0.00055,0.70739,1,3,0.99962,0.01024,0.00869,-0.02407,0.06051,0.08371,0.63051,0,1
1768333706.209913,0.01672,-0.00253,0.00458,-0.00015,-0.00028,0.00012,0.52287,0.00083,0.22805,-0.00052,0.70683,0.00055,0.70739,1,3,0.99962,0.01024,0.00869,-0.02407,0.06051,0.08371,0.63051,0,1
1768333706.211967,-0.00688,-0.01751,0.04306,-0.00186,0.00014,0.00019,0.52287,0.00083,0.22805,-0.00052,0.70683,0.00055,0.70739,1,3,0.99962,0.01024,0.00869,-0.02407,0.06051,0.08371,0.63051,0,1
1768333706.213895,0.01775,-0.01721,0.02006,-0.00077,-0.00054,-0.00026,0.52287,0.00083,0.22805,-0.00052,0.70683,0.00055,0.70739,1,3,0.99962,0.01024,0.00869,-0.02407,0.06051,0.08371,0.63051,0,1
1768333706.215901,-0.00485,-0.02331,-0.02520,0.00091,-0.00102,-0.00027,0.52287,0.00083,0.22805,-0.00052,0.70683,0.00055,0.70739,1,3,0.99962,0.01024,0.00869,-0.02407,0.06051,0.08371,0.63051,0,1
1768333706.217890,-0.00427,0.01459,0.00421,-0.00060,0.00034,0.00027,0.52287,0.00083,0.22805,-0.00052,0.70683,0.00055,0.70739,1,3,0.99962,0.01024,0.00869,-0.02407,0.06051,0.08371,0.63051,0,1
1768333706.219887,0.00450,-0.00010,-0.01853,-0.00034,0.00024,-0.00056,0.52287,0.00083,0.22805,-0.00052,0.70683,0.00055,0.70739,1,3,0.99962,0.01024,0.00869,-0.02407,0.06051,0.08371,0.63051,0,1
1768333706.221891,0.01933,0.00723,0.01958,-0.00244,-0.00096,-0.00013,0.52287,0.00083,0.22805,-0.00052,0.70683,0.00055,0.70739,1,3,0.99963,0.01026,0.00871,-0.02381,0.06050,0.08373,0.63064,0,1
1768333706.223908,0.00700,-0.03164,-0.01746,0.00124,-0.00014,0.00012,0.52287,0.00083,0.22805,-0.00052,0.70683,0.00055,0.70739,1,3,0.99963,0.01026,0.00871,-0.02381,0.06050,0.08373,0.63064,0,1
1768333706.225898,0.00651,-0.02221,-0.01053,0.00179,0.00087,-0.00055,0.52287,0.00083,0.22805,-0.00052,0.70683,0.00055,0.70739,1,3,0.99963,0.01026,0.00871,-0.02381,0.06050,0.08373,0.63064,0,1
1768333706.227968,0.01897,0.00251,0.01995,-0.00227,-0.00132,0.00041,0.52287,0.00083,0.22805,-0.00052,0.70683,0.00055,0.70739,1,3,0.99963,0.01026,0.00871,-0.02381,0.06050,0.08373,0.63064,0,1
1768333706.230010,0.01458,-0.00924,0.04301,-0.00176,-0.00164,0.00017,0.52287,0.00083,0.22805,-0.00052,0.70683,0.00055,0.70739,1,3,0.99963,0.01026,0.00871,-0.02381,0.06050,0.08373,0.63064,0,1
1768333706.231896,-0.00225,-0.01520,0.02823,-0.00271,-0.00041,0.00111,0.52287,0.00083,0.22805,-0.00052,0.70683,0.00055,0.70739,1,3,0.99963,0.01026,0.00871,-0.02381,0.06050,0.08373,0.63064,0,1
1768333706.233913,0.02126,-0.01011,0.01217,-0.00024,-0.00008,-0.00028,0.52287,0.00083,0.22805,-0.00052,0.70683,0.00055,0.70739,1,3,0.99963,0.01026,0.00871,-0.02381,0.06050,0.08373,0.63064,0,1
1768333706.235911,0.01199,0.00020,-0.01802,0.00010,-0.00059,0.00065,0.52287,0.00083,0.22805,-0.00052,0.70683,0.00055,0.70739,1,3,0.99963,0.01026,0.00871,-0.02381,0.06050,0.08373,0.63064,0,1
1768333706.237913,0.00882,-0.01204,-0.02568,-0.00027,-0.00043,-0.00043,0.52287,0.00083,0.22805,-0.00052,0.70683,0.00055,0.70739,1,3,0.99963,0.01026,0.00871,-0.02381,0.06050,0.08373,0.63064,0,1
1768333706.239906,-0.00540,-0.03842,0.03601,0.00116,-0.00049,0.00018,0.52287,0.00083,0.22805,-0.00052,0.70683,0.00055,0.70739,1,3,0.99963,0.01026,0.00871,-0.02381,0.06050,0.08373,0.63064,0,1
1768333706.241931,0.01096,-0.01973,-0.01775,0.00117,0.00019,0.00038,0.52287,0.00083,0.22805,-0.00052,0.70683,0.00055,0.70739,1,3,0.99963,0.01026,0.00871,-0.02381,0.06050,0.08373,0.63064,0,1
1768333706.243935,0.01125,-0.01026,-0.00297,0.00085,0.00068,0.00012,0.52287,0.00083,0.22805,-0.00052,0.70683,0.00055,0.70739,1,3,0.99963,0.01026,0.00871,-0.02381,0.06050,0.08373,0.63064,0,1
1768333706.245920,-0.00200,-0.00678,-0.04859,0.00176,0.00008,-0.00017,0.52287,0.00083,0.22805,-0.00052,0.70683,0.00055,0.70739,1,3,0.99963,0.01026,0.00871,-0.02381,0.06050,0.08373,0.63064,0,1
1768333706.247910,0.02540,-0.01697,-0.00258,-0.00011,-0.00100,0.00012,0.52287,0.00083,0.22805,-0.00052,0.70683,0.00055,0.70739,1,3,0.99963,0.01026,0.00871,-0.02381,0.06050,0.08373,0.63064,0,1
1768333706.249913,0.00750,0.00817,-0.01090,0.00085,-0.00069,-0.00015,0.52287,0.00083,0.22805,-0.00052,0.70683,0.00055,0.70739,1,3,0.99963,0.01026,0.00871,-0.02381,0.06050,0.08373,0.63064,0,1
1768333706.251915,0.02548,-0.01306,0.01227,-0.00050,0.00026,-0.00001,0.52287,0.00083,0.22805,-0.00052,0.70683,0.00055,0.70739,1,3,0.99963,0.01026,0.00871,-0.02381,0.06050,0.08373,0.63064,0,1
1768333706.253925,0.00587,-0.01704,-0.04092,0.00229,0.00062,-0.00031,0.52287,0.00083,0.22805,-0.00052,0.70683,0.00055,0.70739,1,3,0.99963,0.01026,0.00871,-0.02381,0.06050,0.08373,0.63064,0,1
1768333706.255922,0.01509,-0.01420,0.01285,-0.00226,-0.00190,0.00028,0.52287,0.00083,0.22805,-0.00052,0.70683,0.00055,0.70739,1,3,0.99962,0.01038,0.00834,-0.02413,0.06049,0.08373,0.63063,0,1
1768333706.257934,-0.01059,-0.01703,-0.02531,0.00142,0.00058,0.00053,0.52287,0.00083,0.22805,-0.00052,0.70683,0.00055,0.70739,1,3,0.99962,0.01038,0.00834,-0.02413,0.06049,0.08373,0.63063,0,1
1768333706.259915,-0.00989,0.00783,0.00422,0.00107,0.00041,-0.00013,0.52287,0.00083,0.22805,-0.00052,0.70683,0.00055,0.70739,1,3,0.99962,0.01038,0.00834,-0.02413,0.06049,0.08373,0.63063,0,1
1768333706.261918,0.00390,-0.00987,0.00496,-0.00024,-0.00011,0.00054,0.52287,0.00083,0.22805,-0.00052,0.70683,0.00055,0.70739,1,3,0.99962,0.01038,0.00834,-0.02413,0.06049,0.08373,0.63063,0,1
1768333706.263914,0.00677,-0.00878,0.00534,-0.00241,-0.00243,0.00055,0.52287,0.00083,0.22805,-0.00052,0.70683,0.00055,0.70739,1,3,0.99962,0.01038,0.00834,-0.02413,0.06049,0.08373,0.63063,0,1
1768333706.265939,0.00338,-0.00979,0.01976,0.00063,0.00039,-0.00025,0.52287,0.00083,0.22805,-0.00052,0.70683,0.00055,0.70739,1,3,0.99962,0.01038,0.00834,-0.02413,0.06049,0.08373,0.63063,0,1
1768333706.267963,0.00178,-0.01948,-0.03312,0.00205,0.00055,-0.00003,0.52287,0.00083,0.22805,-0.00052,0.70683,0.00055,0.70739,1,3,0.99962,0.01038,0.00834,-0.02413,0.06049,0.08373,0.63063,0,1
1768333706.269935,-0.00030,0.01742,-0.01131,0.00009,0.00016,-0.00042,0.52287,0.00083,0.22805,-0.00052,0.70683,0.00055,0.70739,1,3,0.99962,0.01038,0.00834,-0.02413,0.06049,0.08373,0.63063,0,1
1768333706.271931,0.00331,0.01464,-0.01086,0.00006,0.00013,0.00066,0.52287,0.00083,0.22805,-0.00052,0.70683,0.00055,0.70739,1,3,0.99962,0.01038,0.00834,-0.02413,0.06049,0.08373,0.63063,0,1
1768333706.273920,0.00683,0.00279,-0.01861,0.00144,0.00021,-0.00043,0.52287,0.00083,0.22805,-0.00052,0.70683,0.00055,0.70739,1,3,0.99962,0.01038,0.00834,-0.02413,0.06049,0.08373,0.63063,0,1
1768333706.275923,0.00608,0.01981,0.01198,-0.00228,-0.00105,0.00055,0.52287,0.00083,0.22805,-0.00052,0.70683,0.00055,0.70739,1,3,0.99962,0.01038,0.00834,-0.02413,0.06049,0.08373,0.63063,0,1
1768333706.277926,0.01523,0.00966,-0.01061,-0.00284,-0.00115,0.00039,0.52287,0.00083,0.22805,-0.00052,0.70683,0.00055,0.70739,1,3,0.99962,0.01038,0.00834,-0.02413,0.06049,0.08373,0.63063,0,1
1768333706.279941,0.01213,0.02422,-0.01144,-0.00005,0.00039,-0.00003,0.52287,0.00083,0.22805,-0.00052,0.70683,0.00055,0.70739,1,3,0.99962,0.01038,0.00834,-0.02413,0.06049,0.08373,0.63063,0,1
1768333706.281958,-0.00768,0.00218,-0.01832,-0.00119,0.00039,-0.00000,0.52287,0.00083,0.22805,-0.00052,0.70683,0.00055,0.70739,1,3,0.99962,0.01038,0.00834,-0.02413,0.06049,0.08373,0.63063,0,1
1768333706.283922,0.02118,0.00457,0.00418,-0.00028,0.00004,-0.00029,0.52287,0.00083,0.22805,-0.00052,0.70683,0.00055,0.70739,1,3,0.99962,0.01038,0.00834,-0.02413,0.06049,0.08373,0.63063,0,1
1768333706.285923,0.01222,0.02430,-0.00346,-0.00048,-0.00011,0.00079,0.52287,0.00083,0.22805,-0.00052,0.70683,0.00055,0.70739,1,3,0.99962,0.01038,0.00834,-0.02413,0.06049,0.08373,0.63063,0,1
1768333706.287932,0.00020,-0.01666,0.02770,-0.00010,-0.00046,-0.00024,0.52287,0.00083,0.22805,-0.00052,0.70683,0.00055,0.70739,1,3,0.99961,0.01041,0.00862,-0.02439,0.06049,0.08372,0.63055,0,1
1768333706.289965,-0.00054,0.01238,0.01181,0.00003,0.00017,0.00014,0.52287,0.00083,0.22805,-0.00052,0.70683,0.00055,0.70739,1,3,0.99961,0.01041,0.00862,-0.02439,0.06049,0.08372,0.63055,0,1
1768333706.291931,0.01508,-0.00799,-0.05619,0.00109,0.00077,0.00021,0.52287,0.00083,0.22805,-0.00052,0.70683,0.00055,0.70739,1,3,0.99961,0.01041,0.00862,-0.02439,0.06049,0.08372,0.63055,0,1
1768333706.293968,-0.01478,-0.02806,0.00510,0.00238,-0.00027,-0.00051,0.52287,0.00083,0.22805,-0.00052,0.70683,0.00055,0.70739,1,3,0.99961,0.01041,0.00862,-0.02439,0.06049,0.08372,0.63055,0,1
1768333706.295937,-0.00431,0.00524,0.01207,-0.00028,-0.00016,0.00015,0.52287,0.00083,0.22805,-0.00052,0.70683,0.00055,0.70739,1,3,0.99961,0.01041,0.00862,-0.02439,0.06049,0.08372,0.63055,0,1
1768333706.297949,-0.00214,-0.01710,-0.03311,0.00164,0.00060,0.00011,0.52287,0.00083,0.22805,-0.00052,0.70683,0.00055,0.70739,1,3,0.99961,0.01041,0.00862,-0.02439,0.06049,0.08372,0.63055,0,1
1768333706.300040,-0.01720,-0.00729,-0.00259,-0.00043,0.00027,0.00069,0.52287,0.00083,0.22805,-0.00052,0.70683,0.00055,0.70739,1,3,0.99961,0.01041,0.00862,-0.02439,0.06049,0.08372,0.63055,0,1
1768333706.301959,0.01771,0.02172,0.01144,-0.00117,-0.00006,-0.00015,0.52287,0.00083,0.22805,-0.00052,0.70683,0.00055,0.70739,1,3,0.99961,0.01041,0.00862,-0.02439,0.06049,0.08372,0.63055,0,1
1768333706.303948,0.00432,-0.02841,-0.00240,0.00041,-0.00113,-0.00053,0.52287,0.00083,0.22805,-0.00052,0.70683,0.00055,0.70739,1,3,0.99961,0.01041,0.00862,-0.02439,0.06049,0.08372,0.63055,0,1
1768333706.305956,-0.00475,0.01038,0.03467,0.00022,-0.00016,0.00003,0.52287,0.00083,0.22805,-0.00052,0.70683,0.00055,0.70739,1,3,0.99961,0.01041,0.00862,-0.02439,0.06049,0.08372,0.63055,0,1
1768333706.307949,0.00349,0.00467,0.01193,0.00015,0.00051,0.00014,0.52287,0.00083,0.22805,-0.00052,0.70683,0.00055,0.70739,1,3,0.99961,0.01041,0.00862,-0.02439,0.06049,0.08372,0.63055,0,1
1768333706.309958,0.01224,0.01399,0.00389,-0.00017,0.00090,-0.00015,0.52287,0.00083,0.22805,-0.00052,0.70683,0.00055,0.70739,1,3,0.99961,0.01041,0.00862,-0.02439,0.06049,0.08372,0.63055,0,1
1768333706.311946,0.00812,-0.01196,-0.03332,0.00039,-0.00030,-0.00043,0.52287,0.00083,0.22805,-0.00052,0.70683,0.00055,0.70739,1,3,0.99961,0.01041,0.00862,-0.02439,0.06049,0.08372,0.63055,0,1
1768333706.313968,0.00400,-0.01379,0.01254,0.00037,-0.00101,-0.00012,0.52287,0.00083,0.22805,-0.00052,0.70683,0.00055,0.70739,1,3,0.99961,0.01041,0.00862,-0.02439,0.06049,0.08372,0.63055,0,1
1768333706.315969,0.01238,-0.02404,-0.01012,0.00046,-0.00072,-0.00028,0.52287,0.00083,0.22805,-0.00052,0.70683,0.00055,0.70739,1,3,0.99961,0.01041,0.00862,-0.02439,0.06049,0.08372,0.63055,0,1
1768333706.317963,0.02114,0.00873,-0.01873,-0.00067,0.00080,-0.00004,0.52287,0.00083,0.22805,-0.00052,0.70683,0.00055,0.70739,1,3,0.99961,0.01041,0.00862,-0.02439,0.06049,0.08372,0.63055,0,1
1768333706.319950,-0.00562,-0.04655,0.05917,-0.00265,-0.00086,0.00021,0.52287,0.00083,0.22805,-0.00052,0.70683,0.00055,0.70739,1,3,0.99961,0.01041,0.00862,-0.02439,0.06049,0.08372,0.63055,0,1
1768333706.321961,0.00357,-0.01013,-0.01789,-0.00002,0.00028,0.00052,0.52287,0.00083,0.22805,-0.00052,0.70683,0.00055,0.70739,1,3,0.99961,0.01041,0.00862,-0.02439,0.06049,0.08372,0.63055,0,1
1768333706.323960,0.00437,-0.01410,0.02012,-0.00007,-0.00076,-0.00011,0.52287,0.00083,0.22805,-0.00052,0.70683,0.00055,0.70739,1,3,0.99964,0.01030,0.00849,-0.02331,0.06051,0.08373,0.63067,0,1
1768333706.325964,0.01527,-0.01664,-0.01042,0.00164,-0.00038,-0.00029,0.52287,0.00083,0.22805,-0.00052,0.70683,0.00055,0.70739,1,3,0.99964,0.01030,0.00849,-0.02331,0.06051,0.08373,0.63067,0,1
1768333706.327980,0.00517,-0.02194,-0.04837,0.00289,0.00076,-0.00018,0.52287,0.00083,0.22805,-0.00052,0.70683,0.00055,0.70739,1,3,0.99964,0.01030,0.00849,-0.02331,0.06051,0.08373,0.63067,0,1
1768333706.329978,-0.01071,-0.01655,-0.01802,0.00208,0.00044,-0.00027,0.52287,0.00083,0.22805,-0.00052,0.70683,0.00055,0.70739,1,3,0.99964,0.01030,0.00849,-0.02331,0.06051,0.08373,0.63067,0,1
1768333706.331976,-0.00068,0.00701,0.00432,-0.00004,0.00069,0.00027,0.52287,0.00083,0.22805,-0.00052,0.70683,0.00055,0.70739,1,3,0.99964,0.01030,0.00849,-0.02331,0.06051,0.08373,0.63067,0,1
1768333706.333977,0.00401,-0.01017,-0.00285,-0.00024,0.00039,0.00013,0.52287,0.00083,0.22805,-0.00052,0.70683,0.00055,0.70739,1,3,0.99964,0.01030,0.00849,-0.02331,0.06051,0.08373,0.63067,0,1
1768333706.335973,0.00793,-0.00182,-0.02607,0.00073,-0.00044,-0.00070,0.52287,0.00083,0.22805,-0.00052,0.70683,0.00055,0.70739,1,3,0.99964,0.01030,0.00849,-0.02331,0.06051,0.08373,0.63067,0,1
1768333706.337972,0.00345,0.00022,0.00459,0.00032,-0.00012,0.00027,0.52287,0.00083,0.22805,-0.00052,0.70683,0.00055,0.70739,1,3,0.99964,0.01030,0.00849,-0.02331,0.06051,0.08373,0.63067,0,1
1768333706.339972,0.00749,0.00324,-0.01849,0.00101,-0.00056,-0.00043,0.52287,0.00083,0.22805,-0.00052,0.70683,0.00055,0.70739,1,3,0.99964,0.01030,0.00849,-0.02331,0.06051,0.08373,0.63067,0,1
1768333706.341974,-0.01390,0.00144,-0.00319,0.00142,-0.00056,-0.00053,0.52287,0.00083,0.22805,-0.00052,0.70683,0.00055,0.70739,1,3,0.99964,0.01030,0.00849,-0.02331,0.06051,0.08373,0.63067,0,1
1768333706.343982,0.03086,-0.01546,-0.00282,-0.00140,-0.00031,-0.00016,0.52287,0.00083,0.22805,-0.00052,0.70683,0.00055,0.70739,1,3,0.99964,0.01030,0.00849,-0.02331,0.06051,0.08373,0.63067,0,1
1768333706.345984,-0.00963,-0.02192,-0.00263,0.00092,0.00056,-0.00012,0.52287,0.00083,0.22805,-0.00052,0.70683,0.00055,0.70739,1,3,0.99964,0.01030,0.00849,-0.02331,0.06051,0.08373,0.63067,0,1
1768333706.348057,0.00391,-0.01485,0.00514,-0.00030,-0.00010,0.00068,0.52287,0.00083,0.22805,-0.00052,0.70683,0.00055,0.70739,1,3,0.99964,0.01030,0.00849,-0.02331,0.06051,0.08373,0.63067,0,1
1768333706.349988,0.01317,0.00452,0.01199,-0.00094,0.00001,0.00013,0.52287,0.00083,0.22805,-0.00052,0.70683,0.00055,0.70739,1,3,0.99964,0.01030,0.00849,-0.02331,0.06051,0.08373,0.63067,0,1
1768333706.351969,0.00843,-0.00253,-0.01077,-0.00015,0.00007,-0.00028,0.52287,0.00083,0.22805,-0.00052,0.70683,0.00055,0.70739,1,3,0.99964,0.01030,0.00849,-0.02331,0.06051,0.08373,0.63067,0,1
1768333706.353994,-0.00097,-0.00157,-0.02605,0.00117,-0.00033,-0.00069,0.52287,0.00083,0.22805,-0.00052,0.70683,0.00055,0.70739,1,3,0.99964,0.01030,0.00849,-0.02331,0.06051,0.08373,0.63067,0,1
1768333706.356002,0.01038,-0.01761,0.02804,-0.00230,-0.00056,0.00056,0.52287,0.00083,0.22805,-0.00052,0.70683,0.00055,0.70739,1,3,0.99962,0.01047,0.00867,-0.02397,0.06051,0.08373,0.63063,0,1
1768333706.358005,0.00092,-0.01236,-0.00290,-0.00093,0.00004,-0.00040,0.52287,0.00083,0.22805,-0.00052,0.70683,0.00055,0.70739,1,3,0.99962,0.01047,0.00867,-0.02397,0.06051,0.08373,0.63063,0,1
1768333706.360002,0.00396,-0.00457,0.00447,0.00026,-0.00013,-0.00040,0.52287,0.00083,0.22805,-0.00052,0.70683,0.00055,0.70739,1,3,0.99962,0.01047,0.00867,-0.02397,0.06051,0.08373,0.63063,0,1
1768333706.361998,0.00807,-0.01714,0.00498,0.00011,-0.00016,0.00014,0.52287,0.00083,0.22805,-0.00052,0.70683,0.00055,0.70739,1,3,0.99962,0.01047,0.00867,-0.02397,0.06051,0.08373,0.63063,0,1
1768333706.364009,0.02095,0.01018,-0.01093,0.00000,-0.00085,-0.00003,0.52287,0.00083,0.22805,-0.00052,0.70683,0.00055,0.70739,1,3,0.99962,0.01047,0.00867,-0.02397,0.06051,0.08373,0.63063,0,1
1768333706.366075,0.02561,0.01706,-0.01117,-0.00057,-0.00053,-0.00004,0.52287,0.00083,0.22805,-0.00052,0.70683,0.00055,0.70739,1,3,0.99962,0.01047,0.00867,-0.02397,0.06051,0.08373,0.63063,0,1
1768333706.368001,-0.00493,-0.02425,0.00520,0.00046,0.00000,0.00015,0.52287,0.00083,0.22805,-0.00052,0.70683,0.00055,0.70739,1,3,0.99962,0.01047,0.00867,-0.02397,0.06051,0.08373,0.63063,0,1
1768333706.370015,-0.00900,0.01242,-0.00319,-0.00019,0.00015,0.00054,0.52287,0.00083,0.22805,-0.00052,0.70683,0.00055,0.70739,1,3,0.99962,0.01047,0.00867,-0.02397,0.06051,0.08373,0.63063,0,1
1768333706.372018,0.02077,0.01903,-0.00388,-0.00011,0.00054,-0.00030,0.52287,0.00083,0.22805,-0.00052,0.70683,0.00055,0.70739,1,3,0.99962,0.01047,0.00867,-0.02397,0.06051,0.08373,0.63063,0,1
1768333706.374010,0.00609,-0.01157,-0.05601,0.00214,-0.00027,-0.00005,0.52287,0.00083,0.22805,-0.00052,0.70683,0.00055,0.70739,1,3,0.99962,0.01047,0.00867,-0.02397,0.06051,0.08373,0.63063,0,1
1768333706.376043,0.02125,0.00965,-0.01858,-0.00044,-0.00034,-0.00004,0.52287,0.00083,0.22805,-0.00052,0.70683,0.00055,0.70739,1,3,0.99962,0.01047,0.00867,-0.02397,0.06051,0.08373,0.63063,0,1
1768333706.378025,-0.00010,0.00226,-0.01061,-0.00053,0.00018,0.00040,0.52287,0.00083,0.22805,-0.00052,0.70683,0.00055,0.70739,1,3,0.99962,0.01047,0.00867,-0.02397,0.06051,0.08373,0.63063,0,1
1768333706.380002,-0.00017,0.01204,-0.00341,-0.00041,0.00042,0.00013,0.52287,0.00083,0.22805,-0.00052,0.70683,0.00055,0.70739,1,3,0.99962,0.01047,0.00867,-0.02397,0.06051,0.08373,0.63063,0,1
1768333706.382018,0.00814,-0.00198,0.01967,0.00029,-0.00044,-0.00026,0.52287,0.00083,0.22805,-0.00052,0.70683,0.00055,0.70739,1,3,0.99962,0.01047,0.00867,-0.02397,0.06051,0.08373,0.63063,0,1
1768333706.384003,0.01290,-0.00547,-0.02583,-0.00062,0.00028,-0.00003,0.52287,0.00083,0.22805,-0.00052,0.70683,0.00055,0.70739,1,3,0.99962,0.01047,0.00867,-0.02397,0.06051,0.08373,0.63063,0,1
1768333706.386025,-0.00073,-0.00719,0.01961,0.00066,0.00043,-0.00052,0.52287,0.00083,0.22805,-0.00052,0.70683,0.00055,0.70739,1,3,0.99962,0.01047,0.00867,-0.02397,0.06051,0.08373,0.63063,0,1
1768333706.388028,0.00801,-0.01650,-0.01807,0.00077,-0.00055,-0.00069,0.52287,0.00083,0.22805,-0.00052,0.70683,0.00055,0.70739,1,3,0.99962,0.01047,0.00867,-0.02397,0.06051,0.08373,0.63063,0,1
1768333706.390044,0.01078,-0.00884,-0.03334,0.00196,-0.00071,-0.00030,0.52287,0.00083,0.22805,-0.00052,0.70683,0.00055,0.70739,1,3,0.99964,0.01036,0.00823,-0.02333,0.06050,0.08373,0.63062,0,1
1768333706.392030,0.00059,0.00231,0.00427,-0.00075,0.00028,-0.00040,0.52287,0.00083,0.22805,-0.00052,0.70683,0.00055,0.70739,1,3,0.99964,0.01036,0.00823,-0.02333,0.06050,0.08373,0.63062,0,1
1768333706.394018,0.00204,-0.02442,-0.02532,0.00177,0.00043,0.00012,0.52287,0.00083,0.22805,-0.00052,0.70683,0.00055,0.70739,1,3,0.99964,0.01036,0.00823,-0.02333,0.06050,0.08373,0.63062,0,1
1768333706.396012,0.00364,0.00005,-0.00302,0.00010,0.00001,0.00026,0.52287,0.00083,0.22805,-0.00052,0.70683,0.00055,0.70739,1,3,0.99964,0.01036,0.00823,-0.02333,0.06050,0.08373,0.63062,0,1
1768333706.398038,0.00393,-0.00047,-0.01067,-0.00034,0.00051,0.00026,0.52287,0.00083,0.22805,-0.00052,0.70683,0.00055,0.70739,1,3,0.99964,0.01036,0.00823,-0.02333,0.06050,0.08373,0.63062,0,1
1768333706.400012,0.00999,-0.01471,-0.03318,0.00211,0.00045,0.00023,0.52287,0.00083,0.22805,-0.00052,0.70683,0.00055,0.70739,1,3,0.99964,0.01036,0.00823,-0.02333,0.06050,0.08373,0.63062,0,1
1768333706.402020,-0.01100,-0.02844,0.05089,-0.00112,-0.00108,-0.00047,0.52287,0.00083,0.22805,-0.00052,0.70683,0.00055,0.70739,1,3,0.99964,0.01036,0.00823,-0.02333,0.06050,0.08373,0.63062,0,1
1768333706.404026,-0.00438,0.00996,0.00444,-0.00044,-0.00003,0.00041,0.52287,0.00083,0.22805,-0.00052,0.70683,0.00055,0.70739,1,3,0.99964,0.01036,0.00823,-0.02333,0.06050,0.08373,0.63062,0,1
1768333706.406019,0.00891,-0.00690,-0.00287,-0.00042,-0.00082,-0.00014,0.52287,0.00083,0.22805,-0.00052,0.70683,0.00055,0.70739,1,3,0.99964,0.01036,0.00823,-0.02333,0.06050,0.08373,0.63062,0,1
1768333706.408011,0.00357,-0.01013,-0.01789,-0.00002,0.00028,0.00052,0.52287,0.00083,0.22805,-0.00052,0.70683,0.00055,0.70739,1,3,0.99964,0.01036,0.00823,-0.02333,0.06050,0.08373,0.63062,0,1
1768333706.410028,0.00312,-0.00003,-0.01826,0.00053,0.00027,0.00025,0.52287,0.00083,0.22805,-0.00052,0.70683,0.00055,0.70739,1,3,0.99964,0.01036,0.00823,-0.02333,0.06050,0.08373,0.63062,0,1
1768333706.412040,-0.00212,-0.02459,0.03573,-0.00217,-0.00054,0.00018,0.52287,0.00083,0.22805,-0.00052,0.70683,0.00055,0.70739,1,3,0.99964,0.01036,0.00823,-0.02333,0.06050,0.08373,0.63062,0,1
1768333706.414047,-0.00405,-0.00463,0.01228,-0.00040,-0.00016,0.00002,0.52287,0.00083,0.22805,-0.00052,0.70683,0.00055,0.70739,1,3,0.99964,0.01036,0.00823,-0.02333,0.06050,0.08373,0.63062,0,1
1768333706.416047,0.00347,-0.01889,-0.02531,0.00074,-0.00074,-0.00001,0.52287,0.00083,0.22805,-0.00052,0.70683,0.00055,0.70739,1,3,0.99964,0.01036,0.00823,-0.02333,0.06050,0.08373,0.63062,0,1
1768333706.418046,0.00248,-0.01956,-0.02549,0.00139,0.00041,-0.00002,0.52287,0.00083,0.22805,-0.00052,0.70683,0.00055,0.70739,1,3,0.99964,0.01036,0.00823,-0.02333,0.06050,0.08373,0.63062,0,1
1768333706.420029,-0.01360,-0.02394,-0.01772,0.00090,0.00010,-0.00026,0.52287,0.00083,0.22805,-0.00052,0.70683,0.00055,0.70739,1,3,0.99964,0.01036,0.00823,-0.02333,0.06050,0.08373,0.63062,0,1
1768333706.422033,-0.00469,-0.00428,0.01211,0.00048,-0.00015,-0.00039,0.52287,0.00083,0.22805,-0.00052,0.70683,0.00055,0.70739,1,3,0.99964,0.01036,0.00823,-0.02333,0.06050,0.08373,0.63062,0,1
1768333706.424031,0.00112,-0.01757,-0.00256,-0.00143,0.00005,0.00014,0.52287,0.00083,0.22805,-0.00052,0.70683,0.00055,0.70739,1,3,0.99964,0.01036,0.00823,-0.02333,0.06050,0.08373,0.63062,0,1
1768333706.426052,0.01487,-0.01220,-0.01035,0.00148,0.00001,0.00038,0.52287,0.00083,0.22805,-0.00052,0.70683,0.00055,0.70739,1,3,0.99963,0.01050,0.00812,-0.02382,0.06050,0.08374,0.63066,0,1
1768333706.428052,0.00235,-0.00430,-0.04876,0.00179,0.00002,-0.00044,0.52287,0.00083,0.22805,-0.00052,0.70683,0.00055,0.70739,1,3,0.99963,0.01050,0.00812,-0.02382,0.06050,0.08374,0.63066,0,1
1768333706.430071,0.02070,0.00518,0.00442,0.00016,-0.00071,0.00012,0.52287,0.00083,0.22805,-0.00052,0.70683,0.00055,0.70739,1,3,0.99963,0.01050,0.00812,-0.02382,0.06050,0.08374,0.63066,0,1
1768333706.432060,-0.00237,0.00353,-0.03373,0.00232,-0.00019,-0.00043,0.52287,0.00083,0.22805,-0.00052,0.70683,0.00055,0.70739,1,3,0.99963,0.01050,0.00812,-0.02382,0.06050,0.08374,0.63066,0,1
1768333706.434054,0.01044,-0.01245,0.02030,-0.00224,-0.00082,0.00042,0.52287,0.00083,0.22805,-0.00052,0.70683,0.00055,0.70739,1,3,0.99963,0.01050,0.00812,-0.02382,0.06050,0.08374,0.63066,0,1
1768333706.436071,0.00411,-0.00933,-0.01772,-0.00023,-0.00087,0.00053,0.52287,0.00083,0.22805,-0.00052,0.70683,0.00055,0.70739,1,3,0.99963,0.01050,0.00812,-0.02382,0.06050,0.08374,0.63066,0,1
1768333706.438071,0.01306,-0.00504,0.00462,-0.00062,-0.00023,-0.00000,0.52287,0.00083,0.22805,-0.00052,0.70683,0.00055,0.70739,1,3,0.99963,0.01050,0.00812,-0.02382,0.06050,0.08374,0.63066,0,1
1768333706.440068,0.01993,-0.00247,0.02761,-0.00299,-0.00146,0.00015,0.52287,0.00083,0.22805,-0.00052,0.70683,0.00055,0.70739,1,3,0.99963,0.01050,0.00812,-0.02382,0.06050,0.08374,0.63066,0,1
1768333706.442061,0.00165,-0.01116,0.05827,-0.00135,-0.00174,0.00006,0.52287,0.00083,0.22805,-0.00052,0.70683,0.00055,0.70739,1,3,0.99963,0.01050,0.00812,-0.02382,0.06050,0.08374,0.63066,0,1
1768333706.444062,-0.00193,-0.01141,-0.02593,0.00214,0.00007,-0.00082,0.52287,0.00083,0.22805,-0.00052,0.70683,0.00055,0.70739,1,3,0.99963,0.01050,0.00812,-0.02382,0.06050,0.08374,0.63066,0,1
1768333706.446060,0.01555,-0.01434,0.04342,-0.00291,-0.00202,0.00071,0.52287,0.00083,0.22805,-0.00052,0.70683,0.00055,0.70739,1,3,0.99963,0.01050,0.00812,-0.02382,0.06050,0.08374,0.63066,0,1
1768333706.448057,-0.00497,0.00969,-0.00324,-0.00000,0.00049,0.00040,0.52287,0.00083,0.22805,-0.00052,0.70683,0.00055,0.70739,1,3,0.99963,0.01050,0.00812,-0.02382,0.06050,0.08374,0.63066,0,1
1768333706.450050,0.00381,0.01483,-0.01116,0.00006,0.00011,-0.00015,0.52287,0.00083,0.22805,-0.00052,0.70683,0.00055,0.70739,1,3,0.99963,0.01050,0.00812,-0.02382,0.06050,0.08374,0.63066,0,1
1768333706.452054,-0.00240,-0.01714,-0.04073,0.00186,0.00073,0.00011,0.52287,0.00083,0.22805,-0.00052,0.70683,0.00055,0.70739,1,3,0.99963,0.01050,0.00812,-0.02382,0.06050,0.08374,0.63066,0,1
1768333706.454069,0.00319,-0.00475,-0.01062,0.00070,0.00014,-0.00001,0.52287,0.00083,0.22805,-0.00052,0.70683,0.00055,0.70739,1,3,0.99963,0.01050,0.00812,-0.02382,0.06050,0.08374,0.63066,0,1
1768333706.456067,0.00114,-0.00689,-0.01799,-0.00108,-0.00085,-0.00014,0.52287,0.00083,0.22805,-0.00052,0.70683,0.00055,0.70739,1,3,0.99957,0.01020,0.00981,-0.02556,0.06047,0.08369,0.63033,0,1
1768333706.458068,0.00866,0.01668,0.01898,-0.00057,0.00068,-0.00040,0.52287,0.00083,0.22805,-0.00052,0.70683,0.00055,0.70739,1,3,0.99957,0.01020,0.00981,-0.02556,0.06047,0.08369,0.63033,0,1
1768333706.460075,0.01169,0.02928,-0.00386,0.00024,0.00027,0.00025,0.52287,0.00083,0.22805,-0.00052,0.70683,0.00055,0.70739,1,3,0.99957,0.01020,0.00981,-0.02556,0.06047,0.08369,0.63033,0,1
1768333706.462095,-0.01411,0.01069,-0.01091,0.00110,-0.00004,0.00000,0.52287,0.00083,0.22805,-0.00052,0.70683,0.00055,0.70739,1,3,0.99957,0.01020,0.00981,-0.02556,0.06047,0.08369,0.63033,0,1
1768333706.464095,0.00854,0.00703,-0.00340,-0.00047,0.00032,-0.00015,0.52287,0.00083,0.22805,-0.00052,0.70683,0.00055,0.70739,1,3,0.99957,0.01020,0.00981,-0.02556,0.06047,0.08369,0.63033,0,1
1768333706.466075,-0.00588,-0.00073,0.01216,0.00053,0.00140,0.00068,0.52287,0.00083,0.22805,-0.00052,0.70683,0.00055,0.70739,1,3,0.99957,0.01020,0.00981,-0.02556,0.06047,0.08369,0.63033,0,1
1768333706.468085,-0.01333,-0.00897,0.01992,0.00064,-0.00017,-0.00024,0.52287,0.00083,0.22805,-0.00052,0.70683,0.00055,0.70739,1,3,0.99957,0.01020,0.00981,-0.02556,0.06047,0.08369,0.63033,0,1
1768333706.470096,0.01448,-0.00531,0.03542,-0.00237,-0.00075,0.00083,0.52287,0.00083,0.22805,-0.00052,0.70683,0.00055,0.70739,1,3,0.99957,0.01020,0.00981,-0.02556,0.06047,0.08369,0.63033,0,1
1768333706.472088,0.01635,-0.00219,0.01979,0.00029,-0.00053,0.00014,0.52287,0.00083,0.22805,-0.00052,0.70683,0.00055,0.70739,1,3,0.99957,0.01020,0.00981,-0.02556,0.06047,0.08369,0.63033,0,1
1768333706.474089,0.00406,0.00985,-0.02615,-0.00022,-0.00001,-0.00003,0.52287,0.00083,0.22805,-0.00052,0.70683,0.00055,0.70739,1,3,0.99957,0.01020,0.00981,-0.02556,0.06047,0.08369,0.63033,0,1
1768333706.476097,0.01227,0.00482,0.00419,0.00016,0.00014,-0.00028,0.52287,0.00083,0.22805,-0.00052,0.70683,0.00055,0.70739,1,3,0.99957,0.01020,0.00981,-0.02556,0.06047,0.08369,0.63033,0,1
1768333706.478181,0.02008,-0.01207,0.01285,-0.00311,-0.00196,0.00041,0.52287,0.00083,0.22805,-0.00052,0.70683,0.00055,0.70739,1,3,0.99957,0.01020,0.00981,-0.02556,0.06047,0.08369,0.63033,0,1
1768333706.480172,-0.00557,-0.01402,-0.01035,0.00124,-0.00013,-0.00013,0.52287,0.00083,0.22805,-0.00052,0.70683,0.00055,0.70739,1,3,0.99957,0.01020,0.00981,-0.02556,0.06047,0.08369,0.63033,0,1
1768333706.482097,0.00647,-0.00197,-0.04102,0.00160,-0.00015,0.00010,0.52287,0.00083,0.22805,-0.00052,0.70683,0.00055,0.70739,1,3,0.99957,0.01020,0.00981,-0.02556,0.06047,0.08369,0.63033,0,1
1768333706.484083,0.00229,-0.01444,-0.04085,0.00167,0.00029,-0.00017,0.52287,0.00083,0.22805,-0.00052,0.70683,0.00055,0.70739,1,3,0.99957,0.01020,0.00981,-0.02556,0.06047,0.08369,0.63033,0,1
1768333706.486090,0.01122,-0.00407,-0.04852,0.00136,-0.00084,-0.00005,0.52287,0.00083,0.22805,-0.00052,0.70683,0.00055,0.70739,1,3,0.99957,0.01020,0.00981,-0.02556,0.06047,0.08369,0.63033,0,1
1768333706.488090,-0.01078,-0.02171,-0.01028,0.00202,0.00070,-0.00013,0.52287,0.00083,0.22805,-0.00052,0.70683,0.00055,0.70739,1,3,0.99957,0.01020,0.00981,-0.02556,0.06047,0.08369,0.63033,0,1
1768333706.490098,-0.00224,-0.01672,-0.01028,0.00186,0.00022,0.00013,0.52287,0.00083,0.22805,-0.00052,0.70683,0.00055,0.70739,1,3,0.99962,0.01044,0.00887,-0.02391,0.06049,0.08372,0.63060,0,1
1768333706.492112,0.00237,-0.01423,-0.02562,0.00167,0.00003,-0.00015,0.52287,0.00083,0.22805,-0.00052,0.70683,0.00055,0.70739,1,3,0.99962,0.01044,0.00887,-0.02391,0.06049,0.08372,0.63060,0,1
1768333706.494124,-0.00246,-0.00733,-0.01074,0.00197,0.00097,-0.00014,0.52287,0.00083,0.22805,-0.00052,0.70683,0.00055,0.70739,1,3,0.99962,0.01044,0.00887,-0.02391,0.06049,0.08372,0.63060,0,1
1768333706.496112,0.01551,-0.00667,-0.02594,0.00155,-0.00052,-0.00057,0.52287,0.00083,0.22805,-0.00052,0.70683,0.00055,0.70739,1,3,0.99962,0.01044,0.00887,-0.02391,0.06049,0.08372,0.63060,0,1
1768333706.498102,0.00668,-0.01956,0.04336,-0.00254,-0.00116,0.00045,0.52287,0.00083,0.22805,-0.00052,0.70683,0.00055,0.70739,1,3,0.99962,0.01044,0.00887,-0.02391,0.06049,0.08372,0.63060,0,1
1768333706.500110,-0.00833,0.00678,0.02695,-0.00070,0.00115,-0.00011,0.52287,0.00083,0.22805,-0.00052,0.70683,0.00055,0.70739,1,3,0.99962,0.01044,0.00887,-0.02391,0.06049,0.08372,0.63060,0,1
1768333706.502108,0.00861,0.01721,0.01147,-0.00035,0.00005,-0.00041,0.52287,0.00083,0.22805,-0.00052,0.70683,0.00055,0.70739,1,3,0.99962,0.01044,0.00887,-0.02391,0.06049,0.08372,0.63060,0,1
1768333706.504114,0.02366,-0.00961,0.02762,-0.00220,-0.00151,-0.00026,0.52287,0.00083,0.22805,-0.00052,0.70683,0.00055,0.70739,1,3,0.99962,0.01044,0.00887,-0.02391,0.06049,0.08372,0.63060,0,1
1768333706.506119,0.00283,-0.03425,-0.00211,0.00099,0.00005,0.00041,0.52287,0.00083,0.22805,-0.00052,0.70683,0.00055,0.70739,1,3,0.99962,0.01044,0.00887,-0.02391,0.06049,0.08372,0.63060,0,1
1768333706.508114,-0.00525,-0.02371,-0.01770,0.00112,-0.00038,-0.00027,0.52287,0.00083,0.22805,-0.00052,0.70683,0.00055,0.70739,1,3,0.99962,0.01044,0.00887,-0.02391,0.06049,0.08372,0.63060,0,1
1768333706.510211,-0.00175,-0.00668,-0.04873,0.00176,0.00007,-0.00057,0.52287,0.00083,0.22805,-0.00052,0.70683,0.00055,0.70739,1,3,0.99962,0.01044,0.00887,-0.02391,0.06049,0.08372,0.63060,0,1
1768333706.512145,0.00066,-0.01603,0.00488,-0.00010,-0.00123,-0.00066,0.52287,0.00083,0.22805,-0.00052,0.70683,0.00055,0.70739,1,3,0.99962,0.01044,0.00887,-0.02391,0.06049,0.08372,0.63060,0,1
1768333706.514127,0.01647,-0.00761,0.00490,-0.00021,-0.00026,0.00067,0.52287,0.00083,0.22805,-0.00052,0.70683,0.00055,0.70739,1,3,0.99962,0.01044,0.00887,-0.02391,0.06049,0.08372,0.63060,0,1
1768333706.516101,0.01115,-0.01751,0.02811,-0.00295,-0.00095,0.00056,0.52287,0.00083,0.22805,-0.00052,0.70683,0.00055,0.70739,1,3,0.99962,0.01044,0.00887,-0.02391,0.06049,0.08372,0.63060,0,1
1768333706.518109,0.00996,0.00261,-0.03359,-0.00140,-0.00071,-0.00043,0.52287,0.00083,0.22805,-0.00052,0.70683,0.00055,0.70739,1,3,0.99962,0.01044,0.00887,-0.02391,0.06049,0.08372,0.63060,0,1
1768333706.520121,-0.00700,-0.00728,0.02773,-0.00174,-0.00037,0.00031,0.52287,0.00083,0.22805,-0.00052,0.70683,0.00055,0.70739,1,3,0.99962,0.01044,0.00887,-0.02391,0.06049,0.08372,0.63060,0,1
1768333706.522104,-0.02186,-0.02894,-0.00234,0.00062,0.00033,-0.00011,0.52287,0.00083,0.22805,-0.00052,0.70683,0.00055,0.70739,1,3,0.99964,0.01030,0.00846,-0.02334,0.06052,0.08374,0.63074,0,1
1768333706.524122,-0.00470,-0.00023,0.00473,-0.00034,0.00037,0.00068,0.52287,0.00083,0.22805,-0.00052,0.70683,0.00055,0.70739,1,3,0.99964,0.01030,0.00846,-0.02334,0.06052,0.08374,0.63074,0,1
1768333706.526138,0.00397,0.00027,-0.00296,-0.00012,-0.00038,0.00027,0.52287,0.00083,0.22805,-0.00052,0.70683,0.00055,0.70739,1,3,0.99964,0.01030,0.00846,-0.02334,0.06052,0.08374,0.63074,0,1
1768333706.528139,0.01298,-0.01522,-0.01025,-0.00074,0.00003,0.00026,0.52287,0.00083,0.22805,-0.00052,0.70683,0.00055,0.70739,1,3,0.99964,0.01030,0.00846,-0.02334,0.06052,0.08374,0.63074,0,1
1768333706.530135,-0.00181,-0.01679,-0.01803,0.00164,0.00033,-0.00028,0.52287,0.00083,0.22805,-0.00052,0.70683,0.00055,0.70739,1,3,0.99964,0.01030,0.00846,-0.02334,0.06052,0.08374,0.63074,0,1
1768333706.532209,0.00420,0.01038,-0.01123,0.00022,-0.00028,-0.00082,0.52287,0.00083,0.22805,-0.00052,0.70683,0.00055,0.70739,1,3,0.99964,0.01030,0.00846,-0.02334,0.06052,0.08374,0.63074,0,1
1768333706.534134,0.00796,0.01170,-0.00349,-0.00020,0.00070,0.00012,0.52287,0.00083,0.22805,-0.00052,0.70683,0.00055,0.70739,1,3,0.99964,0.01030,0.00846,-0.02334,0.06052,0.08374,0.63074,0,1
1768333706.536148,0.00447,-0.00469,-0.03311,-0.00061,-0.00063,0.00038,0.52287,0.00083,0.22805,-0.00052,0.70683,0.00055,0.70739,1,3,0.99964,0.01030,0.00846,-0.02334,0.06052,0.08374,0.63074,0,1
1768333706.538140,0.01265,-0.00047,0.01194,-0.00034,0.00040,-0.00014,0.52287,0.00083,0.22805,-0.00052,0.70683,0.00055,0.70739,1,3,0.99964,0.01030,0.00846,-0.02334,0.06052,0.08374,0.63074,0,1
1768333706.540136,-0.00847,0.00341,-0.02597,0.00014,-0.00062,-0.00041,0.52287,0.00083,0.22805,-0.00052,0.70683,0.00055,0.70739,1,3,0.99964,0.01030,0.00846,-0.02334,0.06052,0.08374,0.63074,0,1
1768333706.542203,-0.00023,0.00772,-0.00349,0.00019,0.00003,-0.00054,0.52287,0.00083,0.22805,-0.00052,0.70683,0.00055,0.70739,1,3,0.99964,0.01030,0.00846,-0.02334,0.06052,0.08374,0.63074,0,1
1768333706.544128,0.01723,-0.00240,0.01205,-0.00037,-0.00042,-0.00027,0.52287,0.00083,0.22805,-0.00052,0.70683,0.00055,0.70739,1,3,0.99964,0.01030,0.00846,-0.02334,0.06052,0.08374,0.63074,0,1
1768333706.546139,-0.01374,-0.02430,-0.00260,0.00089,0.00061,-0.00025,0.52287,0.00083,0.22805,-0.00052,0.70683,0.00055,0.70739,1,3,0.99964,0.01030,0.00846,-0.02334,0.06052,0.08374,0.63074,0,1
1768333706.548144,-0.01341,-0.01910,-0.00272,0.00074,0.00022,-0.00039,0.52287,0.00083,0.22805,-0.00052,0.70683,0.00055,0.70739,1,3,0.99964,0.01030,0.00846,-0.02334,0.06052,0.08374,0.63074,0,1
1768333706.550136,0.00008,0.00715,-0.00338,-0.00047,0.00042,-0.00014,0.52287,0.00083,0.22805,-0.00052,0.70683,0.00055,0.70739,1,3,0.99964,0.01030,0.00846,-0.02334,0.06052,0.08374,0.63074,0,1
1768333706.552155,0.00587,0.00275,-0.04888,0.00210,0.00036,-0.00005,0.52287,0.00083,0.22805,-0.00052,0.70683,0.00055,0.70739,1,3,0.99964,0.01030,0.00846,-0.02334,0.06052,0.08374,0.63074,0,1
1768333706.554156,0.00799,0.00751,-0.00337,0.00019,-0.00006,-0.00015,0.52287,0.00083,0.22805,-0.00052,0.70683,0.00055,0.70739,1,3,0.99964,0.01030,0.00846,-0.02334,0.06052,0.08374,0.63074,0,1
1768333706.556154,0.00845,-0.00174,-0.01082,0.00029,-0.00070,-0.00069,0.52287,0.00083,0.22805,-0.00052,0.70683,0.00055,0.70739,1,3,0.99964,0.01030,0.00846,-0.02334,0.06052,0.08374,0.63074,0,1
1768333706.558255,0.01080,0.00219,0.02734,-0.00250,-0.00059,0.00002,0.52287,0.00083,0.22805,-0.00052,0.70683,0.00055,0.70739,1,3,0.99964,0.01030,0.00846,-0.02334,0.06052,0.08374,0.63074,0,1
1768333706.560233,0.00235,-0.01757,0.02031,-0.00252,-0.00035,0.00016,0.52287,0.00083,0.22805,-0.00052,0.70683,0.00055,0.70739,1,3,0.99963,0.01028,0.00773,-0.02386,0.06052,0.08375,0.63074,0,1
1768333706.562159,0.00418,0.00460,-0.01100,-0.00028,0.00050,-0.00028,0.52287,0.00083,0.22805,-0.00052,0.70683,0.00055,0.70739,1,3,0.99963,0.01028,0.00773,-0.02386,0.06052,0.08375,0.63074,0,1
1768333706.564180,-0.00293,0.00428,0.02740,-0.00203,0.00034,0.00057,0.52287,0.00083,0.22805,-0.00052,0.70683,0.00055,0.70739,1,3,0.99963,0.01028,0.00773,-0.02386,0.06052,0.08375,0.63074,0,1
1768333706.566180,0.00713,0.00358,-0.00328,0.00145,-0.00081,-0.00041,0.52287,0.00083,0.22805,-0.00052,0.70683,0.00055,0.70739,1,3,0.99963,0.01028,0.00773,-0.02386,0.06052,0.08375,0.63074,0,1
1768333706.568179,-0.01103,-0.00936,0.05800,-0.00155,-0.00046,-0.00020,0.52287,0.00083,0.22805,-0.00052,0.70683,0.00055,0.70739,1,3,0.99963,0.01028,0.00773,-0.02386,0.06052,0.08375,0.63074,0,1
1768333706.570183,-0.01367,-0.00923,-0.00293,0.00086,0.00021,-0.00026,0.52287,0.00083,0.22805,-0.00052,0.70683,0.00055,0.70739,1,3,0.99963,0.01028,0.00773,-0.02386,0.06052,0.08375,0.63074,0,1
1768333706.572185,0.01727,0.01197,0.02680,-0.00063,0.00008,-0.00027,0.52287,0.00083,0.22805,-0.00052,0.70683,0.00055,0.70739,1,3,0.99963,0.01028,0.00773,-0.02386,0.06052,0.08375,0.63074,0,1
1768333706.574141,0.01617,-0.00333,0.00441,0.00006,0.00087,0.00012,0.52287,0.00083,0.22805,-0.00052,0.70683,0.00055,0.70739,1,3,0.99963,0.01028,0.00773,-0.02386,0.06052,0.08375,0.63074,0,1
1768333706.576424,0.00370,-0.01461,-0.02558,0.00036,0.00001,-0.00015,0.52287,0.00083,0.22805,-0.00052,0.70683,0.00055,0.70739,1,3,0.99963,0.01028,0.00773,-0.02386,0.06052,0.08375,0.63074,0,1
1768333706.578164,0.01273,0.01044,-0.01882,0.00022,-0.00063,-0.00084,0.52287,0.00083,0.22805,-0.00052,0.70683,0.00055,0.70739,1,3,0.99963,0.01028,0.00773,-0.02386,0.06052,0.08375,0.63074,0,1
1768333706.580168,-0.00249,0.01041,0.02743,-0.00196,-0.00120,0.00043,0.52287,0.00083,0.22805,-0.00052,0.70683,0.00055,0.70739,1,3,0.99963,0.01028,0.00773,-0.02386,0.06052,0.08375,0.63074,0,1
1768333706.582144,0.00497,0.00966,0.01946,-0.00110,-0.00002,0.00001,0.52287,0.00083,0.22805,-0.00052,0.70683,0.00055,0.70739,1,3,0.99963,0.01028,0.00773,-0.02386,0.06052,0.08375,0.63074,0,1
1768333706.584162,0.02147,0.01026,0.00431,-0.00043,-0.00111,-0.00002,0.52287,0.00083,0.22805,-0.00052,0.70683,0.00055,0.70739,1,3,0.99963,0.01028,0.00773,-0.02386,0.06052,0.08375,0.63074,0,1
1768333706.586187,-0.00467,-0.02421,0.01282,0.00024,-0.00013,0.00016,0.52287,0.00083,0.22805,-0.00052,0.70683,0.00055,0.70739,1,3,0.99963,0.01028,0.00773,-0.02386,0.06052,0.08375,0.63074,0,1
1768333706.588165,0.01443,0.01016,0.02737,-0.00196,-0.00140,0.00042,0.52287,0.00083,0.22805,-0.00052,0.70683,0.00055,0.70739,1,3,0.99963,0.01028,0.00773,-0.02386,0.06052,0.08375,0.63074,0,1
1768333706.590166,-0.00496,0.00474,0.01972,-0.00006,0.00049,0.00056,0.52287,0.00083,0.22805,-0.00052,0.70683,0.00055,0.70739,1,3,0.99963,0.01028,0.00773,-0.02386,0.06052,0.08375,0.63074,0,1
1768333706.592170,0.00679,-0.01501,0.02811,-0.00292,-0.00090,0.00070,0.52287,0.00083,0.22805,-0.00052,0.70683,0.00055,0.70739,1,3,0.99963,0.01028,0.00773,-0.02386,0.06052,0.08375,0.63074,0,1
1768333706.594162,0.01206,-0.01443,-0.01779,0.00036,-0.00059,0.00025,0.52287,0.00083,0.22805,-0.00052,0.70683,0.00055,0.70739,1,3,0.99961,0.01034,0.00857,-0.02456,0.06050,0.08372,0.63054,0,1
1768333706.596183,0.01014,-0.02921,-0.03275,0.00215,0.00008,0.00024,0.52287,0.00083,0.22805,-0.00052,0.70683,0.00055,0.70739,1,3,0.99961,0.01034,0.00857,-0.02456,0.06050,0.08372,0.63054,0,1
1768333706.598210,0.01547,-0.01112,-0.03328,0.00171,-0.00115,-0.00044,0.52287,0.00083,0.22805,-0.00052,0.70683,0.00055,0.70739,1,3,0.99961,0.01034,0.00857,-0.02456,0.06050,0.08372,0.63054,0,1
1768333706.600183,0.00419,0.00957,0.01938,-0.00044,0.00037,0.00001,0.52287,0.00083,0.22805,-0.00052,0.70683,0.00055,0.70739,1,3,0.99961,0.01034,0.00857,-0.02456,0.06050,0.08372,0.63054,0,1
1768333706.602202,-0.00592,-0.01423,-0.04097,0.00167,0.00038,-0.00056,0.52287,0.00083,0.22805,-0.00052,0.70683,0.00055,0.70739,1,3,0.99961,0.01034,0.00857,-0.02456,0.06050,0.08372,0.63054,0,1
1768333706.604172,0.01104,-0.03194,0.05873,-0.00247,-0.00108,0.00019,0.52287,0.00083,0.22805,-0.00052,0.70683,0.00055,0.70739,1,3,0.99961,0.01034,0.00857,-0.02456,0.06050,0.08372,0.63054,0,1
1768333706.606185,0.00471,-0.01886,0.02035,-0.00035,-0.00114,0.00002,0.52287,0.00083,0.22805,-0.00052,0.70683,0.00055,0.70739,1,3,0.99961,0.01034,0.00857,-0.02456,0.06050,0.08372,0.63054,0,1
1768333706.608324,-0.00221,-0.01230,-0.02573,0.00170,0.00085,-0.00002,0.52287,0.00083,0.22805,-0.00052,0.70683,0.00055,0.70739,1,3,0.99961,0.01034,0.00857,-0.02456,0.06050,0.08372,0.63054,0,1
1768333706.610210,-0.00011,0.00729,-0.01856,-0.00025,0.00030,-0.00015,0.52287,0.00083,0.22805,-0.00052,0.70683,0.00055,0.70739,1,3,0.99961,0.01034,0.00857,-0.02456,0.06050,0.08372,0.63054,0,1
1768333706.612215,-0.00162,-0.02693,-0.02528,0.00130,0.00047,-0.00001,0.52287,0.00083,0.22805,-0.00052,0.70683,0.00055,0.70739,1,3,0.99961,0.01034,0.00857,-0.02456,0.06050,0.08372,0.63054,0,1
1768333706.614183,0.00441,-0.01965,0.00502,-0.00036,-0.00012,0.00001,0.52287,0.00083,0.22805,-0.00052,0.70683,0.00055,0.70739,1,3,0.99961,0.01034,0.00857,-0.02456,0.06050,0.08372,0.63054,0,1
1768333706.616199,0.01136,-0.01423,0.01238,0.00124,-0.00034,-0.00013,0.52287,0.00083,0.22805,-0.00052,0.70683,0.00055,0.70739,1,3,0.99961,0.01034,0.00857,-0.02456,0.06050,0.08372,0.63054,0,1
1768333706.618196,0.00375,-0.01021,-0.01047,-0.00003,0.00052,0.00013,0.52287,0.00083,0.22805,-0.00052,0.70683,0.00055,0.70739,1,3,0.99961,0.01034,0.00857,-0.02456,0.06050,0.08372,0.63054,0,1
1768333706.620193,-0.00553,0.00532,0.00422,0.00103,0.00036,-0.00026,0.52287,0.00083,0.22805,-0.00052,0.70683,0.00055,0.70739,1,3,0.99961,0.01034,0.00857,-0.02456,0.06050,0.08372,0.63054,0,1
1768333706.622193,0.02063,-0.00491,0.00457,0.00026,-0.00033,-0.00001,0.52287,0.00083,0.22805,-0.00052,0.70683,0.00055,0.70739,1,3,0.99961,0.01034,0.00857,-0.02456,0.06050,0.08372,0.63054,0,1
1768333706.624192,0.00790,-0.02122,-0.03287,0.00071,-0.00105,-0.00016,0.52287,0.00083,0.22805,-0.00052,0.70683,0.00055,0.70739,1,3,0.99961,0.01034,0.00857,-0.02456,0.06050,0.08372,0.63054,0,1
1768333706.626185,0.00860,-0.00212,0.05024,-0.00036,-0.00056,0.00017,0.52287,0.00083,0.22805,-0.00052,0.70683,0.00055,0.70739,1,3,0.99961,0.01034,0.00857,-0.02456,0.06050,0.08372,0.63054,0,1
1768333706.628212,0.00379,0.00048,0.02744,0.00010,-0.00050,0.00029,0.52287,0.00083,0.22805,-0.00052,0.70683,0.00055,0.70739,1,3,0.99964,0.01030,0.00727,-0.02386,0.06050,0.08374,0.63069,0,1
1768333706.630198,-0.00172,-0.01663,0.00496,0.00143,-0.00004,0.00014,0.52287,0.00083,0.22805,-0.00052,0.70683,0.00055,0.70739,1,3,0.99964,0.01030,0.00727,-0.02386,0.06050,0.08374,0.63069,0,1
1768333706.632206,0.00364,-0.00493,-0.00284,0.00004,0.00001,0.00040,0.52287,0.00083,0.22805,-0.00052,0.70683,0.00055,0.70739,1,3,0.99964,0.01030,0.00727,-0.02386,0.06050,0.08374,0.63069,0,1
1768333706.634205,-0.00004,-0.00241,-0.01074,-0.00015,0.00017,-0.00028,0.52287,0.00083,0.22805,-0.00052,0.70683,0.00055,0.70739,1,3,0.99964,0.01030,0.00727,-0.02386,0.06050,0.08374,0.63069,0,1
1768333706.636245,0.00401,0.00974,0.02699,-0.00022,0.00024,0.00002,0.52287,0.00083,0.22805,-0.00052,0.70683,0.00055,0.70739,1,3,0.99964,0.01030,0.00727,-0.02386,0.06050,0.08374,0.63069,0,1
1768333706.638209,0.00684,-0.01709,-0.02566,0.00142,0.00036,-0.00029,0.52287,0.00083,0.22805,-0.00052,0.70683,0.00055,0.70739,1,3,0.99964,0.01030,0.00727,-0.02386,0.06050,0.08374,0.63069,0,1
1768333706.640213,0.00851,-0.01228,0.00481,-0.00027,-0.00017,0.00000,0.52287,0.00083,0.22805,-0.00052,0.70683,0.00055,0.70739,1,3,0.99964,0.01030,0.00727,-0.02386,0.06050,0.08374,0.63069,0,1
1768333706.642256,0.01242,-0.00968,0.00462,0.00020,-0.00023,-0.00027,0.52287,0.00083,0.22805,-0.00052,0.70683,0.00055,0.70739,1,3,0.99964,0.01030,0.00727,-0.02386,0.06050,0.08374,0.63069,0,1
1768333706.644223,0.00326,-0.00947,-0.00298,0.00086,0.00001,-0.00027,0.52287,0.00083,0.22805,-0.00052,0.70683,0.00055,0.70739,1,3,0.99964,0.01030,0.00727,-0.02386,0.06050,0.08374,0.63069,0,1
1768333706.646219,0.00905,0.00717,0.00407,-0.00069,0.00018,-0.00054,0.52287,0.00083,0.22805,-0.00052,0.70683,0.00055,0.70739,1,3,0.99964,0.01030,0.00727,-0.02386,0.06050,0.08374,0.63069,0,1
1768333706.648237,0.01727,-0.00301,0.00454,-0.00081,0.00010,0.00012,0.52287,0.00083,0.22805,-0.00052,0.70683,0.00055,0.70739,1,3,0.99964,0.01030,0.00727,-0.02386,0.06050,0.08374,0.63069,0,1
1768333706.650212,0.01635,0.00271,0.00459,0.00013,-0.00065,0.00039,0.52287,0.00083,0.22805,-0.00052,0.70683,0.00055,0.70739,1,3,0.99964,0.01030,0.00727,-0.02386,0.06050,0.08374,0.63069,0,1
1768333706.652204,0.00364,-0.00493,-0.00284,0.00004,0.00001,0.00040,0.52287,0.00083,0.22805,-0.00052,0.70683,0.00055,0.70739,1,3,0.99964,0.01030,0.00727,-0.02386,0.06050,0.08374,0.63069,0,1
1768333706.654205,0.00749,0.00822,-0.01867,0.00107,-0.00057,-0.00056,0.52287,0.00083,0.22805,-0.00052,0.70683,0.00055,0.70739,1,3,0.99964,0.01030,0.00727,-0.02386,0.06050,0.08374,0.63069,0,1
1768333706.656217,0.01193,-0.00123,0.01213,-0.00035,0.00118,0.00067,0.52287,0.00083,0.22805,-0.00052,0.70683,0.00055,0.70739,1,3,0.99964,0.01030,0.00727,-0.02386,0.06050,0.08374,0.63069,0,1
1768333706.658201,0.01639,0.00218,0.01211,-0.00009,-0.00002,0.00040,0.52287,0.00083,0.22805,-0.00052,0.70683,0.00055,0.70739,1,3,0.99964,0.01030,0.00727,-0.02386,0.06050,0.08374,0.63069,0,1
1768333706.660231,0.00350,0.01948,0.00414,-0.00010,0.00025,0.00053,0.52287,0.00083,0.22805,-0.00052,0.70683,0.00055,0.70739,1,3,0.99963,0.01027,0.00836,-0.02372,0.06050,0.08373,0.63069,0,1
1768333706.662237,-0.00551,0.01102,-0.01103,0.00132,-0.00054,-0.00041,0.52287,0.00083,0.22805,-0.00052,0.70683,0.00055,0.70739,1,3,0.99963,0.01027,0.00836,-0.02372,0.06050,0.08373,0.63069,0,1
1768333706.664240,0.00294,-0.00403,-0.04108,0.00136,-0.00050,-0.00044,0.52287,0.00083,0.22805,-0.00052,0.70683,0.00055,0.70739,1,3,0.99963,0.01027,0.00836,-0.02372,0.06050,0.08373,0.63069,0,1
