image_width: 1920
image_height: 1080
camera_name: head_camera
camera_matrix:
  rows: 3
  cols: 3
  data: [1423.811589395357, 0, 931.7536874026753, 0, 1426.390342540481, 567.0265139056772, 0, 0, 1]
distortion_model: plumb_bob
distortion_coefficients:
  rows: 1
  cols: 5
  data: [0.1626461826286564, -0.3038710331930554, 0.0005728506522286501, -0.00273243739112227, 0]
rectification_matrix:
  rows: 3
  cols: 3
  data: [1, 0, 0, 0, 1, 0, 0, 0, 1]
projection_matrix:
  rows: 3
  cols: 4
  data: [1439.003051757812, 0, 922.580779409298, 0, 0, 1457.825805664062, 566.7615222960885, 0, 0, 0, 1, 0]
binning_x: 0
binning_y: 0
roi:
  x_offset: 0
  y_offset: 0
  height: 0
  width: 0
  do_rectify: false